date,bidopen,bidclose,bidhigh,bidlow,askopen,askclose,askhigh,asklow,tickqty
2017-01-03 00:00:00,1.05163,1.0465,1.05163,1.0456,1.05306,1.04674,1.05306,1.04584,6835
2017-01-03 01:00:00,1.0465,1.04745,1.04796,1.04632,1.04674,1.04771,1.04823,1.04658,9683
2017-01-03 02:00:00,1.04745,1.04707,1.04768,1.04695,1.04771,1.04733,1.04795,1.0472,8205
2017-01-03 03:00:00,1.04707,1.04835,1.04836,1.047,1.04733,1.04862,1.04862,1.04725,7245
2017-01-03 04:00:00,1.04835,1.04871,1.04887,1.04805,1.04862,1.04897,1.04913,1.04831,4920
2017-01-03 05:00:00,1.04871,1.04809,1.04889,1.04801,1.04897,1.04836,1.04915,1.04828,5429
2017-01-03 06:00:00,1.04809,1.04867,1.04879,1.04797,1.04836,1.04894,1.04905,1.04825,6260
2017-01-03 07:00:00,1.04867,1.04591,1.04875,1.04523,1.04894,1.04615,1.04901,1.04548,18527
2017-01-03 08:00:00,1.04591,1.0434,1.04649,1.04193,1.04615,1.04366,1.04671,1.04218,27209
2017-01-03 09:00:00,1.0434,1.04007,1.0435,1.0399,1.04366,1.04031,1.04378,1.04014,25079
2017-01-03 10:00:00,1.04007,1.03953,1.04153,1.03947,1.04031,1.03977,1.04178,1.03972,18017
2017-01-03 11:00:00,1.03953,1.0393,1.03985,1.038,1.03977,1.03955,1.04009,1.03826,20625
2017-01-03 12:00:00,1.0393,1.03878,1.03932,1.03739,1.03955,1.03902,1.03957,1.03762,20467
2017-01-03 13:00:00,1.03878,1.03903,1.03907,1.03806,1.03902,1.03927,1.03931,1.03831,16548
2017-01-03 14:00:00,1.03903,1.03873,1.04068,1.03835,1.03927,1.03915,1.04092,1.03858,18350
2017-01-03 15:00:00,1.03873,1.03831,1.03889,1.03391,1.03915,1.03857,1.0392,1.03417,47314
2017-01-03 16:00:00,1.03831,1.0414,1.04324,1.03773,1.03857,1.04166,1.04349,1.03799,42403
2017-01-03 17:00:00,1.0414,1.04259,1.04273,1.04089,1.04166,1.04284,1.04297,1.04113,13321
2017-01-03 18:00:00,1.04259,1.04139,1.04304,1.04122,1.04284,1.04164,1.0433,1.04146,12385
2017-01-03 19:00:00,1.04139,1.04096,1.04139,1.04042,1.04164,1.04118,1.04164,1.04066,9004
2017-01-03 20:00:00,1.04096,1.04009,1.04161,1.04008,1.04118,1.04033,1.04185,1.04031,10169
2017-01-03 21:00:00,1.04009,1.04037,1.0406,1.04004,1.04033,1.04076,1.04084,1.04029,4625
2017-01-03 22:00:00,1.04037,1.04078,1.04112,1.04024,1.04076,1.04111,1.04147,1.04051,1874
2017-01-03 23:00:00,1.04078,1.04163,1.04227,1.04071,1.04111,1.0419,1.04256,1.04108,12330
2017-01-04 00:00:00,1.04163,1.03932,1.04166,1.0391,1.0419,1.0396,1.04194,1.03931,13884
2017-01-04 01:00:00,1.03932,1.03921,1.0401,1.03886,1.0396,1.03947,1.04036,1.03908,14206
2017-01-04 02:00:00,1.03921,1.04044,1.04052,1.0392,1.03947,1.04069,1.04078,1.03946,10888
2017-01-04 03:00:00,1.04044,1.04041,1.04069,1.03964,1.04069,1.04066,1.04094,1.0399,7998
2017-01-04 04:00:00,1.04041,1.04014,1.04083,1.04013,1.04066,1.0404,1.04108,1.04039,6706
2017-01-04 05:00:00,1.04014,1.04055,1.04079,1.04004,1.0404,1.0408,1.04106,1.0403,5451
2017-01-04 06:00:00,1.04055,1.0405,1.04134,1.0398,1.0408,1.04076,1.0416,1.04007,8470
2017-01-04 07:00:00,1.0405,1.0416,1.04202,1.04044,1.04076,1.04185,1.04228,1.04069,15002
2017-01-04 08:00:00,1.0416,1.04324,1.04389,1.04142,1.04185,1.0435,1.04416,1.04167,24357
2017-01-04 09:00:00,1.04324,1.04369,1.04444,1.04271,1.0435,1.04397,1.0447,1.04296,20857
2017-01-04 10:00:00,1.04369,1.04314,1.04427,1.04259,1.04397,1.04339,1.04453,1.04281,19186
2017-01-04 11:00:00,1.04314,1.04301,1.04441,1.04263,1.04339,1.04327,1.04466,1.04287,17855
2017-01-04 12:00:00,1.04301,1.04326,1.04403,1.04222,1.04327,1.04351,1.04427,1.04247,19207
2017-01-04 13:00:00,1.04326,1.0438,1.04452,1.04266,1.04351,1.04404,1.04479,1.04292,19038
2017-01-04 14:00:00,1.0438,1.04609,1.04626,1.04354,1.04404,1.04634,1.04653,1.04379,27619
2017-01-04 15:00:00,1.04609,1.04748,1.048,1.04522,1.04634,1.04772,1.04821,1.04549,28848
2017-01-04 16:00:00,1.04748,1.04741,1.04903,1.04701,1.04772,1.04766,1.04929,1.04726,21875
2017-01-04 17:00:00,1.04741,1.04705,1.04826,1.04681,1.04766,1.0473,1.04852,1.04705,11487
2017-01-04 18:00:00,1.04705,1.04765,1.04813,1.04662,1.0473,1.04798,1.04839,1.04687,8506
2017-01-04 19:00:00,1.04765,1.0465,1.04988,1.04506,1.04798,1.04677,1.05015,1.04531,38474
2017-01-04 20:00:00,1.0465,1.04849,1.04857,1.04625,1.04677,1.04876,1.04883,1.04649,13835
2017-01-04 21:00:00,1.04849,1.04853,1.04941,1.04794,1.04876,1.04933,1.04966,1.04819,7759
2017-01-04 22:00:00,1.04853,1.04852,1.04894,1.04813,1.04933,1.04894,1.04943,1.04852,3193
2017-01-04 23:00:00,1.04852,1.04958,1.05003,1.04796,1.04894,1.04985,1.05028,1.04822,6832
2017-01-05 00:00:00,1.04958,1.05393,1.05393,1.04948,1.04985,1.05421,1.05421,1.04977,33719
2017-01-05 01:00:00,1.05393,1.05181,1.05397,1.05088,1.05421,1.05206,1.05425,1.05114,22199
2017-01-05 02:00:00,1.05181,1.05134,1.05275,1.05099,1.05206,1.0516,1.05302,1.05124,15260
2017-01-05 03:00:00,1.05134,1.05192,1.05262,1.05126,1.0516,1.05217,1.05286,1.05152,11456
2017-01-05 04:00:00,1.05192,1.05251,1.05276,1.05163,1.05217,1.05277,1.05302,1.05189,7802
2017-01-05 05:00:00,1.05251,1.05402,1.05624,1.05225,1.05277,1.05427,1.0565,1.05251,22067
2017-01-05 06:00:00,1.05402,1.05652,1.05738,1.05394,1.05427,1.05681,1.05765,1.05419,21273
2017-01-05 07:00:00,1.05652,1.05585,1.05675,1.05419,1.05681,1.0561,1.05701,1.05445,29241
2017-01-05 08:00:00,1.05585,1.05141,1.05689,1.05035,1.0561,1.05167,1.05716,1.05059,40637
2017-01-05 09:00:00,1.05141,1.05035,1.05227,1.05004,1.05167,1.05062,1.05249,1.05029,26209
2017-01-05 10:00:00,1.05035,1.04874,1.05124,1.04863,1.05062,1.049,1.05149,1.04889,19632
2017-01-05 11:00:00,1.04874,1.04924,1.05,1.04813,1.049,1.04949,1.05025,1.04837,18521
2017-01-05 12:00:00,1.04924,1.05001,1.05171,1.04907,1.04949,1.05025,1.05196,1.04931,20696
2017-01-05 13:00:00,1.05001,1.05294,1.05414,1.04923,1.05025,1.05318,1.05439,1.04947,44677
2017-01-05 14:00:00,1.05294,1.05435,1.055,1.05268,1.05318,1.05466,1.05524,1.05291,30634
2017-01-05 15:00:00,1.05435,1.06013,1.06079,1.05348,1.05466,1.06037,1.06104,1.05376,57537
2017-01-05 16:00:00,1.06013,1.05976,1.06141,1.05846,1.06037,1.06,1.06166,1.05868,44222
2017-01-05 17:00:00,1.05976,1.0597,1.06001,1.05905,1.06,1.05994,1.06025,1.05931,16858
2017-01-05 18:00:00,1.0597,1.0599,1.06063,1.05895,1.05994,1.06014,1.06086,1.05921,14607
2017-01-05 19:00:00,1.0599,1.05906,1.05999,1.05857,1.06014,1.05932,1.06024,1.05882,12437
2017-01-05 20:00:00,1.05906,1.05978,1.05983,1.05872,1.05932,1.06004,1.06007,1.05898,9553
2017-01-05 21:00:00,1.05978,1.06039,1.06086,1.05977,1.06004,1.06096,1.06112,1.06002,5721
2017-01-05 22:00:00,1.06039,1.06,1.06067,1.05965,1.06096,1.06042,1.06108,1.06009,2258
2017-01-05 23:00:00,1.06,1.06028,1.06119,1.06,1.06042,1.06055,1.06146,1.06039,9491
2017-01-06 00:00:00,1.06028,1.05892,1.06059,1.05842,1.06055,1.05917,1.06087,1.05866,17502
2017-01-06 01:00:00,1.05892,1.05831,1.05906,1.05744,1.05917,1.05858,1.05932,1.05771,19555
2017-01-06 02:00:00,1.05831,1.05862,1.05923,1.05782,1.05858,1.05887,1.05948,1.05808,12701
2017-01-06 03:00:00,1.05862,1.05874,1.0591,1.0579,1.05887,1.059,1.05936,1.05816,9277
2017-01-06 04:00:00,1.05874,1.05793,1.05901,1.05769,1.059,1.05817,1.05928,1.05795,8642
2017-01-06 05:00:00,1.05793,1.05813,1.0582,1.05754,1.05817,1.05838,1.05845,1.05781,7637
2017-01-06 06:00:00,1.05813,1.05778,1.05869,1.05737,1.05838,1.05806,1.05895,1.05762,9205
2017-01-06 07:00:00,1.05778,1.0583,1.05896,1.0573,1.05806,1.05854,1.05921,1.05758,16919
2017-01-06 08:00:00,1.0583,1.05924,1.05967,1.05798,1.05854,1.05949,1.05993,1.05822,16484
2017-01-06 09:00:00,1.05924,1.05994,1.06075,1.05855,1.05949,1.06022,1.06101,1.0588,17854
2017-01-06 10:00:00,1.05994,1.06048,1.06064,1.05884,1.06022,1.06074,1.0609,1.05904,15275
2017-01-06 11:00:00,1.06048,1.0585,1.06051,1.05823,1.06074,1.05876,1.06076,1.05848,11933
2017-01-06 12:00:00,1.0585,1.05787,1.05856,1.05695,1.05876,1.05811,1.05881,1.0572,14357
2017-01-06 13:00:00,1.05787,1.05428,1.06209,1.05381,1.05811,1.05454,1.06252,1.05406,61830
2017-01-06 14:00:00,1.05428,1.05568,1.05681,1.05343,1.05454,1.05602,1.05706,1.05367,34280
2017-01-06 15:00:00,1.05568,1.05716,1.05817,1.05477,1.05602,1.05741,1.05845,1.05503,26750
2017-01-06 16:00:00,1.05716,1.05574,1.05814,1.05498,1.05741,1.05599,1.0584,1.05524,19480
2017-01-06 17:00:00,1.05574,1.05486,1.05608,1.05346,1.05599,1.0551,1.05632,1.05371,11784
2017-01-06 18:00:00,1.05486,1.05247,1.05509,1.0524,1.0551,1.05273,1.05532,1.05266,8939
2017-01-06 19:00:00,1.05247,1.05299,1.05332,1.05239,1.05273,1.05324,1.05357,1.05262,7237
2017-01-06 20:00:00,1.05299,1.05331,1.05347,1.05265,1.05324,1.05357,1.0537,1.05291,6583
2017-01-06 21:00:00,1.05331,1.05308,1.05342,1.05278,1.05357,1.05383,1.05384,1.05311,3440
2017-01-08 20:00:00,1.05308,1.05273,1.05288,1.05263,1.05383,1.05316,1.0538,1.05312,52
2017-01-08 21:00:00,1.05273,1.0528,1.05308,1.05256,1.05316,1.0533,1.0535,1.05311,107
2017-01-08 22:00:00,1.0528,1.0531,1.05326,1.05259,1.0533,1.05342,1.05365,1.05311,1217
2017-01-08 23:00:00,1.0531,1.05283,1.05348,1.05247,1.05342,1.05311,1.05377,1.05275,4538
2017-01-09 00:00:00,1.05283,1.05338,1.05346,1.05208,1.05311,1.05363,1.05372,1.05234,7228
2017-01-09 01:00:00,1.05338,1.05408,1.05433,1.05331,1.05363,1.05434,1.05459,1.05358,7657
2017-01-09 02:00:00,1.05408,1.05313,1.05414,1.05313,1.05434,1.0534,1.05438,1.0534,5484
2017-01-09 03:00:00,1.05313,1.05285,1.05336,1.05249,1.0534,1.05311,1.05362,1.05277,4982
2017-01-09 04:00:00,1.05285,1.05251,1.05288,1.05225,1.05311,1.05278,1.05314,1.0525,6941
2017-01-09 05:00:00,1.05251,1.05226,1.05309,1.05153,1.05278,1.05252,1.05335,1.05181,7717
2017-01-09 06:00:00,1.05226,1.05315,1.05354,1.05179,1.05252,1.05343,1.0538,1.05205,6604
2017-01-09 07:00:00,1.05315,1.05359,1.05399,1.0528,1.05343,1.05386,1.05426,1.05307,13692
2017-01-09 08:00:00,1.05359,1.05467,1.05549,1.05331,1.05386,1.05494,1.05575,1.05358,19443
2017-01-09 09:00:00,1.05467,1.0523,1.0551,1.05222,1.05494,1.05256,1.05535,1.0525,23397
2017-01-09 10:00:00,1.0523,1.0517,1.05243,1.05095,1.05256,1.05196,1.05269,1.05121,17468
2017-01-09 11:00:00,1.0517,1.05232,1.05316,1.05112,1.05196,1.05259,1.05341,1.05139,21509
2017-01-09 12:00:00,1.05232,1.05208,1.05304,1.05188,1.05259,1.05232,1.05327,1.05214,14719
2017-01-09 13:00:00,1.05208,1.05333,1.05407,1.05114,1.05232,1.05359,1.05432,1.05138,22409
2017-01-09 14:00:00,1.05333,1.05296,1.05476,1.05233,1.05359,1.0532,1.05501,1.05257,25355
2017-01-09 15:00:00,1.05296,1.05538,1.05626,1.05272,1.0532,1.05564,1.05653,1.05298,21983
2017-01-09 16:00:00,1.05538,1.05742,1.05821,1.0553,1.05564,1.05768,1.05847,1.05557,22062
2017-01-09 17:00:00,1.05742,1.05695,1.05774,1.05601,1.05768,1.05719,1.058,1.05625,12154
2017-01-09 18:00:00,1.05695,1.0563,1.05764,1.05623,1.05719,1.05653,1.05789,1.05648,8117
2017-01-09 19:00:00,1.0563,1.05766,1.05772,1.05611,1.05653,1.05791,1.05793,1.05634,7446
2017-01-09 20:00:00,1.05766,1.05677,1.05773,1.05565,1.05791,1.057,1.05793,1.0559,9403
2017-01-09 21:00:00,1.05677,1.05705,1.05736,1.05658,1.057,1.05778,1.05778,1.05682,3251
2017-01-09 22:00:00,1.05705,1.05826,1.05881,1.05694,1.05778,1.0586,1.0591,1.05757,2844
2017-01-09 23:00:00,1.05826,1.05847,1.05883,1.05813,1.0586,1.05873,1.05906,1.05839,4870
2017-01-10 00:00:00,1.05847,1.05888,1.05984,1.0583,1.05873,1.05913,1.06008,1.05856,9843
2017-01-10 01:00:00,1.05888,1.05778,1.05938,1.05746,1.05913,1.05805,1.05963,1.05771,11424
2017-01-10 02:00:00,1.05778,1.06055,1.06106,1.05748,1.05805,1.06083,1.06132,1.05773,19930
2017-01-10 03:00:00,1.06055,1.06146,1.06261,1.06033,1.06083,1.06172,1.06287,1.06059,21013
2017-01-10 04:00:00,1.06146,1.06072,1.06181,1.0606,1.06172,1.06098,1.06206,1.06087,12505
2017-01-10 05:00:00,1.06072,1.06083,1.0613,1.06016,1.06098,1.06109,1.06155,1.06042,12457
2017-01-10 06:00:00,1.06083,1.05941,1.0615,1.05924,1.06109,1.05966,1.06171,1.0595,12003
2017-01-10 07:00:00,1.05941,1.05969,1.06023,1.05881,1.05966,1.05995,1.0605,1.05906,18010
2017-01-10 08:00:00,1.05969,1.06026,1.06193,1.05859,1.05995,1.06052,1.06216,1.05883,28336
2017-01-10 09:00:00,1.06026,1.05953,1.06056,1.05889,1.06052,1.05978,1.06081,1.05913,19410
2017-01-10 10:00:00,1.05953,1.059,1.05992,1.05789,1.05978,1.05924,1.06015,1.05813,16318
2017-01-10 11:00:00,1.059,1.05772,1.05903,1.0576,1.05924,1.05794,1.05926,1.05784,12151
2017-01-10 12:00:00,1.05772,1.05677,1.0584,1.0561,1.05794,1.05701,1.05863,1.05635,19140
2017-01-10 13:00:00,1.05677,1.05736,1.05757,1.05574,1.05701,1.0576,1.05782,1.05599,18600
2017-01-10 14:00:00,1.05736,1.05944,1.06039,1.05682,1.0576,1.05968,1.06063,1.05704,24806
2017-01-10 15:00:00,1.05944,1.05922,1.06013,1.057,1.05968,1.05948,1.06036,1.05724,24666
2017-01-10 16:00:00,1.05922,1.05707,1.05969,1.05667,1.05948,1.05731,1.05993,1.0569,22736
2017-01-10 17:00:00,1.05707,1.05599,1.05741,1.05496,1.05731,1.05626,1.05766,1.0552,13741
2017-01-10 18:00:00,1.05599,1.05574,1.05635,1.05549,1.05626,1.05599,1.05659,1.05573,8620
2017-01-10 19:00:00,1.05574,1.0557,1.05622,1.05542,1.05599,1.05594,1.05646,1.05565,7735
2017-01-10 20:00:00,1.0557,1.05607,1.05612,1.05549,1.05594,1.0563,1.05637,1.05573,4778
2017-01-10 21:00:00,1.05607,1.05524,1.05607,1.05522,1.0563,1.05558,1.0563,1.05552,3286
2017-01-10 22:00:00,1.05524,1.05551,1.05597,1.05524,1.05558,1.05583,1.05638,1.05553,1838
2017-01-10 23:00:00,1.05551,1.05511,1.05554,1.055,1.05583,1.05538,1.05585,1.05523,3370
2017-01-11 00:00:00,1.05511,1.05566,1.0562,1.05501,1.05538,1.0559,1.05644,1.05527,7428
2017-01-11 01:00:00,1.05566,1.0557,1.05648,1.05484,1.0559,1.05596,1.05674,1.0551,11923
2017-01-11 02:00:00,1.0557,1.05449,1.05596,1.05415,1.05596,1.05474,1.05622,1.0544,11326
2017-01-11 03:00:00,1.05449,1.05442,1.05488,1.0535,1.05474,1.05468,1.05515,1.05374,10811
2017-01-11 04:00:00,1.05442,1.05493,1.05496,1.05394,1.05468,1.05519,1.05521,1.0542,9158
2017-01-11 05:00:00,1.05493,1.05485,1.05516,1.05445,1.05519,1.0551,1.0554,1.05472,7462
2017-01-11 06:00:00,1.05485,1.05614,1.05656,1.05484,1.0551,1.05642,1.05683,1.0551,9035
2017-01-11 07:00:00,1.05614,1.05572,1.0562,1.05519,1.05642,1.05596,1.05646,1.05543,13745
2017-01-11 08:00:00,1.05572,1.05567,1.05585,1.05449,1.05596,1.05592,1.05611,1.05475,16376
2017-01-11 09:00:00,1.05567,1.0534,1.05576,1.0529,1.05592,1.05366,1.05601,1.05314,14959
2017-01-11 10:00:00,1.0534,1.05213,1.05349,1.05146,1.05366,1.05235,1.05374,1.05169,14002
2017-01-11 11:00:00,1.05213,1.05179,1.05238,1.05121,1.05235,1.05204,1.05264,1.05146,12313
2017-01-11 12:00:00,1.05179,1.05004,1.05197,1.04987,1.05204,1.0503,1.05221,1.05012,17941
2017-01-11 13:00:00,1.05004,1.05122,1.05145,1.04926,1.0503,1.05145,1.05169,1.04952,20965
2017-01-11 14:00:00,1.05122,1.04798,1.05145,1.04767,1.05145,1.04819,1.0517,1.04791,26016
2017-01-11 15:00:00,1.04798,1.04729,1.0481,1.04528,1.04819,1.04753,1.04835,1.04552,33643
2017-01-11 16:00:00,1.04729,1.04982,1.054,1.0457,1.04753,1.05007,1.05424,1.04593,76810
2017-01-11 17:00:00,1.04982,1.05573,1.05717,1.04716,1.05007,1.05596,1.05744,1.04741,73598
2017-01-11 18:00:00,1.05573,1.06023,1.06218,1.05535,1.05596,1.0605,1.06246,1.05558,82129
2017-01-11 19:00:00,1.06023,1.05753,1.06132,1.05694,1.0605,1.05779,1.06154,1.05718,36003
2017-01-11 20:00:00,1.05753,1.05716,1.05768,1.0563,1.05779,1.05742,1.05793,1.05655,15829
2017-01-11 21:00:00,1.05716,1.05804,1.05837,1.05715,1.05742,1.05847,1.05862,1.05741,5566
2017-01-11 22:00:00,1.05804,1.0582,1.05831,1.05755,1.05847,1.05854,1.0586,1.05805,1700
2017-01-11 23:00:00,1.0582,1.05931,1.05979,1.05763,1.05854,1.05957,1.06008,1.05792,5656
2017-01-12 00:00:00,1.05931,1.05806,1.0596,1.05703,1.05957,1.05832,1.05987,1.05728,14719
2017-01-12 01:00:00,1.05806,1.05815,1.05919,1.05746,1.05832,1.05843,1.05945,1.05774,13563
2017-01-12 02:00:00,1.05815,1.05976,1.06087,1.05816,1.05843,1.06002,1.06113,1.05843,17828
2017-01-12 03:00:00,1.05976,1.06101,1.06127,1.05926,1.06002,1.06127,1.06154,1.05953,14846
2017-01-12 04:00:00,1.06101,1.05986,1.06116,1.05973,1.06127,1.06012,1.06142,1.06,11208
2017-01-12 05:00:00,1.05986,1.06101,1.06102,1.05936,1.06012,1.06126,1.06128,1.05961,8825
2017-01-12 06:00:00,1.06101,1.06363,1.06376,1.06037,1.06126,1.06392,1.064,1.06062,18692
2017-01-12 07:00:00,1.06363,1.06283,1.06418,1.06263,1.06392,1.0631,1.06446,1.06288,23498
2017-01-12 08:00:00,1.06283,1.06421,1.06635,1.06262,1.0631,1.06447,1.0666,1.06287,36124
2017-01-12 09:00:00,1.06421,1.06398,1.06439,1.06265,1.06447,1.06423,1.06465,1.06291,26928
2017-01-12 10:00:00,1.06398,1.0637,1.06416,1.06184,1.06423,1.06396,1.06443,1.06208,20372
2017-01-12 11:00:00,1.0637,1.0651,1.06514,1.06359,1.06396,1.06535,1.06537,1.06386,15934
2017-01-12 12:00:00,1.0651,1.06733,1.06835,1.06503,1.06535,1.06759,1.06861,1.06528,27043
2017-01-12 13:00:00,1.06733,1.06514,1.06815,1.06423,1.06759,1.06538,1.06839,1.06447,32291
2017-01-12 14:00:00,1.06514,1.06576,1.0658,1.06314,1.06538,1.06597,1.06604,1.06337,30534
2017-01-12 15:00:00,1.06576,1.06514,1.06746,1.06363,1.06597,1.06539,1.0677,1.06386,37901
2017-01-12 16:00:00,1.06514,1.06645,1.06666,1.06468,1.06539,1.0667,1.06691,1.0649,29202
2017-01-12 17:00:00,1.06645,1.06474,1.06678,1.06444,1.0667,1.06499,1.06701,1.06468,15359
2017-01-12 18:00:00,1.06474,1.06405,1.06507,1.0629,1.06499,1.06429,1.06531,1.06314,17613
2017-01-12 19:00:00,1.06405,1.06252,1.06415,1.06204,1.06429,1.06277,1.06439,1.06227,14392
2017-01-12 20:00:00,1.06252,1.06222,1.06281,1.06095,1.06277,1.06246,1.06305,1.06119,13461
2017-01-12 21:00:00,1.06222,1.06104,1.06242,1.06101,1.06246,1.06147,1.06265,1.06128,3399
2017-01-12 22:00:00,1.06104,1.06105,1.06173,1.06097,1.06147,1.06147,1.06219,1.0613,2948
2017-01-12 23:00:00,1.06105,1.06149,1.06154,1.06051,1.06147,1.06173,1.0618,1.06081,6684
2017-01-13 00:00:00,1.06149,1.06084,1.06168,1.06038,1.06173,1.06109,1.06194,1.06063,8831
2017-01-13 01:00:00,1.06084,1.06152,1.06185,1.06069,1.06109,1.06177,1.0621,1.06096,9910
2017-01-13 02:00:00,1.06152,1.06043,1.06179,1.06024,1.06177,1.06067,1.06203,1.06048,8710
2017-01-13 03:00:00,1.06043,1.06065,1.0611,1.06029,1.06067,1.06091,1.06134,1.06051,6410
2017-01-13 04:00:00,1.06065,1.06165,1.06168,1.06042,1.06091,1.06185,1.06188,1.06068,4763
2017-01-13 05:00:00,1.06165,1.0616,1.06165,1.06113,1.06185,1.06185,1.06185,1.06138,4277
2017-01-13 06:00:00,1.0616,1.06282,1.06289,1.06132,1.06185,1.06307,1.06315,1.06155,8921
2017-01-13 07:00:00,1.06282,1.06301,1.06396,1.06229,1.06307,1.06326,1.06423,1.06254,17431
2017-01-13 08:00:00,1.06301,1.0633,1.06424,1.06239,1.06326,1.06354,1.06449,1.06265,21060
2017-01-13 09:00:00,1.0633,1.0643,1.065,1.06264,1.06354,1.06455,1.06524,1.06288,14625
2017-01-13 10:00:00,1.0643,1.06431,1.06532,1.06393,1.06455,1.06455,1.06556,1.06416,13828
2017-01-13 11:00:00,1.06431,1.06448,1.06565,1.06424,1.06455,1.06472,1.06589,1.06448,13706
2017-01-13 12:00:00,1.06448,1.06438,1.06577,1.0642,1.06472,1.06463,1.066,1.06442,13523
2017-01-13 13:00:00,1.06438,1.06441,1.06745,1.06191,1.06463,1.06465,1.06773,1.06215,45401
2017-01-13 14:00:00,1.06441,1.06038,1.06516,1.05996,1.06465,1.06065,1.06538,1.06024,44094
2017-01-13 15:00:00,1.06038,1.06217,1.06285,1.0595,1.06065,1.06242,1.06309,1.05973,36808
2017-01-13 16:00:00,1.06217,1.06234,1.063,1.06107,1.06242,1.06257,1.06324,1.06131,21382
2017-01-13 17:00:00,1.06234,1.06361,1.06405,1.06209,1.06257,1.06384,1.06432,1.06232,15220
2017-01-13 18:00:00,1.06361,1.06309,1.06431,1.06283,1.06384,1.06333,1.06455,1.06307,10590
2017-01-13 19:00:00,1.06309,1.06428,1.06516,1.06289,1.06333,1.0645,1.06542,1.06312,10336
2017-01-13 20:00:00,1.06428,1.06359,1.06464,1.06346,1.0645,1.06383,1.06488,1.06369,8732
2017-01-13 21:00:00,1.06359,1.06388,1.06439,1.06356,1.06383,1.06512,1.06512,1.0638,4043
2017-01-15 19:00:00,1.06388,1.06135,1.06179,1.06083,1.06512,1.06211,1.06239,1.0616,253
2017-01-15 20:00:00,1.06135,1.05988,1.06145,1.05988,1.06211,1.06062,1.06211,1.06031,1004
2017-01-15 21:00:00,1.05988,1.06021,1.06069,1.05893,1.06062,1.06079,1.06143,1.05948,713
2017-01-15 22:00:00,1.06021,1.06201,1.0628,1.05998,1.06079,1.06255,1.06353,1.0609,2422
2017-01-15 23:00:00,1.06201,1.06263,1.06345,1.06187,1.06255,1.0629,1.06372,1.06235,8274
2017-01-16 00:00:00,1.06263,1.06277,1.06335,1.0623,1.0629,1.063,1.0636,1.06256,6761
2017-01-16 01:00:00,1.06277,1.06197,1.06293,1.06146,1.063,1.06222,1.06319,1.06171,7982
2017-01-16 02:00:00,1.06197,1.06206,1.06261,1.06096,1.06222,1.06229,1.06286,1.0612,10489
2017-01-16 03:00:00,1.06206,1.06097,1.0622,1.06052,1.06229,1.06122,1.06244,1.06074,7195
2017-01-16 04:00:00,1.06097,1.06138,1.06143,1.06038,1.06122,1.06162,1.06166,1.06061,6308
2017-01-16 05:00:00,1.06138,1.06196,1.06215,1.06101,1.06162,1.06221,1.0624,1.06125,9426
2017-01-16 06:00:00,1.06196,1.06169,1.06285,1.0616,1.06221,1.06193,1.06312,1.06184,9846
2017-01-16 07:00:00,1.06169,1.06126,1.06219,1.06032,1.06193,1.06148,1.0624,1.06056,15195
2017-01-16 08:00:00,1.06126,1.05818,1.06163,1.05784,1.06148,1.05846,1.06188,1.05811,26357
2017-01-16 09:00:00,1.05818,1.05889,1.05969,1.05792,1.05846,1.05913,1.05992,1.05817,20011
2017-01-16 10:00:00,1.05889,1.0585,1.05945,1.05821,1.05913,1.05873,1.05971,1.05845,13526
2017-01-16 11:00:00,1.0585,1.05927,1.05971,1.05779,1.05873,1.05952,1.05995,1.05804,13262
2017-01-16 12:00:00,1.05927,1.05895,1.05974,1.05843,1.05952,1.05919,1.05998,1.05866,10819
2017-01-16 13:00:00,1.05895,1.05915,1.05999,1.05887,1.05919,1.05938,1.06024,1.0591,9475
2017-01-16 14:00:00,1.05915,1.06053,1.06077,1.05884,1.05938,1.06078,1.06099,1.05907,10280
2017-01-16 15:00:00,1.06053,1.06049,1.06074,1.05914,1.06078,1.06073,1.06097,1.05938,10625
2017-01-16 16:00:00,1.06049,1.0599,1.06074,1.05897,1.06073,1.06012,1.06098,1.0592,10255
2017-01-16 17:00:00,1.0599,1.06031,1.06074,1.05964,1.06012,1.06057,1.06098,1.05985,6166
2017-01-16 18:00:00,1.06031,1.0598,1.0604,1.05959,1.06057,1.06013,1.06065,1.05987,3693
2017-01-16 19:00:00,1.0598,1.06015,1.0604,1.05965,1.06013,1.06041,1.06065,1.05998,5645
2017-01-16 20:00:00,1.06015,1.05978,1.0604,1.05949,1.06041,1.06009,1.0607,1.05979,7884
2017-01-16 21:00:00,1.05978,1.05944,1.06031,1.05938,1.06009,1.06064,1.06084,1.05994,21131
2017-01-16 22:00:00,1.05944,1.05971,1.0603,1.05938,1.06064,1.06006,1.06077,1.05998,1073
2017-01-16 23:00:00,1.05971,1.06009,1.06061,1.05965,1.06006,1.06036,1.06093,1.05992,4848
2017-01-17 00:00:00,1.06009,1.0605,1.06178,1.06007,1.06036,1.06074,1.06202,1.06036,9374
2017-01-17 01:00:00,1.0605,1.06013,1.06097,1.05998,1.06074,1.06038,1.06121,1.06022,7681
2017-01-17 02:00:00,1.06013,1.06193,1.06204,1.06012,1.06038,1.06218,1.06228,1.06038,8326
2017-01-17 03:00:00,1.06193,1.06234,1.06291,1.06133,1.06218,1.06258,1.06319,1.06157,8353
2017-01-17 04:00:00,1.06234,1.06389,1.06423,1.06214,1.06258,1.06413,1.06448,1.06238,11476
2017-01-17 05:00:00,1.06389,1.06564,1.0658,1.06389,1.06413,1.06588,1.06606,1.06413,13527
2017-01-17 06:00:00,1.06564,1.06538,1.06645,1.06458,1.06588,1.06563,1.0667,1.06482,15604
2017-01-17 07:00:00,1.06538,1.06536,1.06574,1.0639,1.06563,1.06559,1.066,1.06414,18874
2017-01-17 08:00:00,1.06536,1.06617,1.06704,1.0653,1.06559,1.06643,1.06728,1.06555,25855
2017-01-17 09:00:00,1.06617,1.06769,1.06807,1.06537,1.06643,1.06807,1.06831,1.06562,24132
2017-01-17 10:00:00,1.06769,1.06786,1.06807,1.06565,1.06807,1.06808,1.06833,1.0659,21426
2017-01-17 11:00:00,1.06786,1.07082,1.07185,1.06784,1.06808,1.07108,1.07207,1.06807,40908
2017-01-17 12:00:00,1.07082,1.06823,1.07116,1.06822,1.07108,1.06846,1.07141,1.06845,45519
2017-01-17 13:00:00,1.06823,1.06905,1.06924,1.06661,1.06846,1.0693,1.06949,1.06688,42821
2017-01-17 14:00:00,1.06905,1.07142,1.07157,1.06886,1.0693,1.07165,1.07182,1.0691,40709
2017-01-17 15:00:00,1.07142,1.06934,1.07155,1.06897,1.07165,1.06959,1.07177,1.0692,32265
2017-01-17 16:00:00,1.06934,1.06933,1.07119,1.06884,1.06959,1.06957,1.07141,1.06907,20065
2017-01-17 17:00:00,1.06933,1.06982,1.07061,1.06922,1.06957,1.07005,1.07085,1.06945,12325
2017-01-17 18:00:00,1.06982,1.07021,1.07025,1.06933,1.07005,1.07044,1.07049,1.06957,7130
2017-01-17 19:00:00,1.07021,1.07078,1.07123,1.0702,1.07044,1.07102,1.07146,1.07042,11729
2017-01-17 20:00:00,1.07078,1.07037,1.07098,1.06996,1.07102,1.07062,1.07122,1.07019,7003
2017-01-17 21:00:00,1.07037,1.07114,1.07127,1.07035,1.07062,1.07152,1.07161,1.0706,4048
2017-01-17 22:00:00,1.07114,1.07094,1.07143,1.07061,1.07152,1.0712,1.07173,1.07109,1599
2017-01-17 23:00:00,1.07094,1.06959,1.07119,1.06949,1.0712,1.0698,1.07148,1.0697,4420
2017-01-18 00:00:00,1.06959,1.0708,1.07081,1.0694,1.0698,1.07106,1.07107,1.06967,9254
2017-01-18 01:00:00,1.0708,1.06974,1.07114,1.06902,1.07106,1.07,1.07138,1.06928,9924
2017-01-18 02:00:00,1.06974,1.06923,1.06973,1.06872,1.07,1.06944,1.06999,1.06895,8541
2017-01-18 03:00:00,1.06923,1.06966,1.06992,1.06916,1.06944,1.06991,1.07016,1.06941,7055
2017-01-18 04:00:00,1.06966,1.06968,1.06994,1.0692,1.06991,1.06991,1.07015,1.06943,6255
2017-01-18 05:00:00,1.06968,1.06835,1.06991,1.068,1.06991,1.06859,1.07015,1.06825,9217
2017-01-18 06:00:00,1.06835,1.0679,1.06905,1.06772,1.06859,1.06818,1.0693,1.06798,10088
2017-01-18 07:00:00,1.0679,1.06767,1.06843,1.06746,1.06818,1.06792,1.06868,1.06771,12928
2017-01-18 08:00:00,1.06767,1.06902,1.07037,1.06751,1.06792,1.06926,1.0706,1.06775,20774
2017-01-18 09:00:00,1.06902,1.06943,1.06949,1.06837,1.06926,1.06972,1.06978,1.0686,14759
2017-01-18 10:00:00,1.06943,1.06844,1.06952,1.06785,1.06972,1.06868,1.06978,1.06808,15197
2017-01-18 11:00:00,1.06844,1.06857,1.06875,1.0678,1.06868,1.0688,1.06898,1.06804,11674
2017-01-18 12:00:00,1.06857,1.06647,1.06874,1.06639,1.0688,1.06669,1.06899,1.0666,12881
2017-01-18 13:00:00,1.06647,1.06672,1.06724,1.0654,1.06669,1.06696,1.0675,1.06568,26625
2017-01-18 14:00:00,1.06672,1.0683,1.06881,1.06637,1.06696,1.06854,1.06906,1.06662,23061
2017-01-18 15:00:00,1.0683,1.06939,1.07019,1.06795,1.06854,1.06964,1.07043,1.06819,25488
2017-01-18 16:00:00,1.06939,1.06814,1.06951,1.06754,1.06964,1.06838,1.06975,1.06778,17728
2017-01-18 17:00:00,1.06814,1.06818,1.0691,1.06742,1.06838,1.06842,1.06934,1.06767,12472
2017-01-18 18:00:00,1.06818,1.06656,1.06824,1.06624,1.06842,1.06679,1.06848,1.06646,11940
2017-01-18 19:00:00,1.06656,1.06699,1.06707,1.06592,1.06679,1.06732,1.06736,1.06617,8580
2017-01-18 20:00:00,1.06699,1.06367,1.06708,1.0629,1.06732,1.06395,1.0674,1.06313,32107
2017-01-18 21:00:00,1.06367,1.06277,1.06377,1.06272,1.06395,1.06324,1.06401,1.06298,5765
2017-01-18 22:00:00,1.06277,1.06315,1.06342,1.06224,1.06324,1.06361,1.06379,1.06289,2058
2017-01-18 23:00:00,1.06315,1.0627,1.06342,1.06231,1.06361,1.06295,1.0637,1.06257,6324
2017-01-19 00:00:00,1.0627,1.06246,1.06334,1.06208,1.06295,1.06269,1.06358,1.06231,9217
2017-01-19 01:00:00,1.06246,1.06269,1.06319,1.06219,1.06269,1.06294,1.06344,1.06243,8758
2017-01-19 02:00:00,1.06269,1.06364,1.0641,1.06258,1.06294,1.06388,1.06434,1.06283,10123
2017-01-19 03:00:00,1.06364,1.06376,1.06443,1.06335,1.06388,1.064,1.06467,1.06359,8700
2017-01-19 04:00:00,1.06376,1.06395,1.06419,1.06357,1.064,1.06418,1.06444,1.06381,4804
2017-01-19 05:00:00,1.06395,1.06381,1.06398,1.06312,1.06418,1.06405,1.06422,1.06337,6279
2017-01-19 06:00:00,1.06381,1.0641,1.06426,1.06321,1.06405,1.06436,1.06452,1.06346,6158
2017-01-19 07:00:00,1.0641,1.06408,1.06459,1.06312,1.06436,1.06433,1.06484,1.06337,15926
2017-01-19 08:00:00,1.06408,1.0654,1.06544,1.06365,1.06433,1.06563,1.06568,1.06388,22091
2017-01-19 09:00:00,1.0654,1.06596,1.06695,1.06512,1.06563,1.0662,1.06718,1.06537,21703
2017-01-19 10:00:00,1.06596,1.06548,1.06618,1.06522,1.0662,1.06572,1.06641,1.06546,14289
2017-01-19 11:00:00,1.06548,1.06628,1.06639,1.06521,1.06572,1.06651,1.06664,1.06544,11519
2017-01-19 12:00:00,1.06628,1.06678,1.0668,1.06564,1.06651,1.06702,1.06706,1.06586,15097
2017-01-19 13:00:00,1.06678,1.0618,1.06756,1.06017,1.06702,1.06203,1.0678,1.06041,55465
2017-01-19 14:00:00,1.0618,1.05899,1.06216,1.0588,1.06203,1.05923,1.0624,1.05903,51849
2017-01-19 15:00:00,1.05899,1.06078,1.0621,1.0588,1.05923,1.06104,1.06233,1.05902,36138
2017-01-19 16:00:00,1.06078,1.0629,1.06359,1.0608,1.06104,1.06314,1.06385,1.06104,28753
2017-01-19 17:00:00,1.0629,1.0631,1.06324,1.06135,1.06314,1.06333,1.06348,1.0616,17597
2017-01-19 18:00:00,1.0631,1.06254,1.06405,1.06172,1.06333,1.06277,1.06427,1.06195,15403
2017-01-19 19:00:00,1.06254,1.06587,1.06594,1.06244,1.06277,1.0661,1.06617,1.06268,17420
2017-01-19 20:00:00,1.06587,1.06594,1.06683,1.06538,1.0661,1.06619,1.06709,1.06563,14559
2017-01-19 21:00:00,1.06594,1.06615,1.06649,1.06562,1.06619,1.06664,1.06674,1.06585,3500
2017-01-19 22:00:00,1.06615,1.06562,1.06653,1.06546,1.06664,1.06606,1.06693,1.06588,2332
2017-01-19 23:00:00,1.06562,1.06581,1.06611,1.06549,1.06606,1.06607,1.06637,1.06574,5698
2017-01-20 00:00:00,1.06581,1.06522,1.06608,1.06511,1.06607,1.06552,1.06633,1.06536,7252
2017-01-20 01:00:00,1.06522,1.06797,1.06866,1.06523,1.06552,1.0683,1.06891,1.06551,14534
2017-01-20 02:00:00,1.06797,1.0676,1.06826,1.06736,1.0683,1.06784,1.06852,1.0676,7915
2017-01-20 03:00:00,1.0676,1.0684,1.06926,1.06761,1.06784,1.06864,1.06949,1.06785,9457
2017-01-20 04:00:00,1.0684,1.06791,1.06849,1.0677,1.06864,1.06816,1.06873,1.06795,5726
2017-01-20 05:00:00,1.06791,1.06714,1.06804,1.06702,1.06816,1.06735,1.06828,1.06725,6647
2017-01-20 06:00:00,1.06714,1.06816,1.0685,1.06712,1.06735,1.06841,1.06874,1.06734,8569
2017-01-20 07:00:00,1.06816,1.0671,1.0691,1.06699,1.06841,1.06734,1.06933,1.06725,15102
2017-01-20 08:00:00,1.0671,1.0662,1.06825,1.06597,1.06734,1.06645,1.06848,1.06621,20404
2017-01-20 09:00:00,1.0662,1.06454,1.06659,1.06411,1.06645,1.06475,1.06683,1.06435,19759
2017-01-20 10:00:00,1.06454,1.0636,1.06463,1.06265,1.06475,1.06384,1.06487,1.06289,16427
2017-01-20 11:00:00,1.0636,1.06375,1.06405,1.06275,1.06384,1.064,1.06429,1.06299,13675
2017-01-20 12:00:00,1.06375,1.06269,1.06457,1.06249,1.064,1.0629,1.06478,1.06272,13175
2017-01-20 13:00:00,1.06269,1.06552,1.06563,1.0624,1.0629,1.06576,1.06588,1.06264,21311
2017-01-20 14:00:00,1.06552,1.0654,1.06657,1.06504,1.06576,1.06564,1.0668,1.06529,21924
2017-01-20 15:00:00,1.0654,1.06778,1.06822,1.06539,1.06564,1.068,1.06847,1.06561,24348
2017-01-20 16:00:00,1.06778,1.06779,1.06821,1.06629,1.068,1.06803,1.06845,1.06654,19044
2017-01-20 17:00:00,1.06779,1.06737,1.06946,1.06621,1.06803,1.06762,1.06965,1.06649,59645
2017-01-20 18:00:00,1.06737,1.06804,1.06824,1.06649,1.06762,1.06827,1.06848,1.06669,19632
2017-01-20 19:00:00,1.06804,1.07039,1.07085,1.06791,1.06827,1.07063,1.07109,1.06815,22758
2017-01-20 20:00:00,1.07039,1.06953,1.0705,1.06884,1.07063,1.06975,1.07072,1.06907,16638
2017-01-20 21:00:00,1.06953,1.06973,1.07037,1.0691,1.06975,1.07082,1.07082,1.06934,4433
2017-01-22 19:00:00,1.06973,1.07065,1.07065,1.07065,1.07082,1.0714,1.0714,1.0714,1
2017-01-22 20:00:00,1.07065,1.0706,1.07112,1.07038,1.0714,1.07105,1.07152,1.07097,156
2017-01-22 21:00:00,1.0706,1.0701,1.0709,1.07002,1.07105,1.0705,1.07125,1.07039,313
2017-01-22 22:00:00,1.0701,1.07018,1.07043,1.06929,1.0705,1.07051,1.07099,1.06975,1925
2017-01-22 23:00:00,1.07018,1.07113,1.07156,1.07018,1.07051,1.07139,1.07186,1.0705,10428
2017-01-23 00:00:00,1.07113,1.07229,1.07289,1.0708,1.07139,1.07254,1.07314,1.07106,12144
2017-01-23 01:00:00,1.07229,1.07431,1.07437,1.07203,1.07254,1.07455,1.07461,1.07227,10969
2017-01-23 02:00:00,1.07431,1.07442,1.0745,1.07375,1.07455,1.07466,1.07475,1.074,11986
2017-01-23 03:00:00,1.07442,1.07427,1.07487,1.07412,1.07466,1.07452,1.07511,1.07436,7321
2017-01-23 04:00:00,1.07427,1.07362,1.07448,1.07357,1.07452,1.07386,1.07473,1.0738,5176
2017-01-23 05:00:00,1.07362,1.07471,1.07471,1.07337,1.07386,1.07495,1.07495,1.07361,8839
2017-01-23 06:00:00,1.07471,1.07407,1.07537,1.07387,1.07495,1.07433,1.07561,1.07413,13677
2017-01-23 07:00:00,1.07407,1.07414,1.07529,1.07387,1.07433,1.07438,1.07553,1.07411,18919
2017-01-23 08:00:00,1.07414,1.07267,1.07486,1.07246,1.07438,1.07291,1.07507,1.0727,20867
2017-01-23 09:00:00,1.07267,1.07247,1.07319,1.07217,1.07291,1.07272,1.07344,1.07242,14495
2017-01-23 10:00:00,1.07247,1.07366,1.07439,1.07246,1.07272,1.0739,1.07463,1.07271,13803
2017-01-23 11:00:00,1.07366,1.07283,1.07378,1.0725,1.0739,1.07307,1.07402,1.07274,14620
2017-01-23 12:00:00,1.07283,1.07332,1.07428,1.07263,1.07307,1.07356,1.07451,1.07286,14704
2017-01-23 13:00:00,1.07332,1.0729,1.07368,1.07081,1.07356,1.07315,1.07391,1.07107,22933
2017-01-23 14:00:00,1.0729,1.07247,1.07323,1.0705,1.07315,1.07268,1.07347,1.07074,38250
2017-01-23 15:00:00,1.07247,1.07466,1.07512,1.07241,1.07268,1.0749,1.07536,1.07265,31347
2017-01-23 16:00:00,1.07466,1.07386,1.07473,1.07256,1.0749,1.0741,1.07497,1.0728,26061
2017-01-23 17:00:00,1.07386,1.07258,1.07411,1.07188,1.0741,1.07282,1.07435,1.07211,16192
2017-01-23 18:00:00,1.07258,1.0735,1.07358,1.07241,1.07282,1.07372,1.07383,1.07264,10451
2017-01-23 19:00:00,1.0735,1.07449,1.07488,1.07345,1.07372,1.07472,1.07511,1.07367,9819
2017-01-23 20:00:00,1.07449,1.07422,1.07506,1.07403,1.07472,1.07447,1.0753,1.07428,6074
2017-01-23 21:00:00,1.07422,1.07615,1.07681,1.07417,1.07447,1.07669,1.07708,1.07441,9081
2017-01-23 22:00:00,1.07615,1.07708,1.07722,1.07606,1.07669,1.07739,1.07741,1.07631,2332
2017-01-23 23:00:00,1.07708,1.0758,1.07719,1.07571,1.07739,1.07604,1.07741,1.07597,5659
2017-01-24 00:00:00,1.0758,1.07588,1.07609,1.0753,1.07604,1.07613,1.07634,1.07555,8432
2017-01-24 01:00:00,1.07588,1.07535,1.07589,1.07441,1.07613,1.07559,1.07615,1.07465,12135
2017-01-24 02:00:00,1.07535,1.07576,1.07658,1.07529,1.07559,1.076,1.07683,1.07553,8559
2017-01-24 03:00:00,1.07576,1.07588,1.07697,1.07546,1.076,1.07612,1.07722,1.07571,9409
2017-01-24 04:00:00,1.07588,1.07501,1.07616,1.07479,1.07612,1.07524,1.0764,1.07504,8741
2017-01-24 05:00:00,1.07501,1.07536,1.07589,1.0747,1.07524,1.07562,1.07614,1.07495,7441
2017-01-24 06:00:00,1.07536,1.07399,1.07559,1.07365,1.07562,1.07423,1.07583,1.07391,9301
2017-01-24 07:00:00,1.07399,1.07367,1.07487,1.07325,1.07423,1.07391,1.07512,1.07349,15470
2017-01-24 08:00:00,1.07367,1.07464,1.07518,1.07357,1.07391,1.0749,1.07543,1.07381,17186
2017-01-24 09:00:00,1.07464,1.07394,1.07508,1.07338,1.0749,1.07415,1.07531,1.07362,22736
2017-01-24 10:00:00,1.07394,1.07286,1.07429,1.07275,1.07415,1.0731,1.07453,1.07299,13065
2017-01-24 11:00:00,1.07286,1.07422,1.07432,1.07243,1.0731,1.07443,1.07456,1.07268,13249
2017-01-24 12:00:00,1.07422,1.07407,1.07466,1.07382,1.07443,1.07431,1.0749,1.07406,14078
2017-01-24 13:00:00,1.07407,1.07462,1.07559,1.07393,1.07431,1.07486,1.07583,1.07417,15527
2017-01-24 14:00:00,1.07462,1.07599,1.07653,1.07421,1.07486,1.07629,1.07677,1.07445,22248
2017-01-24 15:00:00,1.07599,1.07512,1.0774,1.07475,1.07629,1.07536,1.07763,1.07497,24944
2017-01-24 16:00:00,1.07512,1.07475,1.0757,1.07452,1.07536,1.07499,1.07596,1.07476,18201
2017-01-24 17:00:00,1.07475,1.07556,1.076,1.07469,1.07499,1.0758,1.07624,1.07492,10576
2017-01-24 18:00:00,1.07556,1.07338,1.07572,1.07327,1.0758,1.07358,1.07595,1.07351,12398
2017-01-24 19:00:00,1.07338,1.07217,1.07337,1.07206,1.07358,1.07238,1.07359,1.0723,10637
2017-01-24 20:00:00,1.07217,1.07318,1.07324,1.07191,1.07238,1.07342,1.07348,1.07214,7885
2017-01-24 21:00:00,1.07318,1.07288,1.07325,1.07285,1.07342,1.07338,1.07349,1.07309,2962
2017-01-24 22:00:00,1.07288,1.07299,1.07323,1.07268,1.07338,1.0733,1.07351,1.07291,1153
2017-01-24 23:00:00,1.07299,1.07271,1.07318,1.07227,1.0733,1.07295,1.07346,1.07253,3818
2017-01-25 00:00:00,1.07271,1.07299,1.07328,1.07223,1.07295,1.07324,1.07353,1.07247,8190
2017-01-25 01:00:00,1.07299,1.07277,1.07339,1.07207,1.07324,1.07302,1.07364,1.07231,9520
2017-01-25 02:00:00,1.07277,1.07297,1.07367,1.07256,1.07302,1.07321,1.07393,1.07281,9182
2017-01-25 03:00:00,1.07297,1.07304,1.07318,1.0726,1.07321,1.07329,1.07342,1.07284,6070
2017-01-25 04:00:00,1.07304,1.07295,1.07364,1.07292,1.07329,1.07319,1.07388,1.07315,5556
2017-01-25 05:00:00,1.07295,1.07248,1.07297,1.07225,1.07319,1.07273,1.0732,1.07249,5617
2017-01-25 06:00:00,1.07248,1.07202,1.07253,1.07202,1.07273,1.07226,1.07278,1.07226,5942
2017-01-25 07:00:00,1.07202,1.07122,1.07259,1.07102,1.07226,1.07147,1.07283,1.07126,14755
2017-01-25 08:00:00,1.07122,1.07286,1.07317,1.07117,1.07147,1.07311,1.07339,1.07141,19943
2017-01-25 09:00:00,1.07286,1.07486,1.07536,1.07233,1.07311,1.0751,1.07562,1.07257,23279
2017-01-25 10:00:00,1.07486,1.07523,1.07536,1.07406,1.0751,1.07546,1.07557,1.0743,12429
2017-01-25 11:00:00,1.07523,1.07512,1.07553,1.07466,1.07546,1.07538,1.07576,1.07491,8982
2017-01-25 12:00:00,1.07512,1.07444,1.07687,1.07438,1.07538,1.07468,1.07712,1.07461,22293
2017-01-25 13:00:00,1.07444,1.07436,1.07472,1.07345,1.07468,1.0746,1.07496,1.07369,17512
2017-01-25 14:00:00,1.07436,1.07256,1.07448,1.07188,1.0746,1.07281,1.07468,1.07211,25671
2017-01-25 15:00:00,1.07256,1.07397,1.07441,1.07243,1.07281,1.07422,1.07466,1.07267,21347
2017-01-25 16:00:00,1.07397,1.07418,1.07525,1.07309,1.07422,1.07442,1.07544,1.07332,19765
2017-01-25 17:00:00,1.07418,1.07365,1.07439,1.07238,1.07442,1.07389,1.07464,1.07262,12328
2017-01-25 18:00:00,1.07365,1.0725,1.07389,1.07238,1.07389,1.07274,1.07413,1.0726,12944
2017-01-25 19:00:00,1.0725,1.07399,1.07405,1.07189,1.07274,1.07424,1.07428,1.07213,9150
2017-01-25 20:00:00,1.07399,1.0751,1.07515,1.07351,1.07424,1.07534,1.0754,1.07373,11210
2017-01-25 21:00:00,1.0751,1.07448,1.07529,1.07447,1.07534,1.07509,1.07557,1.0748,5940
2017-01-25 22:00:00,1.07448,1.0748,1.07541,1.07438,1.07509,1.07522,1.07571,1.07466,1438
2017-01-25 23:00:00,1.0748,1.07516,1.07529,1.07453,1.07522,1.07539,1.07556,1.0748,4759
2017-01-26 00:00:00,1.07516,1.07618,1.07639,1.07507,1.07539,1.07641,1.07663,1.0753,9094
2017-01-26 01:00:00,1.07618,1.07584,1.07646,1.07562,1.07641,1.07608,1.07669,1.07588,8804
2017-01-26 02:00:00,1.07584,1.0756,1.07602,1.07528,1.07608,1.07584,1.07624,1.07552,7638
2017-01-26 03:00:00,1.0756,1.07558,1.07614,1.07531,1.07584,1.07581,1.07638,1.07555,5138
2017-01-26 04:00:00,1.07558,1.07561,1.07585,1.07522,1.07581,1.07585,1.07607,1.07545,4392
2017-01-26 05:00:00,1.07561,1.07546,1.07596,1.07519,1.07585,1.0757,1.07619,1.07543,4536
2017-01-26 06:00:00,1.07546,1.07409,1.07557,1.07386,1.0757,1.07433,1.0758,1.0741,8161
2017-01-26 07:00:00,1.07409,1.07295,1.0746,1.07279,1.07433,1.07321,1.07485,1.07304,15062
2017-01-26 08:00:00,1.07295,1.07384,1.07427,1.07252,1.07321,1.07409,1.07452,1.07276,17658
2017-01-26 09:00:00,1.07384,1.072,1.07426,1.07148,1.07409,1.07224,1.0745,1.07175,19200
2017-01-26 10:00:00,1.072,1.07197,1.07261,1.07116,1.07224,1.07221,1.07285,1.0714,15946
2017-01-26 11:00:00,1.07197,1.07301,1.07323,1.07183,1.07221,1.07325,1.07346,1.07207,12101
2017-01-26 12:00:00,1.07301,1.07094,1.07318,1.07065,1.07325,1.07116,1.0734,1.07089,17880
2017-01-26 13:00:00,1.07094,1.06959,1.07113,1.06876,1.07116,1.06983,1.07138,1.06898,29695
2017-01-26 14:00:00,1.06959,1.06844,1.07036,1.06715,1.06983,1.06872,1.0706,1.06739,27599
2017-01-26 15:00:00,1.06844,1.06702,1.06916,1.06686,1.06872,1.06725,1.0694,1.06709,28867
2017-01-26 16:00:00,1.06702,1.0668,1.06726,1.06565,1.06725,1.06704,1.06749,1.06589,19051
2017-01-26 17:00:00,1.0668,1.06856,1.06874,1.06663,1.06704,1.0688,1.06897,1.06684,10742
2017-01-26 18:00:00,1.06856,1.0695,1.06994,1.06839,1.0688,1.06971,1.07019,1.06863,14317
2017-01-26 19:00:00,1.0695,1.06974,1.0703,1.06903,1.06971,1.06994,1.07054,1.06926,8086
2017-01-26 20:00:00,1.06974,1.06746,1.06975,1.06732,1.06994,1.0677,1.06995,1.06757,11865
2017-01-26 21:00:00,1.06746,1.06788,1.06813,1.06617,1.0677,1.06843,1.0685,1.0664,9560
2017-01-26 22:00:00,1.06788,1.06784,1.06828,1.06715,1.06843,1.06817,1.06915,1.06771,2144
2017-01-26 23:00:00,1.06784,1.06823,1.06826,1.06733,1.06817,1.06847,1.06851,1.06762,5602
2017-01-27 00:00:00,1.06823,1.06819,1.06858,1.06786,1.06847,1.06842,1.06882,1.0681,6350
2017-01-27 01:00:00,1.06819,1.06815,1.06858,1.06712,1.06842,1.06839,1.06881,1.06736,10540
2017-01-27 02:00:00,1.06815,1.06799,1.06875,1.06774,1.06839,1.0682,1.069,1.06797,7120
2017-01-27 03:00:00,1.06799,1.06741,1.06809,1.06716,1.0682,1.06765,1.06833,1.0674,6229
2017-01-27 04:00:00,1.06741,1.06733,1.06762,1.06708,1.06765,1.06757,1.06786,1.06733,4530
2017-01-27 05:00:00,1.06733,1.06707,1.06738,1.0667,1.06757,1.0673,1.06762,1.06694,5677
2017-01-27 06:00:00,1.06707,1.06636,1.06721,1.06598,1.0673,1.0666,1.06746,1.06622,8716
2017-01-27 07:00:00,1.06636,1.06727,1.06743,1.0657,1.0666,1.06754,1.06769,1.06595,14036
2017-01-27 08:00:00,1.06727,1.06798,1.06836,1.06706,1.06754,1.06823,1.06857,1.06731,16184
2017-01-27 09:00:00,1.06798,1.06918,1.06974,1.06794,1.06823,1.06943,1.06997,1.06819,15681
2017-01-27 10:00:00,1.06918,1.06815,1.06939,1.06745,1.06943,1.06839,1.06962,1.06769,14354
2017-01-27 11:00:00,1.06815,1.06925,1.0696,1.06798,1.06839,1.06949,1.06985,1.06822,10157
2017-01-27 12:00:00,1.06925,1.06736,1.06942,1.06695,1.06949,1.06758,1.06966,1.06719,11954
2017-01-27 13:00:00,1.06736,1.06974,1.07076,1.06723,1.06758,1.06997,1.07101,1.06746,35751
2017-01-27 14:00:00,1.06974,1.0701,1.07237,1.06964,1.06997,1.07039,1.07263,1.06988,36303
2017-01-27 15:00:00,1.0701,1.07049,1.07141,1.06987,1.07039,1.07072,1.07164,1.07008,23629
2017-01-27 16:00:00,1.07049,1.06886,1.07076,1.06882,1.07072,1.06911,1.071,1.06907,17390
2017-01-27 17:00:00,1.06886,1.06816,1.06917,1.06783,1.06911,1.06838,1.06941,1.06807,9534
2017-01-27 18:00:00,1.06816,1.06886,1.06922,1.06778,1.06838,1.06911,1.06943,1.06802,7805
2017-01-27 19:00:00,1.06886,1.06977,1.06984,1.06879,1.06911,1.07001,1.0701,1.06903,5225
2017-01-27 20:00:00,1.06977,1.06947,1.06982,1.06904,1.07001,1.06971,1.07006,1.06927,5548
2017-01-27 21:00:00,1.06947,1.06893,1.0698,1.06875,1.06971,1.07021,1.07021,1.06945,3697
2017-01-29 19:00:00,1.06893,1.07086,1.07086,1.07086,1.07021,1.0719,1.0719,1.0719,1
2017-01-29 20:00:00,1.07086,1.07162,1.07203,1.07088,1.0719,1.07226,1.07252,1.07183,277
2017-01-29 21:00:00,1.07162,1.07201,1.0731,1.07128,1.07226,1.07259,1.07342,1.07189,1202
2017-01-29 22:00:00,1.07201,1.07119,1.07199,1.07091,1.07259,1.0716,1.07261,1.07142,1829
2017-01-29 23:00:00,1.07119,1.07158,1.07174,1.07067,1.0716,1.07184,1.07199,1.07093,9479
2017-01-30 00:00:00,1.07158,1.07217,1.07259,1.07145,1.07184,1.07241,1.07285,1.07173,10326
2017-01-30 01:00:00,1.07217,1.07351,1.07392,1.07218,1.07241,1.07376,1.07418,1.07242,11718
2017-01-30 02:00:00,1.07351,1.07323,1.07357,1.07289,1.07376,1.07347,1.07382,1.07315,4605
2017-01-30 03:00:00,1.07323,1.0731,1.07374,1.07294,1.07347,1.07333,1.07397,1.07317,5246
2017-01-30 04:00:00,1.0731,1.07282,1.07343,1.07279,1.07333,1.07306,1.07367,1.07302,4757
2017-01-30 05:00:00,1.07282,1.07233,1.07309,1.07222,1.07306,1.07257,1.07334,1.07247,4937
2017-01-30 06:00:00,1.07233,1.07196,1.07244,1.07182,1.07257,1.0722,1.07268,1.07205,5666
2017-01-30 07:00:00,1.07196,1.06988,1.07199,1.06971,1.0722,1.07013,1.07223,1.06996,12406
2017-01-30 08:00:00,1.06988,1.06953,1.07007,1.06916,1.07013,1.06978,1.07032,1.0694,19782
2017-01-30 09:00:00,1.06953,1.06945,1.06965,1.06859,1.06978,1.06967,1.06989,1.06884,13586
2017-01-30 10:00:00,1.06945,1.06917,1.06988,1.06889,1.06967,1.06941,1.07011,1.06913,10123
2017-01-30 11:00:00,1.06917,1.06602,1.0693,1.06543,1.06941,1.06626,1.06953,1.06573,15864
2017-01-30 12:00:00,1.06602,1.0628,1.06642,1.06251,1.06626,1.06305,1.06666,1.06276,26805
2017-01-30 13:00:00,1.0628,1.06434,1.06438,1.06191,1.06305,1.06458,1.06462,1.06214,27467
2017-01-30 14:00:00,1.06434,1.06582,1.06583,1.0639,1.06458,1.06606,1.06608,1.06412,20720
2017-01-30 15:00:00,1.06582,1.06866,1.06914,1.06519,1.06606,1.0689,1.06938,1.06543,28347
2017-01-30 16:00:00,1.06866,1.06787,1.06977,1.06783,1.0689,1.06811,1.07004,1.06806,20778
2017-01-30 17:00:00,1.06787,1.0692,1.07083,1.06768,1.06811,1.06944,1.07107,1.06792,15950
2017-01-30 18:00:00,1.0692,1.0691,1.0697,1.06838,1.06944,1.06932,1.06994,1.06861,9337
2017-01-30 19:00:00,1.0691,1.06936,1.06942,1.06849,1.06932,1.06954,1.06964,1.0687,7525
2017-01-30 20:00:00,1.06936,1.06933,1.0699,1.0689,1.06954,1.06958,1.07014,1.06914,7849
2017-01-30 21:00:00,1.06933,1.06901,1.06984,1.06895,1.06958,1.06996,1.0701,1.06949,3663
2017-01-30 22:00:00,1.06901,1.06997,1.07011,1.06905,1.06996,1.07027,1.07041,1.06937,2193
2017-01-30 23:00:00,1.06997,1.07065,1.07078,1.06992,1.07027,1.07089,1.07102,1.07019,6533
2017-01-31 00:00:00,1.07065,1.06961,1.0708,1.06939,1.07089,1.06986,1.07104,1.06966,9573
2017-01-31 01:00:00,1.06961,1.06912,1.06988,1.06912,1.06986,1.06937,1.07012,1.06937,8355
2017-01-31 02:00:00,1.06912,1.0704,1.07045,1.06898,1.06937,1.07066,1.07071,1.06923,11002
2017-01-31 03:00:00,1.0704,1.06966,1.07117,1.06935,1.07066,1.06991,1.07139,1.06961,15625
2017-01-31 04:00:00,1.06966,1.06952,1.07029,1.06913,1.06991,1.06976,1.07053,1.06938,8234
2017-01-31 05:00:00,1.06952,1.06988,1.07021,1.06941,1.06976,1.07012,1.07045,1.06965,6440
2017-01-31 06:00:00,1.06988,1.06916,1.07035,1.06901,1.07012,1.0694,1.07059,1.06925,8445
2017-01-31 07:00:00,1.06916,1.06988,1.06997,1.06833,1.0694,1.07012,1.0702,1.06857,15634
2017-01-31 08:00:00,1.06988,1.06975,1.0724,1.06959,1.07012,1.07,1.07263,1.06982,29862
2017-01-31 09:00:00,1.06975,1.07107,1.0711,1.06899,1.07,1.0714,1.07149,1.06923,19954
2017-01-31 10:00:00,1.07107,1.07001,1.07181,1.06986,1.0714,1.07024,1.07206,1.07009,18769
2017-01-31 11:00:00,1.07001,1.07492,1.07513,1.06982,1.07024,1.07517,1.07537,1.07007,27634
2017-01-31 12:00:00,1.07492,1.07471,1.0764,1.07465,1.07517,1.07494,1.07661,1.07487,26270
2017-01-31 13:00:00,1.07471,1.07544,1.07622,1.07416,1.07494,1.07566,1.07649,1.07441,26467
2017-01-31 14:00:00,1.07544,1.07904,1.07938,1.07476,1.07566,1.0793,1.07962,1.07499,38536
2017-01-31 15:00:00,1.07904,1.08085,1.08095,1.07784,1.0793,1.08109,1.08119,1.07805,35971
2017-01-31 16:00:00,1.08085,1.07921,1.08112,1.07807,1.08109,1.07945,1.08137,1.0783,27959
2017-01-31 17:00:00,1.07921,1.07825,1.07959,1.07711,1.07945,1.07846,1.0798,1.07733,16595
2017-01-31 18:00:00,1.07825,1.07916,1.07949,1.07817,1.07846,1.07938,1.07971,1.07838,9926
2017-01-31 19:00:00,1.07916,1.08033,1.08087,1.07887,1.07938,1.08057,1.0811,1.07911,12014
2017-01-31 20:00:00,1.08033,1.0795,1.08035,1.07854,1.08057,1.07973,1.08059,1.07877,10541
2017-01-31 21:00:00,1.0795,1.0796,1.07991,1.07911,1.07973,1.07994,1.08016,1.07935,4276
2017-01-31 22:00:00,1.0796,1.07943,1.0797,1.0788,1.07994,1.07987,1.08,1.07928,1891
2017-01-31 23:00:00,1.07943,1.08,1.08037,1.07945,1.07987,1.08023,1.08062,1.07983,4741
2017-02-01 00:00:00,1.08,1.07947,1.07999,1.07884,1.08023,1.07973,1.08022,1.07909,9137
2017-02-01 01:00:00,1.07947,1.07921,1.07955,1.07869,1.07973,1.07944,1.0798,1.07892,7280
2017-02-01 02:00:00,1.07921,1.07948,1.07972,1.07881,1.07944,1.07971,1.07995,1.07904,6640
2017-02-01 03:00:00,1.07948,1.07913,1.07972,1.07906,1.07971,1.07937,1.07995,1.0793,4667
2017-02-01 04:00:00,1.07913,1.07896,1.07927,1.07867,1.07937,1.0792,1.07949,1.07891,5146
2017-02-01 05:00:00,1.07896,1.07895,1.07916,1.07864,1.0792,1.07916,1.07938,1.07887,3926
2017-02-01 06:00:00,1.07895,1.07782,1.07902,1.07758,1.07916,1.07807,1.07922,1.07782,9052
2017-02-01 07:00:00,1.07782,1.07802,1.07863,1.07734,1.07807,1.07825,1.07887,1.07759,14500
2017-02-01 08:00:00,1.07802,1.07963,1.07976,1.0778,1.07825,1.07987,1.07999,1.07805,14555
2017-02-01 09:00:00,1.07963,1.07835,1.07984,1.07833,1.07987,1.07859,1.08006,1.07856,15120
2017-02-01 10:00:00,1.07835,1.08019,1.08023,1.07802,1.07859,1.0804,1.08044,1.07826,12535
2017-02-01 11:00:00,1.08019,1.08007,1.08019,1.07898,1.0804,1.08032,1.0804,1.07921,12628
2017-02-01 12:00:00,1.08007,1.07871,1.08065,1.07871,1.08032,1.07895,1.08088,1.07895,12461
2017-02-01 13:00:00,1.07871,1.07594,1.07925,1.0759,1.07895,1.07617,1.07947,1.07614,28336
2017-02-01 14:00:00,1.07594,1.07568,1.07619,1.07492,1.07617,1.07598,1.07642,1.07516,18099
2017-02-01 15:00:00,1.07568,1.07569,1.07606,1.07353,1.07598,1.07593,1.07628,1.07377,27120
2017-02-01 16:00:00,1.07569,1.07555,1.07586,1.07466,1.07593,1.07575,1.0761,1.07489,17077
2017-02-01 17:00:00,1.07555,1.07518,1.07593,1.07459,1.07575,1.0754,1.07615,1.07484,9536
2017-02-01 18:00:00,1.07518,1.07337,1.07529,1.07323,1.0754,1.0744,1.07554,1.07395,9596
2017-02-01 19:00:00,1.07337,1.07752,1.07882,1.07281,1.0744,1.07777,1.07906,1.0734,56905
2017-02-01 20:00:00,1.07752,1.07687,1.07787,1.07637,1.07777,1.07711,1.07811,1.0766,14347
2017-02-01 21:00:00,1.07687,1.07666,1.07713,1.07617,1.07711,1.07699,1.07737,1.07642,4146
2017-02-01 22:00:00,1.07666,1.0766,1.07703,1.07606,1.07699,1.07687,1.07764,1.07646,1464
2017-02-01 23:00:00,1.0766,1.0764,1.07699,1.07614,1.07687,1.07667,1.07723,1.07638,5634
2017-02-02 00:00:00,1.0764,1.07815,1.07818,1.07633,1.07667,1.0784,1.07851,1.07657,9459
2017-02-02 01:00:00,1.07815,1.07822,1.07871,1.07747,1.0784,1.07847,1.07895,1.07772,9076
2017-02-02 02:00:00,1.07822,1.07802,1.07833,1.07752,1.07847,1.07826,1.07857,1.07776,7163
2017-02-02 03:00:00,1.07802,1.07877,1.0792,1.07798,1.07826,1.07901,1.07947,1.07822,11030
2017-02-02 04:00:00,1.07877,1.07832,1.07921,1.07816,1.07901,1.07855,1.07943,1.07841,6600
2017-02-02 05:00:00,1.07832,1.07917,1.07944,1.07832,1.07855,1.07941,1.07968,1.07856,6839
2017-02-02 06:00:00,1.07917,1.07809,1.07943,1.07808,1.07941,1.07833,1.07967,1.07832,6954
2017-02-02 07:00:00,1.07809,1.07915,1.07969,1.07767,1.07833,1.07939,1.07993,1.07792,13596
2017-02-02 08:00:00,1.07915,1.0812,1.08173,1.07869,1.07939,1.08143,1.08198,1.07893,24566
2017-02-02 09:00:00,1.0812,1.08141,1.08158,1.08016,1.08143,1.08164,1.08181,1.08039,17682
2017-02-02 10:00:00,1.08141,1.08086,1.08176,1.08039,1.08164,1.08111,1.08202,1.08063,17220
2017-02-02 11:00:00,1.08086,1.08101,1.08181,1.07929,1.08111,1.08123,1.08205,1.07954,16242
2017-02-02 12:00:00,1.08101,1.08033,1.08137,1.07975,1.08123,1.08057,1.08162,1.08,24224
2017-02-02 13:00:00,1.08033,1.08134,1.08277,1.08012,1.08057,1.08157,1.08301,1.08034,28957
2017-02-02 14:00:00,1.08134,1.08165,1.08227,1.08033,1.08157,1.08185,1.08251,1.08058,26262
2017-02-02 15:00:00,1.08165,1.08048,1.08182,1.08008,1.08185,1.0807,1.08205,1.08032,19917
2017-02-02 16:00:00,1.08048,1.08014,1.08114,1.07931,1.0807,1.08036,1.08137,1.07955,16054
2017-02-02 17:00:00,1.08014,1.07866,1.0802,1.07831,1.08036,1.0789,1.08044,1.07856,13238
2017-02-02 18:00:00,1.07866,1.07747,1.07934,1.07742,1.0789,1.0777,1.07957,1.07764,9755
2017-02-02 19:00:00,1.07747,1.07637,1.07765,1.07575,1.0777,1.0766,1.07788,1.07597,10601
2017-02-02 20:00:00,1.07637,1.07613,1.07637,1.07547,1.0766,1.07636,1.07662,1.0757,7318
2017-02-02 21:00:00,1.07613,1.07567,1.07627,1.07553,1.07636,1.07607,1.07651,1.07578,3459
2017-02-02 22:00:00,1.07567,1.07599,1.07653,1.0755,1.07607,1.07636,1.07706,1.07578,2666
2017-02-02 23:00:00,1.07599,1.07606,1.07618,1.07557,1.07636,1.07629,1.07647,1.07582,3392
2017-02-03 00:00:00,1.07606,1.07599,1.07641,1.07563,1.07629,1.07623,1.07666,1.07587,7365
2017-02-03 01:00:00,1.07599,1.07684,1.07707,1.07539,1.07623,1.07706,1.07731,1.07563,17105
2017-02-03 02:00:00,1.07684,1.07593,1.077,1.07546,1.07706,1.07616,1.07723,1.0757,9546
2017-02-03 03:00:00,1.07593,1.07541,1.07602,1.07442,1.07616,1.07566,1.07625,1.07467,11530
2017-02-03 04:00:00,1.07541,1.07566,1.076,1.07535,1.07566,1.07588,1.07623,1.07559,7133
2017-02-03 05:00:00,1.07566,1.07567,1.07572,1.07485,1.07588,1.0759,1.07596,1.07509,6558
2017-02-03 06:00:00,1.07567,1.0758,1.07585,1.07474,1.0759,1.07604,1.07609,1.07499,5916
2017-02-03 07:00:00,1.0758,1.07565,1.07645,1.0752,1.07604,1.0759,1.0767,1.07544,9817
2017-02-03 08:00:00,1.07565,1.07428,1.07617,1.07403,1.0759,1.07451,1.07641,1.07426,16193
2017-02-03 09:00:00,1.07428,1.07405,1.0748,1.07378,1.07451,1.07428,1.07503,1.07401,12187
2017-02-03 10:00:00,1.07405,1.07375,1.07451,1.07354,1.07428,1.07399,1.07474,1.07378,8916
2017-02-03 11:00:00,1.07375,1.07295,1.07406,1.07262,1.07399,1.07318,1.0743,1.07285,10050
2017-02-03 12:00:00,1.07295,1.07336,1.07419,1.07268,1.07318,1.07359,1.07443,1.07291,11432
2017-02-03 13:00:00,1.07336,1.0755,1.07739,1.07076,1.07359,1.07574,1.07763,1.07135,53651
2017-02-03 14:00:00,1.0755,1.07635,1.07812,1.07545,1.07574,1.07663,1.07836,1.0757,34542
2017-02-03 15:00:00,1.07635,1.07869,1.07966,1.07609,1.07663,1.07893,1.0799,1.07633,32126
2017-02-03 16:00:00,1.07869,1.07898,1.07915,1.07756,1.07893,1.0792,1.0794,1.07781,16256
2017-02-03 17:00:00,1.07898,1.07825,1.07931,1.07782,1.0792,1.07848,1.07954,1.07806,9545
2017-02-03 18:00:00,1.07825,1.07675,1.07854,1.07633,1.07848,1.07698,1.07876,1.07656,16101
2017-02-03 19:00:00,1.07675,1.07653,1.07679,1.07577,1.07698,1.07676,1.07702,1.076,13021
2017-02-03 20:00:00,1.07653,1.07788,1.07802,1.07638,1.07676,1.07811,1.07825,1.07663,8606
2017-02-03 21:00:00,1.07788,1.07838,1.07866,1.07768,1.07811,1.07922,1.07922,1.07792,5398
2017-02-05 19:00:00,1.07838,1.07954,1.07989,1.07879,1.07922,1.07998,1.08061,1.07975,300
2017-02-05 20:00:00,1.07954,1.07933,1.08004,1.07913,1.07998,1.07977,1.0804,1.07967,191
2017-02-05 21:00:00,1.07933,1.07884,1.07979,1.07854,1.07977,1.0792,1.08023,1.0792,198
2017-02-05 22:00:00,1.07884,1.07829,1.079,1.07807,1.0792,1.07862,1.07955,1.07837,1331
2017-02-05 23:00:00,1.07829,1.07813,1.07867,1.07768,1.07862,1.07837,1.07894,1.07795,3931
2017-02-06 00:00:00,1.07813,1.0783,1.07836,1.07731,1.07837,1.07854,1.0786,1.07756,7431
2017-02-06 01:00:00,1.0783,1.0779,1.07877,1.07784,1.07854,1.07815,1.07902,1.07807,11969
2017-02-06 02:00:00,1.0779,1.07765,1.07838,1.07754,1.07815,1.07787,1.07862,1.07778,8434
2017-02-06 03:00:00,1.07765,1.07812,1.07819,1.07763,1.07787,1.07834,1.07842,1.07787,5185
2017-02-06 04:00:00,1.07812,1.07745,1.07821,1.07726,1.07834,1.07768,1.07845,1.0775,6182
2017-02-06 05:00:00,1.07745,1.07735,1.07773,1.0772,1.07768,1.07759,1.07798,1.07744,4734
2017-02-06 06:00:00,1.07735,1.07669,1.07766,1.07666,1.07759,1.07695,1.07789,1.0769,6627
2017-02-06 07:00:00,1.07669,1.07513,1.07673,1.07463,1.07695,1.07538,1.077,1.07485,15241
2017-02-06 08:00:00,1.07513,1.07495,1.07572,1.07421,1.07538,1.07519,1.07596,1.07444,20748
2017-02-06 09:00:00,1.07495,1.07454,1.07546,1.07412,1.07519,1.07477,1.0757,1.07436,13879
2017-02-06 10:00:00,1.07454,1.07394,1.07457,1.07327,1.07477,1.07417,1.0748,1.07346,12881
2017-02-06 11:00:00,1.07394,1.07358,1.07438,1.07321,1.07417,1.07381,1.07462,1.07343,15326
2017-02-06 12:00:00,1.07358,1.07324,1.07428,1.07291,1.07381,1.07347,1.07452,1.07314,13805
2017-02-06 13:00:00,1.07324,1.07122,1.07331,1.07072,1.07347,1.07145,1.07354,1.07096,29419
2017-02-06 14:00:00,1.07122,1.07278,1.07312,1.07043,1.07145,1.07302,1.07333,1.07068,24450
2017-02-06 15:00:00,1.07278,1.07379,1.07392,1.07121,1.07302,1.074,1.07413,1.07143,23241
2017-02-06 16:00:00,1.07379,1.07295,1.07417,1.07278,1.074,1.07318,1.07441,1.07302,15477
2017-02-06 17:00:00,1.07295,1.07338,1.07419,1.0728,1.07318,1.07361,1.07443,1.07303,10754
2017-02-06 18:00:00,1.07338,1.07419,1.07449,1.07278,1.07361,1.07442,1.07474,1.073,14525
2017-02-06 19:00:00,1.07419,1.07464,1.07522,1.07406,1.07442,1.07487,1.07548,1.07429,9950
2017-02-06 20:00:00,1.07464,1.07495,1.0754,1.07418,1.07487,1.07518,1.07563,1.07442,7493
2017-02-06 21:00:00,1.07495,1.07479,1.07529,1.07479,1.07518,1.07526,1.07554,1.07507,2683
2017-02-06 22:00:00,1.07479,1.07467,1.07491,1.07394,1.07526,1.07495,1.0753,1.07469,1703
2017-02-06 23:00:00,1.07467,1.07421,1.07482,1.07401,1.07495,1.07445,1.07509,1.07426,3273
2017-02-07 00:00:00,1.07421,1.07293,1.07434,1.07251,1.07445,1.07317,1.07459,1.07275,11079
2017-02-07 01:00:00,1.07293,1.07289,1.07319,1.07199,1.07317,1.07314,1.07342,1.07222,10950
2017-02-07 02:00:00,1.07289,1.07216,1.07348,1.07214,1.07314,1.07237,1.07371,1.07237,9548
2017-02-07 03:00:00,1.07216,1.07068,1.07231,1.07027,1.07237,1.07092,1.07255,1.07052,12830
2017-02-07 04:00:00,1.07068,1.07084,1.07122,1.07044,1.07092,1.07108,1.07146,1.07067,8381
2017-02-07 05:00:00,1.07084,1.07116,1.07127,1.0706,1.07108,1.07138,1.07151,1.07084,6882
2017-02-07 06:00:00,1.07116,1.06922,1.07119,1.069,1.07138,1.06947,1.07143,1.06924,11103
2017-02-07 07:00:00,1.06922,1.06808,1.06986,1.06797,1.06947,1.06833,1.0701,1.06821,19232
2017-02-07 08:00:00,1.06808,1.0673,1.06829,1.06599,1.06833,1.06755,1.06854,1.06627,26732
2017-02-07 09:00:00,1.0673,1.06586,1.06736,1.06549,1.06755,1.06609,1.0676,1.06572,15397
2017-02-07 10:00:00,1.06586,1.06669,1.06716,1.06564,1.06609,1.06692,1.06739,1.06587,12214
2017-02-07 11:00:00,1.06669,1.06707,1.06731,1.06606,1.06692,1.0673,1.06755,1.06629,12574
2017-02-07 12:00:00,1.06707,1.06755,1.06852,1.06706,1.0673,1.06778,1.06873,1.06729,13529
2017-02-07 13:00:00,1.06755,1.06746,1.06776,1.06631,1.06778,1.06771,1.06798,1.06653,12533
2017-02-07 14:00:00,1.06746,1.0671,1.06786,1.06669,1.06771,1.06734,1.06809,1.06693,16604
2017-02-07 15:00:00,1.0671,1.06842,1.06866,1.06614,1.06734,1.06866,1.0689,1.06638,17911
2017-02-07 16:00:00,1.06842,1.06888,1.06929,1.06789,1.06866,1.06911,1.06952,1.06812,18322
2017-02-07 17:00:00,1.06888,1.0691,1.07029,1.06862,1.06911,1.06932,1.07051,1.06885,9178
2017-02-07 18:00:00,1.0691,1.06931,1.07051,1.06901,1.06932,1.06955,1.07075,1.06923,8312
2017-02-07 19:00:00,1.06931,1.06951,1.06952,1.06874,1.06955,1.06973,1.06975,1.06898,5345
2017-02-07 20:00:00,1.06951,1.06873,1.06964,1.06861,1.06973,1.06898,1.06987,1.06885,3957
2017-02-07 21:00:00,1.06873,1.06823,1.06876,1.06763,1.06898,1.06854,1.069,1.06788,4873
2017-02-07 22:00:00,1.06823,1.06788,1.06826,1.06754,1.06854,1.06819,1.06854,1.06791,2244
2017-02-07 23:00:00,1.06788,1.06775,1.06812,1.0674,1.06819,1.068,1.06837,1.06765,3759
2017-02-08 00:00:00,1.06775,1.06768,1.06785,1.06665,1.068,1.06794,1.06809,1.06691,7274
2017-02-08 01:00:00,1.06768,1.0684,1.06899,1.06698,1.06794,1.06864,1.06923,1.06721,14925
2017-02-08 02:00:00,1.0684,1.06848,1.06899,1.06809,1.06864,1.06872,1.06922,1.06833,8438
2017-02-08 03:00:00,1.06848,1.06877,1.06884,1.06813,1.06872,1.06903,1.06908,1.06838,5292
2017-02-08 04:00:00,1.06877,1.06762,1.06884,1.06723,1.06903,1.06787,1.06908,1.06749,7466
2017-02-08 05:00:00,1.06762,1.06758,1.06801,1.06747,1.06787,1.06783,1.06826,1.06772,5395
2017-02-08 06:00:00,1.06758,1.06651,1.06793,1.06648,1.06783,1.06676,1.06818,1.06674,6379
2017-02-08 07:00:00,1.06651,1.06573,1.06707,1.06537,1.06676,1.06598,1.06731,1.06562,12856
2017-02-08 08:00:00,1.06573,1.06588,1.06629,1.06418,1.06598,1.06612,1.06653,1.06442,19447
2017-02-08 09:00:00,1.06588,1.0643,1.06603,1.06393,1.06612,1.06455,1.06629,1.06419,13397
2017-02-08 10:00:00,1.0643,1.06451,1.06535,1.06414,1.06455,1.06476,1.06559,1.06438,9768
2017-02-08 11:00:00,1.06451,1.0648,1.06485,1.06404,1.06476,1.06504,1.06509,1.06424,9197
2017-02-08 12:00:00,1.0648,1.06575,1.0658,1.06449,1.06504,1.06596,1.06603,1.06473,9332
2017-02-08 13:00:00,1.06575,1.0669,1.06756,1.06526,1.06596,1.06714,1.06779,1.0655,15362
2017-02-08 14:00:00,1.0669,1.06983,1.07079,1.06689,1.06714,1.07005,1.07101,1.06714,22687
2017-02-08 15:00:00,1.06983,1.07061,1.07071,1.06856,1.07005,1.07085,1.07095,1.0688,19250
2017-02-08 16:00:00,1.07061,1.07056,1.0713,1.06975,1.07085,1.0708,1.07155,1.06994,14738
2017-02-08 17:00:00,1.07056,1.06957,1.0707,1.06933,1.0708,1.0698,1.07095,1.06956,13134
2017-02-08 18:00:00,1.06957,1.06796,1.06959,1.06775,1.0698,1.06821,1.06982,1.06799,16990
2017-02-08 19:00:00,1.06796,1.06852,1.06865,1.06774,1.06821,1.06877,1.06889,1.06797,7231
2017-02-08 20:00:00,1.06852,1.06868,1.06888,1.06829,1.06877,1.06891,1.06912,1.06854,7610
2017-02-08 21:00:00,1.06868,1.06968,1.06981,1.06856,1.06891,1.07004,1.07023,1.0688,3084
2017-02-08 22:00:00,1.06968,1.06945,1.06985,1.06903,1.07004,1.06971,1.07072,1.06945,2361
2017-02-08 23:00:00,1.06945,1.06903,1.06959,1.06896,1.06971,1.06927,1.06985,1.0692,4314
2017-02-09 00:00:00,1.06903,1.06865,1.06945,1.0682,1.06927,1.0689,1.0697,1.06844,8074
2017-02-09 01:00:00,1.06865,1.06838,1.06875,1.06802,1.0689,1.06861,1.06899,1.06827,7934
2017-02-09 02:00:00,1.06838,1.06842,1.06847,1.06764,1.06861,1.06866,1.0687,1.06789,8145
2017-02-09 03:00:00,1.06842,1.06885,1.06939,1.06828,1.06866,1.0691,1.06962,1.06853,6696
2017-02-09 04:00:00,1.06885,1.06866,1.06887,1.06839,1.0691,1.0689,1.06911,1.06862,5513
2017-02-09 05:00:00,1.06866,1.06796,1.06884,1.06753,1.0689,1.0682,1.06908,1.06778,6203
2017-02-09 06:00:00,1.06796,1.06715,1.06825,1.06706,1.0682,1.06738,1.0685,1.0673,3895
2017-02-09 07:00:00,1.06715,1.06781,1.06798,1.06689,1.06738,1.06804,1.06822,1.06713,6713
2017-02-09 08:00:00,1.06781,1.06981,1.07061,1.0677,1.06804,1.07005,1.07084,1.06794,11544
2017-02-09 09:00:00,1.06981,1.0701,1.07085,1.06945,1.07005,1.07033,1.07107,1.06969,6707
2017-02-09 10:00:00,1.0701,1.06906,1.0701,1.06896,1.07033,1.06929,1.07032,1.0692,6340
2017-02-09 11:00:00,1.06906,1.06794,1.06925,1.06732,1.06929,1.06819,1.06949,1.06757,10568
2017-02-09 12:00:00,1.06794,1.06832,1.06862,1.06759,1.06819,1.06856,1.06887,1.06781,8577
2017-02-09 13:00:00,1.06832,1.06808,1.06945,1.06719,1.06856,1.06832,1.0697,1.06743,12307
2017-02-09 14:00:00,1.06808,1.06645,1.0693,1.06609,1.06832,1.06669,1.06953,1.06632,18092
2017-02-09 15:00:00,1.06645,1.06634,1.06792,1.06549,1.06669,1.06656,1.06814,1.06572,28334
2017-02-09 16:00:00,1.06634,1.06558,1.06707,1.06522,1.06656,1.06582,1.0673,1.06546,14058
2017-02-09 17:00:00,1.06558,1.06559,1.06634,1.06546,1.06582,1.06582,1.06656,1.0657,7698
2017-02-09 18:00:00,1.06559,1.06591,1.06606,1.06497,1.06582,1.06615,1.0663,1.06521,8758
2017-02-09 19:00:00,1.06591,1.06571,1.06624,1.06549,1.06615,1.06595,1.06647,1.06572,6253
2017-02-09 20:00:00,1.06571,1.06613,1.06636,1.06546,1.06595,1.06637,1.0666,1.06569,3191
2017-02-09 21:00:00,1.06613,1.06496,1.06637,1.06488,1.06637,1.0663,1.0666,1.06556,1996
2017-02-09 22:00:00,1.06496,1.06526,1.06597,1.06518,1.0663,1.06565,1.06638,1.06552,958
2017-02-09 23:00:00,1.06526,1.06561,1.06576,1.06524,1.06565,1.06587,1.06601,1.06551,3361
2017-02-10 00:00:00,1.06561,1.06541,1.06615,1.06488,1.06587,1.06566,1.06641,1.06509,7971
2017-02-10 01:00:00,1.06541,1.06602,1.0666,1.06542,1.06566,1.06625,1.06686,1.06566,7829
2017-02-10 02:00:00,1.06602,1.06583,1.06624,1.06559,1.06625,1.06608,1.06648,1.06584,4397
2017-02-10 03:00:00,1.06583,1.0661,1.06665,1.06583,1.06608,1.06635,1.0669,1.06606,4623
2017-02-10 04:00:00,1.0661,1.06609,1.06618,1.06574,1.06635,1.06634,1.06641,1.06599,2592
2017-02-10 05:00:00,1.06609,1.06517,1.0661,1.06504,1.06634,1.06542,1.06634,1.06529,2800
2017-02-10 06:00:00,1.06517,1.06582,1.06588,1.06492,1.06542,1.06605,1.0661,1.06516,2242
2017-02-10 07:00:00,1.06582,1.06388,1.06625,1.0638,1.06605,1.06412,1.06649,1.06404,5580
2017-02-10 08:00:00,1.06388,1.06387,1.06445,1.06349,1.06412,1.06411,1.0647,1.06373,5815
2017-02-10 09:00:00,1.06387,1.06411,1.06451,1.06368,1.06411,1.06435,1.06473,1.06392,5922
2017-02-10 10:00:00,1.06411,1.06436,1.06471,1.06365,1.06435,1.0646,1.06494,1.06389,4539
2017-02-10 11:00:00,1.06436,1.06386,1.06488,1.0638,1.0646,1.06408,1.06511,1.06403,4605
2017-02-10 12:00:00,1.06386,1.06255,1.06416,1.0625,1.06408,1.06277,1.0644,1.06275,6898
2017-02-10 13:00:00,1.06255,1.0618,1.06287,1.0615,1.06277,1.06206,1.06312,1.06176,9610
2017-02-10 14:00:00,1.0618,1.06207,1.06233,1.06064,1.06206,1.0624,1.06258,1.06089,14499
2017-02-10 15:00:00,1.06207,1.06232,1.06382,1.06175,1.0624,1.06255,1.06406,1.062,16170
2017-02-10 16:00:00,1.06232,1.0648,1.0651,1.06207,1.06255,1.06504,1.06534,1.0623,11710
2017-02-10 17:00:00,1.0648,1.06331,1.06507,1.06314,1.06504,1.06355,1.06531,1.06338,5985
2017-02-10 18:00:00,1.06331,1.06302,1.0652,1.0626,1.06355,1.06326,1.06544,1.06284,11557
2017-02-10 19:00:00,1.06302,1.06316,1.06327,1.06244,1.06326,1.06339,1.06351,1.06268,4921
2017-02-10 20:00:00,1.06316,1.06365,1.06375,1.0629,1.06339,1.06388,1.06402,1.06314,3347
2017-02-10 21:00:00,1.06365,1.06342,1.06377,1.06314,1.06388,1.0648,1.0648,1.06343,3003
2017-02-12 19:00:00,1.06342,1.06239,1.06249,1.0617,1.0648,1.06292,1.06317,1.06282,10
2017-02-12 20:00:00,1.06239,1.06219,1.06266,1.06219,1.06292,1.06307,1.0633,1.06282,52
2017-02-12 21:00:00,1.06219,1.06248,1.06254,1.06218,1.06307,1.06306,1.0631,1.06272,72
2017-02-12 22:00:00,1.06248,1.06296,1.06351,1.06241,1.06306,1.06339,1.06404,1.06291,1693
2017-02-12 23:00:00,1.06296,1.06178,1.06299,1.06161,1.06339,1.06201,1.06338,1.06189,4489
2017-02-13 00:00:00,1.06178,1.06202,1.0622,1.06102,1.06201,1.06227,1.06247,1.06132,8103
2017-02-13 01:00:00,1.06202,1.06191,1.06257,1.06188,1.06227,1.0622,1.06284,1.06213,7867
2017-02-13 02:00:00,1.06191,1.06147,1.06206,1.06138,1.0622,1.06169,1.06231,1.06163,7637
2017-02-13 03:00:00,1.06147,1.06178,1.06207,1.06127,1.06169,1.06203,1.06231,1.06151,8056
2017-02-13 04:00:00,1.06178,1.06214,1.06222,1.06163,1.06203,1.06239,1.06248,1.06187,6034
2017-02-13 05:00:00,1.06214,1.06271,1.06289,1.06197,1.06239,1.06295,1.06317,1.06221,7380
2017-02-13 06:00:00,1.06271,1.06293,1.0634,1.06254,1.06295,1.06318,1.06365,1.06277,8542
2017-02-13 07:00:00,1.06293,1.06418,1.06432,1.06267,1.06318,1.06441,1.06455,1.06292,12750
2017-02-13 08:00:00,1.06418,1.06478,1.06574,1.06406,1.06441,1.06503,1.06601,1.0643,18113
2017-02-13 09:00:00,1.06478,1.06362,1.0649,1.06361,1.06503,1.06385,1.06514,1.06384,14505
2017-02-13 10:00:00,1.06362,1.06384,1.0645,1.06325,1.06385,1.06409,1.06474,1.06351,11347
2017-02-13 11:00:00,1.06384,1.06404,1.06457,1.06341,1.06409,1.06429,1.06482,1.06367,11332
2017-02-13 12:00:00,1.06404,1.06311,1.06458,1.06287,1.06429,1.06335,1.06483,1.06311,11564
2017-02-13 13:00:00,1.06311,1.06226,1.06322,1.06194,1.06335,1.0625,1.06346,1.06219,17034
2017-02-13 14:00:00,1.06226,1.06006,1.06237,1.05986,1.0625,1.0603,1.06263,1.0601,20872
2017-02-13 15:00:00,1.06006,1.06031,1.06066,1.05907,1.0603,1.06056,1.06091,1.05932,21663
2017-02-13 16:00:00,1.06031,1.06011,1.06083,1.05927,1.06056,1.06035,1.06106,1.05952,17323
2017-02-13 17:00:00,1.06011,1.05946,1.06062,1.05941,1.06035,1.05971,1.06087,1.05965,12740
2017-02-13 18:00:00,1.05946,1.06021,1.0604,1.0594,1.05971,1.06044,1.06068,1.05965,9962
2017-02-13 19:00:00,1.06021,1.0598,1.06047,1.05954,1.06044,1.06006,1.06071,1.05979,10172
2017-02-13 20:00:00,1.0598,1.05947,1.06005,1.0594,1.06006,1.05973,1.06029,1.05965,6046
2017-02-13 21:00:00,1.05947,1.05904,1.05978,1.05897,1.05973,1.06032,1.06043,1.0597,2289
2017-02-13 22:00:00,1.05904,1.05947,1.05969,1.05841,1.06032,1.05975,1.06018,1.05941,1263
2017-02-13 23:00:00,1.05947,1.05977,1.05978,1.05916,1.05975,1.06002,1.06004,1.05942,2762
2017-02-14 00:00:00,1.05977,1.05992,1.06081,1.0595,1.06002,1.06016,1.06104,1.05974,7338
2017-02-14 01:00:00,1.05992,1.05946,1.06048,1.0592,1.06016,1.05972,1.06073,1.05944,8397
2017-02-14 02:00:00,1.05946,1.05973,1.05978,1.05901,1.05972,1.05997,1.06002,1.05926,5917
2017-02-14 03:00:00,1.05973,1.06029,1.0603,1.05972,1.05997,1.06053,1.06054,1.05997,5923
2017-02-14 04:00:00,1.06029,1.06096,1.0611,1.06027,1.06053,1.0612,1.06135,1.0605,7587
2017-02-14 05:00:00,1.06096,1.06183,1.06219,1.06086,1.0612,1.06207,1.06243,1.06112,7537
2017-02-14 06:00:00,1.06183,1.0621,1.06228,1.06133,1.06207,1.0624,1.06253,1.06159,7318
2017-02-14 07:00:00,1.0621,1.06061,1.06214,1.06052,1.0624,1.06085,1.06243,1.06078,11697
2017-02-14 08:00:00,1.06061,1.06301,1.06323,1.06055,1.06085,1.06325,1.06349,1.06083,21277
2017-02-14 09:00:00,1.06301,1.06155,1.06309,1.06127,1.06325,1.0619,1.06335,1.06152,17484
2017-02-14 10:00:00,1.06155,1.06162,1.06199,1.06068,1.0619,1.06187,1.06224,1.06093,16131
2017-02-14 11:00:00,1.06162,1.06273,1.06321,1.06142,1.06187,1.06297,1.06346,1.06167,11585
2017-02-14 12:00:00,1.06273,1.06206,1.06293,1.06196,1.06297,1.0623,1.06317,1.0622,10973
2017-02-14 13:00:00,1.06206,1.06117,1.06243,1.06077,1.0623,1.06143,1.06267,1.0612,19240
2017-02-14 14:00:00,1.06117,1.06085,1.06137,1.06004,1.06143,1.06111,1.06161,1.06031,19303
2017-02-14 15:00:00,1.06085,1.05625,1.06122,1.056,1.06111,1.05648,1.06171,1.05623,63066
2017-02-14 16:00:00,1.05625,1.05756,1.05798,1.05597,1.05648,1.05779,1.05823,1.05623,25874
2017-02-14 17:00:00,1.05756,1.05639,1.05761,1.05628,1.05779,1.05664,1.05785,1.05653,14008
2017-02-14 18:00:00,1.05639,1.05687,1.05728,1.05605,1.05664,1.05712,1.05753,1.05629,11210
2017-02-14 19:00:00,1.05687,1.05723,1.0575,1.0566,1.05712,1.05748,1.05775,1.05686,11416
2017-02-14 20:00:00,1.05723,1.05744,1.05749,1.05689,1.05748,1.05768,1.05777,1.05712,8499
2017-02-14 21:00:00,1.05744,1.05716,1.05788,1.05716,1.05768,1.05863,1.05863,1.0576,3494
2017-02-14 22:00:00,1.05716,1.05762,1.05787,1.05717,1.05863,1.05788,1.05832,1.05746,1916
2017-02-14 23:00:00,1.05762,1.05773,1.05783,1.05732,1.05788,1.05797,1.0581,1.05754,2468
2017-02-15 00:00:00,1.05773,1.05675,1.05778,1.05655,1.05797,1.05697,1.058,1.0568,8557
2017-02-15 01:00:00,1.05675,1.05725,1.05758,1.05639,1.05697,1.0575,1.05783,1.05663,10935
2017-02-15 02:00:00,1.05725,1.05735,1.05753,1.05671,1.0575,1.05759,1.05778,1.05695,7559
2017-02-15 03:00:00,1.05735,1.05825,1.05828,1.05725,1.05759,1.05849,1.05853,1.05749,9517
2017-02-15 04:00:00,1.05825,1.05753,1.05851,1.05742,1.05849,1.05777,1.05879,1.05767,8234
2017-02-15 05:00:00,1.05753,1.05777,1.0581,1.05748,1.05777,1.05801,1.05834,1.05773,7821
2017-02-15 06:00:00,1.05777,1.05789,1.05814,1.05753,1.05801,1.05813,1.05839,1.05778,5490
2017-02-15 07:00:00,1.05789,1.05732,1.05791,1.05678,1.05813,1.05757,1.05816,1.05703,12034
2017-02-15 08:00:00,1.05732,1.05613,1.05736,1.05513,1.05757,1.05638,1.05761,1.05536,20618
2017-02-15 09:00:00,1.05613,1.05544,1.05613,1.05463,1.05638,1.05569,1.05638,1.05488,15755
2017-02-15 10:00:00,1.05544,1.05516,1.05571,1.05412,1.05569,1.05541,1.05597,1.0544,12273
2017-02-15 11:00:00,1.05516,1.05558,1.056,1.05468,1.05541,1.05582,1.05624,1.05491,11647
2017-02-15 12:00:00,1.05558,1.05521,1.05597,1.0549,1.05582,1.05545,1.05622,1.05514,11937
2017-02-15 13:00:00,1.05521,1.0533,1.05571,1.05201,1.05545,1.05355,1.05596,1.05227,30349
2017-02-15 14:00:00,1.0533,1.05596,1.05639,1.05302,1.05355,1.05622,1.05669,1.05327,29004
2017-02-15 15:00:00,1.05596,1.05726,1.05793,1.05586,1.05622,1.0575,1.0582,1.05611,36941
2017-02-15 16:00:00,1.05726,1.05952,1.0608,1.05714,1.0575,1.05979,1.06111,1.05738,32123
2017-02-15 17:00:00,1.05952,1.05826,1.06045,1.05796,1.05979,1.05849,1.0607,1.05821,19277
2017-02-15 18:00:00,1.05826,1.05885,1.05904,1.05797,1.05849,1.0591,1.05929,1.05819,11460
2017-02-15 19:00:00,1.05885,1.05882,1.05913,1.05809,1.0591,1.05906,1.05937,1.05833,8872
2017-02-15 20:00:00,1.05882,1.0601,1.06032,1.05867,1.05906,1.06035,1.06055,1.05889,8521
2017-02-15 21:00:00,1.0601,1.05973,1.06057,1.05969,1.06035,1.0602,1.06084,1.05993,3801
2017-02-15 22:00:00,1.05973,1.05913,1.0601,1.05876,1.0602,1.0594,1.06061,1.05926,1651
2017-02-15 23:00:00,1.05913,1.0602,1.06059,1.05891,1.0594,1.06044,1.06085,1.05941,4921
2017-02-16 00:00:00,1.0602,1.06199,1.0622,1.05997,1.06044,1.06223,1.06244,1.06021,12447
2017-02-16 01:00:00,1.06199,1.06204,1.06225,1.06096,1.06223,1.0623,1.0625,1.0612,12797
2017-02-16 02:00:00,1.06204,1.06121,1.0622,1.06107,1.0623,1.06146,1.06245,1.06132,9519
2017-02-16 03:00:00,1.06121,1.06121,1.06176,1.06118,1.06146,1.06145,1.062,1.06144,7344
2017-02-16 04:00:00,1.06121,1.06142,1.06156,1.06115,1.06145,1.06167,1.06181,1.06139,4051
2017-02-16 05:00:00,1.06142,1.06198,1.06231,1.0612,1.06167,1.06221,1.06261,1.06145,5847
2017-02-16 06:00:00,1.06198,1.06068,1.06203,1.06052,1.06221,1.06092,1.06227,1.06076,8246
2017-02-16 07:00:00,1.06068,1.06106,1.06115,1.05987,1.06092,1.0613,1.06138,1.06012,12085
2017-02-16 08:00:00,1.06106,1.06338,1.06365,1.06092,1.0613,1.06362,1.06393,1.06117,24212
2017-02-16 09:00:00,1.06338,1.06385,1.06403,1.06289,1.06362,1.06409,1.06429,1.06314,15983
2017-02-16 10:00:00,1.06385,1.06303,1.06387,1.0623,1.06409,1.06327,1.06411,1.06255,13626
2017-02-16 11:00:00,1.06303,1.06327,1.06377,1.06242,1.06327,1.06351,1.06404,1.06265,12514
2017-02-16 12:00:00,1.06327,1.06396,1.06439,1.0629,1.06351,1.0642,1.06463,1.06314,16371
2017-02-16 13:00:00,1.06396,1.06359,1.06544,1.06333,1.0642,1.06379,1.0657,1.06358,27204
2017-02-16 14:00:00,1.06359,1.06575,1.06595,1.06316,1.06379,1.066,1.06621,1.06342,24916
2017-02-16 15:00:00,1.06575,1.06668,1.06754,1.06537,1.066,1.06695,1.06783,1.06561,32237
2017-02-16 16:00:00,1.06668,1.06586,1.06782,1.06574,1.06695,1.06611,1.06807,1.06598,27022
2017-02-16 17:00:00,1.06586,1.06518,1.06638,1.06463,1.06611,1.06543,1.06663,1.06486,14537
2017-02-16 18:00:00,1.06518,1.06617,1.06645,1.06485,1.06543,1.06642,1.06669,1.0651,14426
2017-02-16 19:00:00,1.06617,1.06751,1.06757,1.06579,1.06642,1.06775,1.06781,1.06603,11387
2017-02-16 20:00:00,1.06751,1.06724,1.06765,1.06683,1.06775,1.06749,1.06792,1.06706,9150
2017-02-16 21:00:00,1.06724,1.06733,1.06758,1.06701,1.06749,1.06758,1.06785,1.06725,3337
2017-02-16 22:00:00,1.06733,1.06675,1.06729,1.06638,1.06758,1.06704,1.06766,1.0669,793
2017-02-16 23:00:00,1.06675,1.06701,1.06725,1.0667,1.06704,1.06727,1.06751,1.067,3127
2017-02-17 00:00:00,1.06701,1.0667,1.06737,1.06601,1.06727,1.06694,1.06762,1.06626,9737
2017-02-17 01:00:00,1.0667,1.067,1.06735,1.06658,1.06694,1.06725,1.0676,1.06684,7960
2017-02-17 02:00:00,1.067,1.06713,1.06738,1.06684,1.06725,1.06738,1.06762,1.06706,5812
2017-02-17 03:00:00,1.06713,1.06731,1.06755,1.06691,1.06738,1.06754,1.06783,1.06715,6636
2017-02-17 04:00:00,1.06731,1.06736,1.06736,1.06709,1.06754,1.06759,1.0676,1.06734,4716
2017-02-17 05:00:00,1.06736,1.06703,1.06747,1.06679,1.06759,1.06726,1.06771,1.06705,5333
2017-02-17 06:00:00,1.06703,1.06655,1.06723,1.0664,1.06726,1.06679,1.06747,1.06665,6821
2017-02-17 07:00:00,1.06655,1.06541,1.06722,1.06534,1.06679,1.06565,1.06747,1.06558,13393
2017-02-17 08:00:00,1.06541,1.06472,1.06575,1.06391,1.06565,1.06496,1.06602,1.06419,22057
2017-02-17 09:00:00,1.06472,1.06421,1.06523,1.06359,1.06496,1.06446,1.06547,1.06384,27021
2017-02-17 10:00:00,1.06421,1.06436,1.06513,1.06388,1.06446,1.06461,1.06538,1.06412,20025
2017-02-17 11:00:00,1.06436,1.06456,1.06489,1.06405,1.06461,1.0648,1.06511,1.06429,15115
2017-02-17 12:00:00,1.06456,1.06459,1.06567,1.06435,1.0648,1.06483,1.06592,1.06459,17254
2017-02-17 13:00:00,1.06459,1.0654,1.0657,1.06435,1.06483,1.06565,1.06596,1.06458,17764
2017-02-17 14:00:00,1.0654,1.0645,1.0666,1.06431,1.06565,1.06476,1.06685,1.06456,25847
2017-02-17 15:00:00,1.0645,1.06252,1.06495,1.06224,1.06476,1.06277,1.0652,1.06252,30112
2017-02-17 16:00:00,1.06252,1.06128,1.06326,1.06107,1.06277,1.06153,1.06351,1.06132,21434
2017-02-17 17:00:00,1.06128,1.0613,1.06191,1.06112,1.06153,1.06155,1.06215,1.06136,11868
2017-02-17 18:00:00,1.0613,1.06101,1.06156,1.0606,1.06155,1.06125,1.0618,1.06085,8243
2017-02-17 19:00:00,1.06101,1.0605,1.06132,1.06044,1.06125,1.06074,1.06156,1.06067,6910
2017-02-17 20:00:00,1.0605,1.06071,1.06109,1.06046,1.06074,1.06095,1.06138,1.06072,6438
2017-02-17 21:00:00,1.06071,1.06072,1.06146,1.06025,1.06095,1.06143,1.06172,1.06084,12626
2017-02-19 20:00:00,1.06072,1.06057,1.06078,1.06019,1.06143,1.06139,1.06168,1.06099,106
2017-02-19 21:00:00,1.06057,1.06042,1.06063,1.06032,1.06139,1.06114,1.06129,1.06104,24
2017-02-19 22:00:00,1.06042,1.06189,1.06232,1.06053,1.06114,1.06231,1.06279,1.06103,1648
2017-02-19 23:00:00,1.06189,1.06241,1.06318,1.06169,1.06231,1.06266,1.06345,1.06205,7663
2017-02-20 00:00:00,1.06241,1.06181,1.06256,1.06139,1.06266,1.06205,1.06282,1.06164,9974
2017-02-20 01:00:00,1.06181,1.06085,1.06191,1.06015,1.06205,1.06112,1.06214,1.06041,10946
2017-02-20 02:00:00,1.06085,1.06095,1.06108,1.06042,1.06112,1.06119,1.06132,1.06067,10022
2017-02-20 03:00:00,1.06095,1.06118,1.06135,1.06081,1.06119,1.06143,1.06159,1.06105,5309
2017-02-20 04:00:00,1.06118,1.06172,1.06174,1.06104,1.06143,1.06197,1.06198,1.06129,5170
2017-02-20 05:00:00,1.06172,1.06132,1.06186,1.06119,1.06197,1.06155,1.06211,1.06143,6431
2017-02-20 06:00:00,1.06132,1.06136,1.06139,1.06031,1.06155,1.06165,1.06165,1.06056,9545
2017-02-20 07:00:00,1.06136,1.06156,1.06259,1.06109,1.06165,1.06181,1.06284,1.06134,10925
2017-02-20 08:00:00,1.06156,1.06212,1.06238,1.06114,1.06181,1.06237,1.06263,1.06139,14893
2017-02-20 09:00:00,1.06212,1.06214,1.06288,1.06186,1.06237,1.06238,1.06311,1.0621,14210
2017-02-20 10:00:00,1.06214,1.06191,1.06238,1.06125,1.06238,1.06214,1.06263,1.0615,9633
2017-02-20 11:00:00,1.06191,1.06225,1.06236,1.06161,1.06214,1.06249,1.0626,1.06184,9417
2017-02-20 12:00:00,1.06225,1.06087,1.06278,1.06055,1.06249,1.06111,1.06302,1.06084,14441
2017-02-20 13:00:00,1.06087,1.06196,1.06211,1.06074,1.06111,1.0622,1.06238,1.06095,9035
2017-02-20 14:00:00,1.06196,1.06211,1.06234,1.06119,1.0622,1.06237,1.06259,1.06144,9113
2017-02-20 15:00:00,1.06211,1.06195,1.06262,1.06159,1.06237,1.0622,1.06286,1.06186,7693
2017-02-20 16:00:00,1.06195,1.06185,1.06236,1.06173,1.0622,1.06209,1.06263,1.06196,5731
2017-02-20 17:00:00,1.06185,1.06083,1.06195,1.06061,1.06209,1.06111,1.06221,1.06087,5548
2017-02-20 18:00:00,1.06083,1.06094,1.06114,1.0607,1.06111,1.06127,1.06141,1.06097,3295
2017-02-20 19:00:00,1.06094,1.06126,1.06163,1.06091,1.06127,1.06166,1.06206,1.06124,7779
2017-02-20 20:00:00,1.06126,1.06133,1.06156,1.06089,1.06166,1.0617,1.06194,1.0613,6762
2017-02-20 21:00:00,1.06133,1.06079,1.06144,1.0607,1.0617,1.06148,1.06188,1.06118,3244
2017-02-20 22:00:00,1.06079,1.06124,1.06141,1.06057,1.06148,1.06165,1.06196,1.06127,2071
2017-02-20 23:00:00,1.06124,1.06076,1.06129,1.06075,1.06165,1.06102,1.06164,1.061,4876
2017-02-21 00:00:00,1.06076,1.0589,1.06116,1.0584,1.06102,1.05915,1.0614,1.05875,13303
2017-02-21 01:00:00,1.0589,1.05839,1.05899,1.05797,1.05915,1.05865,1.05923,1.05822,12134
2017-02-21 02:00:00,1.05839,1.05812,1.05871,1.05771,1.05865,1.05837,1.05896,1.05798,7963
2017-02-21 03:00:00,1.05812,1.05783,1.05823,1.05769,1.05837,1.05808,1.05847,1.05793,8570
2017-02-21 04:00:00,1.05783,1.058,1.05819,1.05759,1.05808,1.05825,1.05842,1.05785,5286
2017-02-21 05:00:00,1.058,1.05839,1.05859,1.05795,1.05825,1.05862,1.05883,1.05818,5837
2017-02-21 06:00:00,1.05839,1.05873,1.0588,1.05827,1.05862,1.05899,1.05906,1.05853,6847
2017-02-21 07:00:00,1.05873,1.05765,1.05879,1.05729,1.05899,1.05791,1.05906,1.05754,12041
2017-02-21 08:00:00,1.05765,1.0564,1.05762,1.05564,1.05791,1.05665,1.05802,1.05589,19413
2017-02-21 09:00:00,1.0564,1.05414,1.05666,1.05406,1.05665,1.05438,1.05692,1.0543,20995
2017-02-21 10:00:00,1.05414,1.05374,1.05443,1.05319,1.05438,1.05401,1.05469,1.05345,15972
2017-02-21 11:00:00,1.05374,1.05415,1.05448,1.05311,1.05401,1.05441,1.05474,1.05337,14019
2017-02-21 12:00:00,1.05415,1.05306,1.05424,1.05299,1.05441,1.0533,1.05448,1.05324,14815
2017-02-21 13:00:00,1.05306,1.05359,1.05399,1.05287,1.0533,1.05382,1.05424,1.05311,15399
2017-02-21 14:00:00,1.05359,1.05407,1.05489,1.05243,1.05382,1.05431,1.05513,1.0527,23108
2017-02-21 15:00:00,1.05407,1.05358,1.0545,1.05311,1.05431,1.05383,1.05476,1.05335,23594
2017-02-21 16:00:00,1.05358,1.05493,1.0551,1.05263,1.05383,1.05518,1.05534,1.05288,20070
2017-02-21 17:00:00,1.05493,1.05427,1.05504,1.05418,1.05518,1.05452,1.05528,1.05443,8414
2017-02-21 18:00:00,1.05427,1.05406,1.05482,1.05376,1.05452,1.05431,1.05505,1.05401,7385
2017-02-21 19:00:00,1.05406,1.05466,1.05505,1.05397,1.05431,1.0549,1.05531,1.05421,7350
2017-02-21 20:00:00,1.05466,1.05436,1.05487,1.05432,1.0549,1.0546,1.05511,1.05457,6137
2017-02-21 21:00:00,1.05436,1.05286,1.05439,1.05285,1.0546,1.05434,1.05464,1.05352,4124
2017-02-21 22:00:00,1.05286,1.05342,1.05422,1.05327,1.05434,1.05372,1.05486,1.05353,1007
2017-02-21 23:00:00,1.05342,1.05401,1.05426,1.05333,1.05372,1.05425,1.05451,1.05365,6421
2017-02-22 00:00:00,1.05401,1.05426,1.05486,1.05396,1.05425,1.05451,1.05513,1.0542,9328
2017-02-22 01:00:00,1.05426,1.05479,1.05552,1.05421,1.05451,1.05505,1.05578,1.05446,10108
2017-02-22 02:00:00,1.05479,1.05512,1.05521,1.05454,1.05505,1.05536,1.05546,1.05478,7810
2017-02-22 03:00:00,1.05512,1.05456,1.05514,1.05429,1.05536,1.05485,1.05538,1.05454,6128
2017-02-22 04:00:00,1.05456,1.05442,1.05462,1.05424,1.05485,1.05466,1.05487,1.0545,5074
2017-02-22 05:00:00,1.05442,1.05433,1.05447,1.05414,1.05466,1.05458,1.0547,1.05441,4286
2017-02-22 06:00:00,1.05433,1.0525,1.0544,1.05184,1.05458,1.05279,1.05463,1.05212,12464
2017-02-22 07:00:00,1.0525,1.05069,1.05276,1.05038,1.05279,1.05095,1.05302,1.05064,18630
2017-02-22 08:00:00,1.05069,1.0501,1.05108,1.0496,1.05095,1.05037,1.05134,1.04988,22824
2017-02-22 09:00:00,1.0501,1.05076,1.05186,1.04997,1.05037,1.05104,1.05211,1.05029,24329
2017-02-22 10:00:00,1.05076,1.0505,1.05095,1.04927,1.05104,1.05075,1.0512,1.04955,21000
2017-02-22 11:00:00,1.0505,1.0498,1.05069,1.04925,1.05075,1.05005,1.05093,1.04948,15152
2017-02-22 12:00:00,1.0498,1.05126,1.05129,1.04943,1.05005,1.05151,1.05153,1.04968,14785
2017-02-22 13:00:00,1.05126,1.05132,1.05159,1.05064,1.05151,1.05157,1.05183,1.05089,16067
2017-02-22 14:00:00,1.05132,1.05059,1.05199,1.05049,1.05157,1.05088,1.05224,1.05076,19766
2017-02-22 15:00:00,1.05059,1.05473,1.05482,1.04948,1.05088,1.055,1.05508,1.04974,50991
2017-02-22 16:00:00,1.05473,1.05532,1.05587,1.05317,1.055,1.05557,1.05611,1.05335,30267
2017-02-22 17:00:00,1.05532,1.05453,1.05644,1.05417,1.05557,1.05476,1.05671,1.05443,16727
2017-02-22 18:00:00,1.05453,1.05366,1.05473,1.05328,1.05476,1.05401,1.05499,1.05353,12901
2017-02-22 19:00:00,1.05366,1.05699,1.05715,1.05242,1.05401,1.05721,1.05737,1.05328,38508
2017-02-22 20:00:00,1.05699,1.05649,1.05729,1.05645,1.05721,1.05674,1.05758,1.05672,11953
2017-02-22 21:00:00,1.05649,1.0556,1.05692,1.05523,1.05674,1.05603,1.05716,1.05578,5044
2017-02-22 22:00:00,1.0556,1.05556,1.0561,1.05459,1.05603,1.05582,1.05675,1.05525,1459
2017-02-22 23:00:00,1.05556,1.05492,1.05564,1.0544,1.05582,1.05518,1.05608,1.05466,4737
2017-02-23 00:00:00,1.05492,1.05506,1.0552,1.05427,1.05518,1.05531,1.05548,1.05456,10587
2017-02-23 01:00:00,1.05506,1.05513,1.05549,1.05482,1.05531,1.05538,1.05574,1.05507,10293
2017-02-23 02:00:00,1.05513,1.05528,1.05535,1.05466,1.05538,1.05552,1.05561,1.0549,7278
2017-02-23 03:00:00,1.05528,1.05652,1.05659,1.05509,1.05552,1.05675,1.05684,1.05534,7626
2017-02-23 04:00:00,1.05652,1.05612,1.0566,1.05588,1.05675,1.05636,1.05685,1.05613,5358
2017-02-23 05:00:00,1.05612,1.05647,1.05713,1.05607,1.05636,1.05672,1.05738,1.05631,8112
2017-02-23 06:00:00,1.05647,1.05562,1.05663,1.05516,1.05672,1.05599,1.05688,1.05539,8348
2017-02-23 07:00:00,1.05562,1.0553,1.05594,1.05365,1.05599,1.05554,1.05628,1.05392,20122
2017-02-23 08:00:00,1.0553,1.05521,1.05635,1.05483,1.05554,1.05544,1.0566,1.05508,16891
2017-02-23 09:00:00,1.05521,1.05454,1.05581,1.05377,1.05544,1.05479,1.05604,1.05404,18592
2017-02-23 10:00:00,1.05454,1.0545,1.05495,1.05362,1.05479,1.05474,1.05522,1.05388,13588
2017-02-23 11:00:00,1.0545,1.05513,1.05548,1.05389,1.05474,1.05537,1.05575,1.05413,13270
2017-02-23 12:00:00,1.05513,1.05672,1.05684,1.05459,1.05537,1.05697,1.05709,1.05489,31295
2017-02-23 13:00:00,1.05672,1.05783,1.0584,1.05601,1.05697,1.05808,1.05865,1.05634,33662
2017-02-23 14:00:00,1.05783,1.058,1.05868,1.05699,1.05808,1.05825,1.05891,1.05725,24094
2017-02-23 15:00:00,1.058,1.05931,1.05943,1.05747,1.05825,1.05956,1.05967,1.05771,23403
2017-02-23 16:00:00,1.05931,1.05843,1.05932,1.0574,1.05956,1.05868,1.05957,1.05764,23816
2017-02-23 17:00:00,1.05843,1.05656,1.05877,1.05624,1.05868,1.05688,1.05903,1.05648,13410
2017-02-23 18:00:00,1.05656,1.05686,1.05725,1.05626,1.05688,1.0571,1.0575,1.05652,10358
2017-02-23 19:00:00,1.05686,1.05714,1.05753,1.05657,1.0571,1.05739,1.05781,1.05681,7938
2017-02-23 20:00:00,1.05714,1.05811,1.05813,1.0571,1.05739,1.05835,1.05838,1.05736,6930
2017-02-23 21:00:00,1.05811,1.05799,1.05845,1.05761,1.05835,1.05848,1.05874,1.05788,4103
2017-02-23 22:00:00,1.05799,1.05773,1.0581,1.05767,1.05848,1.05799,1.05853,1.05798,407
2017-02-23 23:00:00,1.05773,1.05829,1.05851,1.05762,1.05799,1.05853,1.05877,1.058,4855
2017-02-24 00:00:00,1.05829,1.05729,1.05839,1.05724,1.05853,1.05754,1.05863,1.05749,8838
2017-02-24 01:00:00,1.05729,1.05733,1.05755,1.05708,1.05754,1.05757,1.05781,1.05732,8209
2017-02-24 02:00:00,1.05733,1.05736,1.0574,1.05684,1.05757,1.0576,1.05763,1.05708,6746
2017-02-24 03:00:00,1.05736,1.05804,1.05815,1.05734,1.0576,1.05828,1.05841,1.05757,6191
2017-02-24 04:00:00,1.05804,1.05798,1.05846,1.05795,1.05828,1.05823,1.0587,1.05818,5944
2017-02-24 05:00:00,1.05798,1.05796,1.05822,1.05756,1.05823,1.05819,1.05845,1.05781,6213
2017-02-24 06:00:00,1.05796,1.05879,1.05885,1.05752,1.05819,1.05904,1.0591,1.05779,8415
2017-02-24 07:00:00,1.05879,1.05944,1.05978,1.05833,1.05904,1.05969,1.06004,1.05858,14093
2017-02-24 08:00:00,1.05944,1.05752,1.06028,1.0573,1.05969,1.05778,1.06055,1.05755,21498
2017-02-24 09:00:00,1.05752,1.05922,1.05942,1.05692,1.05778,1.05947,1.05967,1.05718,19517
2017-02-24 10:00:00,1.05922,1.05914,1.05935,1.0582,1.05947,1.05938,1.05959,1.05844,13381
2017-02-24 11:00:00,1.05914,1.06068,1.06091,1.05875,1.05938,1.06094,1.06119,1.059,17312
2017-02-24 12:00:00,1.06068,1.06075,1.06167,1.06022,1.06094,1.061,1.06198,1.06045,20064
2017-02-24 13:00:00,1.06075,1.06125,1.06167,1.0604,1.061,1.06149,1.06191,1.06066,20384
2017-02-24 14:00:00,1.06125,1.05699,1.06141,1.05642,1.06149,1.05734,1.06166,1.05668,34308
2017-02-24 15:00:00,1.05699,1.05654,1.05887,1.05654,1.05734,1.05679,1.05913,1.05678,26068
2017-02-24 16:00:00,1.05654,1.05787,1.05829,1.05648,1.05679,1.05811,1.05852,1.05673,20410
2017-02-24 17:00:00,1.05787,1.05674,1.05959,1.05643,1.05811,1.05697,1.05985,1.05668,17134
2017-02-24 18:00:00,1.05674,1.05695,1.05763,1.05672,1.05697,1.05719,1.05788,1.05697,9812
2017-02-24 19:00:00,1.05695,1.05632,1.05704,1.05551,1.05719,1.05657,1.05727,1.05583,11291
2017-02-24 20:00:00,1.05632,1.05604,1.05669,1.05563,1.05657,1.05629,1.05693,1.05589,9775
2017-02-24 21:00:00,1.05604,1.05586,1.05611,1.05556,1.05629,1.05645,1.05653,1.05581,3231
2017-02-26 20:00:00,1.05586,1.05656,1.05666,1.05585,1.05645,1.05728,1.05729,1.05667,43
2017-02-26 21:00:00,1.05656,1.05587,1.05662,1.0552,1.05728,1.05678,1.05719,1.05634,194
2017-02-26 22:00:00,1.05587,1.0558,1.05626,1.05573,1.05678,1.05621,1.05677,1.05613,909
2017-02-26 23:00:00,1.0558,1.05509,1.0563,1.05502,1.05621,1.05534,1.05667,1.05533,10810
2017-02-27 00:00:00,1.05509,1.05639,1.05663,1.05501,1.05534,1.05663,1.05689,1.05527,8108
2017-02-27 01:00:00,1.05639,1.05703,1.0574,1.0561,1.05663,1.05726,1.05765,1.05635,12494
2017-02-27 02:00:00,1.05703,1.05642,1.05733,1.05642,1.05726,1.05667,1.05757,1.05667,6008
2017-02-27 03:00:00,1.05642,1.05608,1.05663,1.05604,1.05667,1.05632,1.05687,1.05627,5233
2017-02-27 04:00:00,1.05608,1.05653,1.05698,1.05605,1.05632,1.05677,1.05722,1.05628,7490
2017-02-27 05:00:00,1.05653,1.05667,1.0568,1.05621,1.05677,1.05691,1.05704,1.05644,7942
2017-02-27 06:00:00,1.05667,1.05672,1.05688,1.05624,1.05691,1.05697,1.05711,1.0565,6443
2017-02-27 07:00:00,1.05672,1.05804,1.05811,1.05631,1.05697,1.05829,1.0584,1.05655,13330
2017-02-27 08:00:00,1.05804,1.05778,1.05864,1.05657,1.05829,1.05803,1.0589,1.05682,18976
2017-02-27 09:00:00,1.05778,1.05849,1.05868,1.05755,1.05803,1.05874,1.05891,1.05779,15998
2017-02-27 10:00:00,1.05849,1.05811,1.05903,1.05775,1.05874,1.05835,1.05928,1.05799,13207
2017-02-27 11:00:00,1.05811,1.05819,1.05858,1.05767,1.05835,1.05844,1.05882,1.05791,10237
2017-02-27 12:00:00,1.05819,1.05797,1.05859,1.05793,1.05844,1.0582,1.05884,1.05817,8836
2017-02-27 13:00:00,1.05797,1.05978,1.06003,1.05797,1.0582,1.06002,1.06028,1.05821,17053
2017-02-27 14:00:00,1.05978,1.05968,1.06071,1.05911,1.06002,1.06001,1.06096,1.05947,15383
2017-02-27 15:00:00,1.05968,1.0612,1.06132,1.05867,1.06001,1.06146,1.06159,1.05893,36455
2017-02-27 16:00:00,1.0612,1.0624,1.06295,1.06102,1.06146,1.06265,1.06326,1.06127,23984
2017-02-27 17:00:00,1.0624,1.06031,1.0628,1.0602,1.06265,1.06055,1.06305,1.06044,14336
2017-02-27 18:00:00,1.06031,1.05903,1.06059,1.05877,1.06055,1.05928,1.06084,1.05901,15544
2017-02-27 19:00:00,1.05903,1.05874,1.05945,1.05795,1.05928,1.05898,1.05971,1.05819,11422
2017-02-27 20:00:00,1.05874,1.05891,1.05906,1.05831,1.05898,1.05915,1.0593,1.05854,7870
2017-02-27 21:00:00,1.05891,1.05849,1.05895,1.05833,1.05915,1.05888,1.0592,1.05862,2741
2017-02-27 22:00:00,1.05849,1.05859,1.05889,1.05831,1.05888,1.05885,1.05941,1.05863,930
2017-02-27 23:00:00,1.05859,1.05827,1.05863,1.05793,1.05885,1.05852,1.05895,1.0582,3052
2017-02-28 00:00:00,1.05827,1.05782,1.05846,1.05638,1.05852,1.05807,1.0587,1.05694,12436
2017-02-28 01:00:00,1.05782,1.05824,1.05851,1.05766,1.05807,1.0585,1.05875,1.05791,7963
2017-02-28 02:00:00,1.05824,1.05844,1.05854,1.05816,1.0585,1.05866,1.05878,1.05841,5575
2017-02-28 03:00:00,1.05844,1.05846,1.05893,1.058,1.05866,1.05871,1.05919,1.05826,7635
2017-02-28 04:00:00,1.05846,1.05874,1.05909,1.05839,1.05871,1.05898,1.05935,1.05864,5363
2017-02-28 05:00:00,1.05874,1.05932,1.05944,1.05854,1.05898,1.05957,1.0597,1.05878,7462
2017-02-28 06:00:00,1.05932,1.05964,1.06026,1.05923,1.05957,1.05989,1.0605,1.05947,11339
2017-02-28 07:00:00,1.05964,1.05936,1.06004,1.05828,1.05989,1.05961,1.06031,1.05854,15552
2017-02-28 08:00:00,1.05936,1.05832,1.05935,1.05749,1.05961,1.05854,1.05964,1.05773,18680
2017-02-28 09:00:00,1.05832,1.05877,1.0593,1.0579,1.05854,1.05906,1.05955,1.05815,14087
2017-02-28 10:00:00,1.05877,1.05945,1.06034,1.05835,1.05906,1.0597,1.06059,1.05859,16049
2017-02-28 11:00:00,1.05945,1.06014,1.06064,1.05925,1.0597,1.06039,1.06098,1.05951,13722
2017-02-28 12:00:00,1.06014,1.05831,1.06046,1.05823,1.06039,1.05857,1.06071,1.05851,16245
2017-02-28 13:00:00,1.05831,1.05941,1.06065,1.0583,1.05857,1.05966,1.06093,1.05856,23805
2017-02-28 14:00:00,1.05941,1.06047,1.06059,1.05904,1.05966,1.06077,1.06088,1.05928,18340
2017-02-28 15:00:00,1.06047,1.06245,1.0629,1.05985,1.06077,1.06269,1.06311,1.06013,36329
2017-02-28 16:00:00,1.06245,1.06163,1.0629,1.06105,1.06269,1.06187,1.06311,1.06129,25890
2017-02-28 17:00:00,1.06163,1.06062,1.06243,1.06036,1.06187,1.06086,1.06268,1.06061,16127
2017-02-28 18:00:00,1.06062,1.06005,1.06096,1.05965,1.06086,1.0603,1.0612,1.0599,11375
2017-02-28 19:00:00,1.06005,1.05909,1.06038,1.05897,1.0603,1.05936,1.06063,1.05925,12590
2017-02-28 20:00:00,1.05909,1.05938,1.0597,1.05848,1.05936,1.05961,1.05996,1.05877,14483
2017-02-28 21:00:00,1.05938,1.05751,1.05938,1.05695,1.05961,1.05797,1.05963,1.05723,11241
2017-02-28 22:00:00,1.05751,1.05717,1.05769,1.05678,1.05797,1.05745,1.05798,1.05715,614
2017-02-28 23:00:00,1.05717,1.05679,1.05742,1.05653,1.05745,1.05705,1.05774,1.05681,6231
2017-03-01 00:00:00,1.05679,1.05613,1.05683,1.05587,1.05705,1.05639,1.05707,1.05612,10734
2017-03-01 01:00:00,1.05613,1.0571,1.05732,1.05538,1.05639,1.0574,1.05759,1.05564,18342
2017-03-01 02:00:00,1.0571,1.05782,1.05882,1.05597,1.0574,1.05806,1.05909,1.05625,39660
2017-03-01 03:00:00,1.05782,1.05581,1.05783,1.05529,1.05806,1.05606,1.05808,1.05554,22905
2017-03-01 04:00:00,1.05581,1.05513,1.05589,1.05496,1.05606,1.05538,1.05613,1.05521,10652
2017-03-01 05:00:00,1.05513,1.05544,1.05556,1.05503,1.05538,1.05569,1.05581,1.05528,7008
2017-03-01 06:00:00,1.05544,1.05566,1.05592,1.05524,1.05569,1.0559,1.05617,1.05547,8459
2017-03-01 07:00:00,1.05566,1.05392,1.05565,1.05362,1.0559,1.05417,1.0559,1.05391,24571
2017-03-01 08:00:00,1.05392,1.05439,1.05449,1.05247,1.05417,1.05464,1.05474,1.05271,25074
2017-03-01 09:00:00,1.05439,1.05384,1.05462,1.05333,1.05464,1.05412,1.05486,1.05357,21086
2017-03-01 10:00:00,1.05384,1.05443,1.05446,1.05326,1.05412,1.05467,1.0547,1.05351,16610
2017-03-01 11:00:00,1.05443,1.05344,1.05449,1.05248,1.05467,1.05368,1.05472,1.05278,23513
2017-03-01 12:00:00,1.05344,1.05254,1.05352,1.05222,1.05368,1.05279,1.05376,1.05249,19442
2017-03-01 13:00:00,1.05254,1.05242,1.05325,1.0513,1.05279,1.05266,1.0535,1.05155,30402
2017-03-01 14:00:00,1.05242,1.0531,1.05364,1.0519,1.05266,1.05357,1.0539,1.05213,22861
2017-03-01 15:00:00,1.0531,1.05541,1.05586,1.05223,1.05357,1.05566,1.05612,1.05263,35458
2017-03-01 16:00:00,1.05541,1.05625,1.05687,1.05486,1.05566,1.05649,1.05711,1.05511,21057
2017-03-01 17:00:00,1.05625,1.05623,1.05706,1.05608,1.05649,1.05648,1.05731,1.05632,15048
2017-03-01 18:00:00,1.05623,1.05656,1.05702,1.056,1.05648,1.05681,1.05725,1.05625,10233
2017-03-01 19:00:00,1.05656,1.05431,1.05671,1.05417,1.05681,1.05456,1.05695,1.05442,11605
2017-03-01 20:00:00,1.05431,1.0545,1.05539,1.05417,1.05456,1.05474,1.05562,1.05441,9935
2017-03-01 21:00:00,1.0545,1.05451,1.05466,1.05404,1.05474,1.05495,1.05501,1.05432,3762
2017-03-01 22:00:00,1.05451,1.055,1.05505,1.05436,1.05495,1.05525,1.05535,1.05473,923
2017-03-01 23:00:00,1.055,1.05351,1.05497,1.05334,1.05525,1.05373,1.05534,1.0536,6276
2017-03-02 00:00:00,1.05351,1.05411,1.05419,1.0528,1.05373,1.05435,1.05443,1.05305,10039
2017-03-02 01:00:00,1.05411,1.05331,1.05435,1.05321,1.05435,1.05357,1.0546,1.05345,9986
2017-03-02 02:00:00,1.05331,1.05291,1.05333,1.0527,1.05357,1.05316,1.05357,1.05294,5627
2017-03-02 03:00:00,1.05291,1.05307,1.05337,1.05285,1.05316,1.05331,1.0536,1.0531,6109
2017-03-02 04:00:00,1.05307,1.05315,1.05337,1.05283,1.05331,1.05339,1.05361,1.05307,8252
2017-03-02 05:00:00,1.05315,1.05298,1.05324,1.05292,1.05339,1.05322,1.05348,1.05317,4823
2017-03-02 06:00:00,1.05298,1.05251,1.05352,1.05251,1.05322,1.05276,1.05376,1.05276,7529
2017-03-02 07:00:00,1.05251,1.05384,1.05397,1.05207,1.05276,1.05409,1.05423,1.05234,16145
2017-03-02 08:00:00,1.05384,1.05411,1.05444,1.053,1.05409,1.05436,1.05469,1.05325,19305
2017-03-02 09:00:00,1.05411,1.05244,1.05427,1.05227,1.05436,1.05276,1.05452,1.05253,18168
2017-03-02 10:00:00,1.05244,1.05264,1.0532,1.05215,1.05276,1.0529,1.05346,1.05242,15361
2017-03-02 11:00:00,1.05264,1.05215,1.053,1.05192,1.0529,1.05239,1.0532,1.05217,14527
2017-03-02 12:00:00,1.05215,1.05183,1.05217,1.0507,1.05239,1.05207,1.05241,1.05096,18213
2017-03-02 13:00:00,1.05183,1.05129,1.05196,1.05073,1.05207,1.05154,1.0522,1.05097,21788
2017-03-02 14:00:00,1.05129,1.05039,1.05131,1.04977,1.05154,1.05063,1.05156,1.05004,26210
2017-03-02 15:00:00,1.05039,1.05235,1.05273,1.05034,1.05063,1.0526,1.05297,1.05057,28300
2017-03-02 16:00:00,1.05235,1.05127,1.0527,1.05118,1.0526,1.05151,1.05294,1.05142,18517
2017-03-02 17:00:00,1.05127,1.05052,1.05164,1.05036,1.05151,1.05075,1.05188,1.05061,13167
2017-03-02 18:00:00,1.05052,1.0504,1.05107,1.04996,1.05075,1.05064,1.05131,1.0502,11507
2017-03-02 19:00:00,1.0504,1.05004,1.05046,1.04937,1.05064,1.05026,1.05069,1.04961,10869
2017-03-02 20:00:00,1.05004,1.0506,1.05077,1.04988,1.05026,1.05081,1.05101,1.05012,10157
2017-03-02 21:00:00,1.0506,1.05041,1.0508,1.0503,1.05081,1.05083,1.05104,1.05065,3126
2017-03-02 22:00:00,1.05041,1.05052,1.05079,1.0496,1.05083,1.05081,1.05142,1.05054,705
2017-03-02 23:00:00,1.05052,1.05057,1.05066,1.05022,1.05081,1.05083,1.05097,1.05047,3699
2017-03-03 00:00:00,1.05057,1.05142,1.05159,1.05012,1.05083,1.05167,1.05189,1.05036,7021
2017-03-03 01:00:00,1.05142,1.05172,1.05175,1.05107,1.05167,1.05197,1.05206,1.05132,9338
2017-03-03 02:00:00,1.05172,1.05209,1.05221,1.05112,1.05197,1.05233,1.05246,1.05137,10240
2017-03-03 03:00:00,1.05209,1.05198,1.05221,1.05163,1.05233,1.05223,1.05246,1.05188,6735
2017-03-03 04:00:00,1.05198,1.05188,1.05218,1.05161,1.05223,1.05213,1.05242,1.05185,5499
2017-03-03 05:00:00,1.05188,1.05164,1.05197,1.0512,1.05213,1.05188,1.05221,1.05144,6651
2017-03-03 06:00:00,1.05164,1.0525,1.05258,1.0514,1.05188,1.05275,1.05284,1.05172,10451
2017-03-03 07:00:00,1.0525,1.05201,1.05258,1.05165,1.05275,1.05223,1.05285,1.05189,13185
2017-03-03 08:00:00,1.05201,1.05179,1.05206,1.05092,1.05223,1.05204,1.05231,1.05119,19002
2017-03-03 09:00:00,1.05179,1.05157,1.05269,1.05144,1.05204,1.0518,1.05294,1.05169,14919
2017-03-03 10:00:00,1.05157,1.0535,1.05401,1.05146,1.0518,1.05375,1.0543,1.05169,18812
2017-03-03 11:00:00,1.0535,1.05378,1.05454,1.05335,1.05375,1.05401,1.05484,1.05359,15848
2017-03-03 12:00:00,1.05378,1.05564,1.05637,1.05361,1.05401,1.05588,1.05665,1.05387,20689
2017-03-03 13:00:00,1.05564,1.05675,1.05721,1.05531,1.05588,1.05699,1.05747,1.05556,23525
2017-03-03 14:00:00,1.05675,1.0557,1.0569,1.05545,1.05699,1.05613,1.05715,1.0557,17996
2017-03-03 15:00:00,1.0557,1.05615,1.0568,1.05452,1.05613,1.0564,1.05702,1.0548,28510
2017-03-03 16:00:00,1.05615,1.05508,1.05618,1.05431,1.0564,1.05532,1.05642,1.05456,17926
2017-03-03 17:00:00,1.05508,1.05603,1.05628,1.05466,1.05532,1.05628,1.05655,1.05493,14589
2017-03-03 18:00:00,1.05603,1.05815,1.05816,1.05391,1.05628,1.05838,1.05842,1.05441,48786
2017-03-03 19:00:00,1.05815,1.0597,1.06077,1.05791,1.05838,1.05996,1.06103,1.05817,25803
2017-03-03 20:00:00,1.0597,1.06149,1.06159,1.05954,1.05996,1.06175,1.06193,1.05979,13497
2017-03-03 21:00:00,1.06149,1.06203,1.06227,1.06104,1.06175,1.06248,1.06257,1.0613,6355
2017-03-05 20:00:00,1.06203,1.06012,1.0603,1.05978,1.06248,1.06083,1.06102,1.06052,30
2017-03-05 21:00:00,1.06012,1.06089,1.06111,1.06007,1.06083,1.06131,1.06216,1.06076,197
2017-03-05 22:00:00,1.06089,1.06079,1.06144,1.05959,1.06131,1.06129,1.06189,1.06033,2997
2017-03-05 23:00:00,1.06079,1.06196,1.06205,1.06082,1.06129,1.06222,1.06231,1.06122,4864
2017-03-06 00:00:00,1.06196,1.06111,1.06199,1.06034,1.06222,1.06136,1.06228,1.06061,8133
2017-03-06 01:00:00,1.06111,1.06059,1.0612,1.06044,1.06136,1.06085,1.06147,1.06069,5596
2017-03-06 02:00:00,1.06059,1.06061,1.06114,1.06046,1.06085,1.06086,1.0614,1.06071,5137
2017-03-06 03:00:00,1.06061,1.06042,1.061,1.06022,1.06086,1.06067,1.06126,1.06049,4250
2017-03-06 04:00:00,1.06042,1.05994,1.06054,1.05993,1.06067,1.0602,1.0608,1.06019,2981
2017-03-06 05:00:00,1.05994,1.06028,1.06039,1.05989,1.0602,1.06051,1.06065,1.06014,2686
2017-03-06 06:00:00,1.06028,1.05981,1.06034,1.05908,1.06051,1.06007,1.0606,1.05935,4189
2017-03-06 07:00:00,1.05981,1.05977,1.06053,1.05952,1.06007,1.06001,1.06079,1.05977,8248
2017-03-06 08:00:00,1.05977,1.06243,1.0639,1.05953,1.06001,1.06265,1.0642,1.05979,20393
2017-03-06 09:00:00,1.06243,1.06008,1.06346,1.05882,1.06265,1.06033,1.06371,1.05919,25054
2017-03-06 10:00:00,1.06008,1.05901,1.06022,1.05835,1.06033,1.05926,1.06046,1.0586,15188
2017-03-06 11:00:00,1.05901,1.05793,1.05932,1.05789,1.05926,1.05816,1.05956,1.05814,11859
2017-03-06 12:00:00,1.05793,1.0587,1.05898,1.05756,1.05816,1.05894,1.05922,1.0578,11791
2017-03-06 13:00:00,1.0587,1.05964,1.06047,1.05853,1.05894,1.05988,1.0607,1.05877,13974
2017-03-06 14:00:00,1.05964,1.05969,1.06036,1.05913,1.05988,1.06,1.06061,1.05938,12648
2017-03-06 15:00:00,1.05969,1.05971,1.06069,1.05933,1.06,1.05995,1.06093,1.05957,18113
2017-03-06 16:00:00,1.05971,1.05837,1.0598,1.05798,1.05995,1.05861,1.06005,1.05822,16916
2017-03-06 17:00:00,1.05837,1.05763,1.05874,1.05755,1.05861,1.05787,1.05898,1.05779,9066
2017-03-06 18:00:00,1.05763,1.05814,1.05823,1.05732,1.05787,1.05837,1.05847,1.05757,7991
2017-03-06 19:00:00,1.05814,1.05857,1.05874,1.05811,1.05837,1.05882,1.05897,1.05835,6841
2017-03-06 20:00:00,1.05857,1.05813,1.05892,1.05793,1.05882,1.05838,1.05916,1.05815,6710
2017-03-06 21:00:00,1.05813,1.05805,1.05854,1.05802,1.05838,1.0584,1.05878,1.05824,2577
2017-03-06 22:00:00,1.05805,1.05806,1.05819,1.05762,1.0584,1.05834,1.05848,1.05791,4686
2017-03-06 23:00:00,1.05806,1.05779,1.05807,1.05748,1.05834,1.05804,1.05834,1.05772,5581
2017-03-07 00:00:00,1.05779,1.05737,1.05816,1.05716,1.05804,1.05761,1.0584,1.05741,7536
2017-03-07 01:00:00,1.05737,1.05814,1.05826,1.05719,1.05761,1.05839,1.0585,1.05743,5947
2017-03-07 02:00:00,1.05814,1.05846,1.0586,1.0581,1.05839,1.0587,1.05885,1.05835,6024
2017-03-07 03:00:00,1.05846,1.05882,1.05921,1.05826,1.0587,1.05906,1.05947,1.0585,7465
2017-03-07 04:00:00,1.05882,1.05803,1.05914,1.05802,1.05906,1.05826,1.05938,1.05826,8060
2017-03-07 05:00:00,1.05803,1.05843,1.05863,1.05789,1.05826,1.05867,1.05887,1.05813,4283
2017-03-07 06:00:00,1.05843,1.05842,1.05893,1.0582,1.05867,1.05868,1.05917,1.05845,6063
2017-03-07 07:00:00,1.05842,1.05957,1.05982,1.05812,1.05868,1.0598,1.06007,1.05835,12683
2017-03-07 08:00:00,1.05957,1.05838,1.06015,1.05832,1.0598,1.05861,1.06041,1.05855,15968
2017-03-07 09:00:00,1.05838,1.05622,1.05868,1.0562,1.05861,1.0565,1.05892,1.05646,15918
2017-03-07 10:00:00,1.05622,1.05745,1.05761,1.05569,1.0565,1.0577,1.05785,1.05594,14745
2017-03-07 11:00:00,1.05745,1.05735,1.05783,1.057,1.0577,1.05758,1.05807,1.05723,9507
2017-03-07 12:00:00,1.05735,1.05682,1.05751,1.05658,1.05758,1.05703,1.05775,1.05682,10182
2017-03-07 13:00:00,1.05682,1.05681,1.0579,1.05622,1.05703,1.05705,1.05814,1.05644,17473
2017-03-07 14:00:00,1.05681,1.05622,1.05715,1.05597,1.05705,1.05646,1.0574,1.05622,16796
2017-03-07 15:00:00,1.05622,1.05785,1.05797,1.05598,1.05646,1.05808,1.05821,1.05621,17631
2017-03-07 16:00:00,1.05785,1.05797,1.05819,1.05694,1.05808,1.05822,1.05843,1.0572,14264
2017-03-07 17:00:00,1.05797,1.05737,1.05876,1.05719,1.05822,1.05761,1.059,1.05744,10737
2017-03-07 18:00:00,1.05737,1.05657,1.05749,1.05653,1.05761,1.05681,1.05773,1.05677,8275
2017-03-07 19:00:00,1.05657,1.05659,1.05684,1.05639,1.05681,1.05683,1.05708,1.05663,6445
2017-03-07 20:00:00,1.05659,1.05688,1.0572,1.05644,1.05683,1.05712,1.05745,1.05668,5892
2017-03-07 21:00:00,1.05688,1.05631,1.0569,1.05621,1.05712,1.05679,1.05714,1.0567,2724
2017-03-07 22:00:00,1.05631,1.05648,1.05684,1.05627,1.05679,1.05677,1.05715,1.05652,1215
2017-03-07 23:00:00,1.05648,1.05683,1.05689,1.05624,1.05677,1.05707,1.05714,1.05651,2604
2017-03-08 00:00:00,1.05683,1.05699,1.05725,1.05663,1.05707,1.05724,1.05749,1.05687,6069
2017-03-08 01:00:00,1.05699,1.05666,1.05731,1.05656,1.05724,1.05688,1.05755,1.05679,6660
2017-03-08 02:00:00,1.05666,1.05675,1.05683,1.0562,1.05688,1.057,1.05707,1.05643,4462
2017-03-08 03:00:00,1.05675,1.05651,1.05677,1.05627,1.057,1.05675,1.05701,1.05652,6025
2017-03-08 04:00:00,1.05651,1.056,1.05672,1.05586,1.05675,1.05625,1.05696,1.05611,6301
2017-03-08 05:00:00,1.056,1.05621,1.05628,1.05569,1.05625,1.05645,1.05651,1.05595,6733
2017-03-08 06:00:00,1.05621,1.05642,1.05684,1.05615,1.05645,1.05671,1.05708,1.05639,5262
2017-03-08 07:00:00,1.05642,1.0559,1.05717,1.05549,1.05671,1.05615,1.05742,1.05572,13973
2017-03-08 08:00:00,1.0559,1.05549,1.05628,1.05498,1.05615,1.05571,1.05652,1.05523,17362
2017-03-08 09:00:00,1.05549,1.05546,1.0557,1.05463,1.05571,1.0557,1.05594,1.05487,15439
2017-03-08 10:00:00,1.05546,1.05559,1.05613,1.05507,1.0557,1.05583,1.05639,1.05531,11175
2017-03-08 11:00:00,1.05559,1.05591,1.0561,1.05526,1.05583,1.05616,1.05635,1.0555,10723
2017-03-08 12:00:00,1.05591,1.05567,1.05609,1.05477,1.05616,1.05591,1.05633,1.05502,13499
2017-03-08 13:00:00,1.05567,1.05526,1.05576,1.05327,1.05591,1.05552,1.056,1.0536,29129
2017-03-08 14:00:00,1.05526,1.05528,1.05614,1.05491,1.05552,1.05552,1.05637,1.05516,22468
2017-03-08 15:00:00,1.05528,1.05553,1.05602,1.05518,1.05552,1.05577,1.05626,1.0554,20830
2017-03-08 16:00:00,1.05553,1.05452,1.05568,1.05423,1.05577,1.05476,1.05592,1.05447,17823
2017-03-08 17:00:00,1.05452,1.05353,1.05473,1.0535,1.05476,1.05377,1.05498,1.05373,11526
2017-03-08 18:00:00,1.05353,1.05475,1.05493,1.0535,1.05377,1.05498,1.05519,1.05374,14882
2017-03-08 19:00:00,1.05475,1.05475,1.05504,1.05415,1.05498,1.05499,1.05528,1.05439,11707
2017-03-08 20:00:00,1.05475,1.05426,1.05487,1.054,1.05499,1.05451,1.05511,1.05425,9721
2017-03-08 21:00:00,1.05426,1.05403,1.05432,1.05373,1.05451,1.05443,1.05457,1.05398,3345
2017-03-08 22:00:00,1.05403,1.05395,1.05415,1.0537,1.05443,1.05424,1.05444,1.05397,871
2017-03-08 23:00:00,1.05395,1.05436,1.05465,1.05377,1.05424,1.05462,1.0549,1.05404,7475
2017-03-09 00:00:00,1.05436,1.05368,1.0544,1.05354,1.05462,1.05392,1.05465,1.05378,6500
2017-03-09 01:00:00,1.05368,1.05414,1.05432,1.05357,1.05392,1.05439,1.05456,1.05381,8010
2017-03-09 02:00:00,1.05414,1.05366,1.05415,1.05361,1.05439,1.0539,1.0544,1.05385,7682
2017-03-09 03:00:00,1.05366,1.05294,1.05376,1.05289,1.0539,1.05317,1.05401,1.05312,6152
2017-03-09 04:00:00,1.05294,1.05299,1.05316,1.05277,1.05317,1.05322,1.0534,1.05302,6200
2017-03-09 05:00:00,1.05299,1.05315,1.05317,1.0527,1.05322,1.05338,1.0534,1.05293,4191
2017-03-09 06:00:00,1.05315,1.05358,1.05425,1.05297,1.05338,1.05383,1.05449,1.05322,8183
2017-03-09 07:00:00,1.05358,1.05334,1.0542,1.0524,1.05383,1.05358,1.05445,1.05263,19068
2017-03-09 08:00:00,1.05334,1.05555,1.05616,1.05319,1.05358,1.0558,1.05641,1.05343,23938
2017-03-09 09:00:00,1.05555,1.05576,1.05687,1.05466,1.0558,1.056,1.05713,1.05491,20582
2017-03-09 10:00:00,1.05576,1.05562,1.05631,1.05537,1.056,1.05587,1.05656,1.05559,15694
2017-03-09 11:00:00,1.05562,1.05602,1.05644,1.05518,1.05587,1.05625,1.05667,1.0554,14327
2017-03-09 12:00:00,1.05602,1.05569,1.05648,1.05429,1.05625,1.05593,1.05673,1.05476,21122
2017-03-09 13:00:00,1.05569,1.05833,1.05918,1.05405,1.05593,1.05857,1.05946,1.05434,61717
2017-03-09 14:00:00,1.05833,1.05926,1.06143,1.05782,1.05857,1.05949,1.06171,1.05809,54790
2017-03-09 15:00:00,1.05926,1.05797,1.0593,1.05748,1.05949,1.05822,1.05954,1.05777,34762
2017-03-09 16:00:00,1.05797,1.0584,1.05849,1.05651,1.05822,1.05864,1.05874,1.05677,26184
2017-03-09 17:00:00,1.0584,1.05788,1.05867,1.0578,1.05864,1.05813,1.05891,1.05802,12316
2017-03-09 18:00:00,1.05788,1.05897,1.05958,1.05769,1.05813,1.05922,1.05981,1.05794,14880
2017-03-09 19:00:00,1.05897,1.05909,1.05936,1.05825,1.05922,1.05933,1.0596,1.05849,12002
2017-03-09 20:00:00,1.05909,1.05811,1.05941,1.0581,1.05933,1.05833,1.05965,1.05833,10128
2017-03-09 21:00:00,1.05811,1.05749,1.05841,1.05713,1.05833,1.05798,1.05865,1.05737,4985
2017-03-09 22:00:00,1.05749,1.05757,1.05806,1.05712,1.05798,1.05793,1.05851,1.05753,1874
2017-03-09 23:00:00,1.05757,1.05781,1.05781,1.05702,1.05793,1.05809,1.05814,1.0574,1979
2017-03-10 00:00:00,1.05781,1.05869,1.05912,1.0577,1.05809,1.05895,1.05943,1.05796,8973
2017-03-10 01:00:00,1.05869,1.0586,1.05879,1.05825,1.05895,1.05887,1.05904,1.0585,6571
2017-03-10 02:00:00,1.0586,1.05927,1.05948,1.05861,1.05887,1.05952,1.05974,1.05887,5606
2017-03-10 03:00:00,1.05927,1.0594,1.05995,1.05916,1.05952,1.05966,1.06022,1.05942,5611
2017-03-10 04:00:00,1.0594,1.05957,1.05968,1.05919,1.05966,1.05982,1.05992,1.05945,4644
2017-03-10 05:00:00,1.05957,1.05969,1.06016,1.0594,1.05982,1.05994,1.0604,1.05965,6068
2017-03-10 06:00:00,1.05969,1.0589,1.06009,1.05886,1.05994,1.05916,1.06034,1.05911,7040
2017-03-10 07:00:00,1.0589,1.0593,1.05977,1.05868,1.05916,1.05956,1.06001,1.05894,11873
2017-03-10 08:00:00,1.0593,1.06096,1.06176,1.05913,1.05956,1.06121,1.06199,1.0594,19520
2017-03-10 09:00:00,1.06096,1.06123,1.06182,1.06054,1.06121,1.06149,1.0621,1.06079,14708
2017-03-10 10:00:00,1.06123,1.06091,1.06157,1.06078,1.06149,1.06116,1.06179,1.06103,13161
2017-03-10 11:00:00,1.06091,1.06063,1.06111,1.06025,1.06116,1.06087,1.06134,1.06053,12245
2017-03-10 12:00:00,1.06063,1.06023,1.06141,1.06011,1.06087,1.06046,1.06164,1.06037,13314
2017-03-10 13:00:00,1.06023,1.06449,1.06457,1.05926,1.06046,1.06474,1.06482,1.06021,49027
2017-03-10 14:00:00,1.06449,1.06331,1.06506,1.06186,1.06474,1.06354,1.0653,1.06212,38677
2017-03-10 15:00:00,1.06331,1.06558,1.06695,1.06195,1.06354,1.06584,1.06721,1.0622,55536
2017-03-10 16:00:00,1.06558,1.06656,1.06758,1.06474,1.06584,1.06682,1.06782,1.06498,33077
2017-03-10 17:00:00,1.06656,1.0668,1.06762,1.06627,1.06682,1.06705,1.06787,1.06652,16433
2017-03-10 18:00:00,1.0668,1.0679,1.06854,1.06674,1.06705,1.06815,1.0688,1.06697,14005
2017-03-10 19:00:00,1.0679,1.06904,1.06912,1.06785,1.06815,1.06928,1.06938,1.06808,12077
2017-03-10 20:00:00,1.06904,1.06858,1.0698,1.06848,1.06928,1.06881,1.07004,1.06876,10841
2017-03-10 21:00:00,1.06858,1.06695,1.06884,1.06676,1.06881,1.06797,1.06908,1.06708,8543
2017-03-12 19:00:00,1.06695,1.06802,1.06811,1.06769,1.06797,1.06884,1.06906,1.06856,25
2017-03-12 20:00:00,1.06802,1.06734,1.06802,1.06682,1.06884,1.06826,1.06898,1.06766,456
2017-03-12 21:00:00,1.06734,1.06836,1.06856,1.06713,1.06826,1.06892,1.06927,1.06816,1229
2017-03-12 22:00:00,1.06836,1.0678,1.06856,1.06773,1.06892,1.0681,1.06893,1.06799,10859
2017-03-12 23:00:00,1.0678,1.06884,1.06917,1.06772,1.0681,1.06909,1.06941,1.06799,5192
2017-03-13 00:00:00,1.06884,1.06816,1.06913,1.06816,1.06909,1.06839,1.06938,1.06837,8643
2017-03-13 01:00:00,1.06816,1.06841,1.06862,1.06795,1.06839,1.06865,1.06885,1.06818,9468
2017-03-13 02:00:00,1.06841,1.06937,1.06953,1.06825,1.06865,1.06961,1.06978,1.06849,7345
2017-03-13 03:00:00,1.06937,1.06959,1.06997,1.06934,1.06961,1.06984,1.07021,1.06958,6690
2017-03-13 04:00:00,1.06959,1.06979,1.06994,1.06955,1.06984,1.07004,1.07018,1.06979,5035
2017-03-13 05:00:00,1.06979,1.06966,1.07057,1.06965,1.07004,1.06991,1.07081,1.0699,7472
2017-03-13 06:00:00,1.06966,1.07111,1.07119,1.06957,1.06991,1.07136,1.07144,1.06982,12070
2017-03-13 07:00:00,1.07111,1.06946,1.07133,1.06926,1.07136,1.0697,1.07157,1.0695,21176
2017-03-13 08:00:00,1.06946,1.0673,1.06963,1.06701,1.0697,1.06755,1.06986,1.06727,27024
2017-03-13 09:00:00,1.0673,1.06641,1.06776,1.06635,1.06755,1.06665,1.068,1.06661,23325
2017-03-13 10:00:00,1.06641,1.06722,1.06735,1.06621,1.06665,1.06746,1.06759,1.06646,17046
2017-03-13 11:00:00,1.06722,1.06666,1.06758,1.06661,1.06746,1.0669,1.06782,1.06686,17066
2017-03-13 12:00:00,1.06666,1.06581,1.06748,1.06577,1.0669,1.06605,1.06771,1.066,20661
2017-03-13 13:00:00,1.06581,1.06694,1.06695,1.06548,1.06605,1.06717,1.06719,1.06573,21393
2017-03-13 14:00:00,1.06694,1.06648,1.06706,1.06545,1.06717,1.06672,1.0673,1.06569,19041
2017-03-13 15:00:00,1.06648,1.0668,1.06781,1.06629,1.06672,1.06704,1.06806,1.06653,17662
2017-03-13 16:00:00,1.0668,1.06614,1.06721,1.06607,1.06704,1.06639,1.06745,1.0663,13799
2017-03-13 17:00:00,1.06614,1.0658,1.06649,1.06547,1.06639,1.06604,1.06672,1.06571,10690
2017-03-13 18:00:00,1.0658,1.06587,1.066,1.06522,1.06604,1.06611,1.06625,1.06545,8507
2017-03-13 19:00:00,1.06587,1.06528,1.06592,1.06521,1.06611,1.06552,1.06617,1.06547,8203
2017-03-13 20:00:00,1.06528,1.06495,1.06537,1.06495,1.06552,1.06541,1.06562,1.06534,2376
2017-03-13 21:00:00,1.06495,1.06526,1.06539,1.06512,1.06541,1.06551,1.06568,1.06541,1087
2017-03-13 22:00:00,1.06526,1.0651,1.06552,1.06509,1.06551,1.06538,1.0659,1.06533,2439
2017-03-13 23:00:00,1.0651,1.06499,1.06519,1.06436,1.06538,1.06523,1.06545,1.06459,7652
2017-03-14 00:00:00,1.06499,1.06551,1.06571,1.06489,1.06523,1.06575,1.06595,1.06514,6314
2017-03-14 01:00:00,1.06551,1.06554,1.06577,1.06508,1.06575,1.06579,1.06601,1.06532,7445
2017-03-14 02:00:00,1.06554,1.06519,1.06565,1.06513,1.06579,1.06542,1.06589,1.06537,5164
2017-03-14 03:00:00,1.06519,1.06529,1.0653,1.06492,1.06542,1.06553,1.06554,1.06516,3755
2017-03-14 04:00:00,1.06529,1.06526,1.06535,1.06501,1.06553,1.0655,1.06558,1.06525,3568
2017-03-14 05:00:00,1.06526,1.06583,1.06589,1.06525,1.0655,1.06608,1.06613,1.0655,3939
2017-03-14 06:00:00,1.06583,1.06443,1.06613,1.06388,1.06608,1.06467,1.06641,1.06412,11600
2017-03-14 07:00:00,1.06443,1.06365,1.06511,1.0636,1.06467,1.0639,1.06535,1.06386,15850
2017-03-14 08:00:00,1.06365,1.06464,1.06471,1.06317,1.0639,1.06488,1.06495,1.0634,21936
2017-03-14 09:00:00,1.06464,1.0638,1.06484,1.06362,1.06488,1.06408,1.06509,1.06388,14433
2017-03-14 10:00:00,1.0638,1.06374,1.06437,1.0634,1.06408,1.06399,1.06461,1.06366,13701
2017-03-14 11:00:00,1.06374,1.06311,1.06382,1.06275,1.06399,1.06336,1.06406,1.06302,14852
2017-03-14 12:00:00,1.06311,1.06278,1.06366,1.06236,1.06336,1.06303,1.0639,1.06274,21455
2017-03-14 13:00:00,1.06278,1.06278,1.06348,1.06258,1.06303,1.06302,1.06373,1.06283,19115
2017-03-14 14:00:00,1.06278,1.06363,1.06419,1.06245,1.06302,1.06387,1.06445,1.0627,24982
2017-03-14 15:00:00,1.06363,1.06442,1.06457,1.0632,1.06387,1.06464,1.06481,1.06344,18899
2017-03-14 16:00:00,1.06442,1.06357,1.06456,1.06353,1.06464,1.06381,1.0648,1.06377,13683
2017-03-14 17:00:00,1.06357,1.06202,1.06358,1.06192,1.06381,1.06226,1.06382,1.06221,12456
2017-03-14 18:00:00,1.06202,1.06098,1.06202,1.06037,1.06226,1.06121,1.06226,1.06061,12243
2017-03-14 19:00:00,1.06098,1.0605,1.06123,1.06014,1.06121,1.0607,1.06158,1.06042,11502
2017-03-14 20:00:00,1.0605,1.0603,1.06062,1.05986,1.0607,1.06075,1.06089,1.06011,4421
2017-03-14 21:00:00,1.0603,1.06071,1.06077,1.06023,1.06075,1.06099,1.06106,1.0605,1318
2017-03-14 22:00:00,1.06071,1.06076,1.06083,1.06031,1.06099,1.06101,1.06109,1.06061,3091
2017-03-14 23:00:00,1.06076,1.06108,1.06117,1.06077,1.06101,1.06134,1.0614,1.06101,5199
2017-03-15 00:00:00,1.06108,1.06113,1.06139,1.06098,1.06134,1.06138,1.06165,1.06123,7260
2017-03-15 01:00:00,1.06113,1.06124,1.06178,1.0611,1.06138,1.06148,1.06203,1.06134,6042
2017-03-15 02:00:00,1.06124,1.06156,1.06164,1.06115,1.06148,1.0618,1.06188,1.06139,3802
2017-03-15 03:00:00,1.06156,1.06142,1.06157,1.0611,1.0618,1.06166,1.0618,1.06134,4158
2017-03-15 04:00:00,1.06142,1.06137,1.06172,1.06123,1.06166,1.06161,1.06196,1.06147,4410
2017-03-15 05:00:00,1.06137,1.06187,1.06197,1.06124,1.06161,1.06212,1.06222,1.06149,4619
2017-03-15 06:00:00,1.06187,1.06271,1.06287,1.06155,1.06212,1.06296,1.06311,1.06179,13300
2017-03-15 07:00:00,1.06271,1.06372,1.06382,1.06249,1.06296,1.06396,1.06406,1.06273,12216
2017-03-15 08:00:00,1.06372,1.06312,1.06372,1.06257,1.06396,1.06336,1.06395,1.0628,14606
2017-03-15 09:00:00,1.06312,1.06252,1.06359,1.06213,1.06336,1.06276,1.06383,1.06236,15371
2017-03-15 10:00:00,1.06252,1.06233,1.06284,1.06167,1.06276,1.06256,1.06309,1.06191,12746
2017-03-15 11:00:00,1.06233,1.06222,1.06263,1.06193,1.06256,1.06245,1.06288,1.06217,10444
2017-03-15 12:00:00,1.06222,1.0619,1.0633,1.0618,1.06245,1.06215,1.06355,1.06204,16067
2017-03-15 13:00:00,1.0619,1.06145,1.06242,1.06061,1.06215,1.06171,1.06266,1.06085,17639
2017-03-15 14:00:00,1.06145,1.06246,1.06262,1.06112,1.06171,1.06271,1.06286,1.06136,18002
2017-03-15 15:00:00,1.06246,1.06298,1.0636,1.06236,1.06271,1.06322,1.06381,1.06259,16627
2017-03-15 16:00:00,1.06298,1.06413,1.06435,1.06258,1.06322,1.06438,1.06459,1.06282,14912
2017-03-15 17:00:00,1.06413,1.06224,1.06423,1.06187,1.06438,1.06311,1.06447,1.06276,12500
2017-03-15 18:00:00,1.06224,1.07036,1.07101,1.06152,1.06311,1.07061,1.07127,1.06253,80919
2017-03-15 19:00:00,1.07036,1.07069,1.07176,1.06841,1.07061,1.07096,1.07203,1.06864,40720
2017-03-15 20:00:00,1.07069,1.07309,1.0739,1.07044,1.07096,1.07352,1.07418,1.0707,17557
2017-03-15 21:00:00,1.07309,1.07354,1.0736,1.07211,1.07352,1.0738,1.07386,1.07256,2425
2017-03-15 22:00:00,1.07354,1.07289,1.07359,1.07277,1.0738,1.07314,1.07386,1.07303,9068
2017-03-15 23:00:00,1.07289,1.07365,1.07386,1.07289,1.07314,1.07389,1.07411,1.07316,7397
2017-03-16 00:00:00,1.07365,1.07345,1.07453,1.07321,1.07389,1.07369,1.07478,1.07345,13336
2017-03-16 01:00:00,1.07345,1.07242,1.07349,1.07221,1.07369,1.07267,1.07374,1.07246,10994
2017-03-16 02:00:00,1.07242,1.07259,1.07302,1.07212,1.07267,1.07281,1.07327,1.07235,7135
2017-03-16 03:00:00,1.07259,1.072,1.07273,1.07182,1.07281,1.07224,1.07297,1.07208,10043
2017-03-16 04:00:00,1.072,1.07224,1.07239,1.07198,1.07224,1.07248,1.07263,1.07221,5298
2017-03-16 05:00:00,1.07224,1.07252,1.07297,1.07223,1.07248,1.07277,1.0732,1.07248,6515
2017-03-16 06:00:00,1.07252,1.07271,1.07396,1.07238,1.07277,1.07297,1.0742,1.07263,10405
2017-03-16 07:00:00,1.07271,1.07246,1.07362,1.07202,1.07297,1.0727,1.07386,1.07223,28979
2017-03-16 08:00:00,1.07246,1.07081,1.0725,1.07045,1.0727,1.07106,1.07274,1.07069,23838
2017-03-16 09:00:00,1.07081,1.07098,1.07166,1.07049,1.07106,1.07126,1.0719,1.07074,15673
2017-03-16 10:00:00,1.07098,1.0723,1.07233,1.07092,1.07126,1.07254,1.07257,1.07117,15226
2017-03-16 11:00:00,1.0723,1.07233,1.073,1.07217,1.07254,1.07258,1.07324,1.0724,17170
2017-03-16 12:00:00,1.07233,1.07316,1.07345,1.07113,1.07258,1.07341,1.07368,1.07139,26804
2017-03-16 13:00:00,1.07316,1.07249,1.07341,1.07196,1.07341,1.07274,1.07366,1.07218,21169
2017-03-16 14:00:00,1.07249,1.07362,1.07422,1.07229,1.07274,1.07386,1.07445,1.07254,22080
2017-03-16 15:00:00,1.07362,1.07354,1.074,1.07249,1.07386,1.07378,1.07424,1.07273,19815
2017-03-16 16:00:00,1.07354,1.07367,1.07391,1.07322,1.07378,1.0739,1.07414,1.07347,14508
2017-03-16 17:00:00,1.07367,1.07136,1.07381,1.0711,1.0739,1.07162,1.07405,1.07135,16713
2017-03-16 18:00:00,1.07136,1.07479,1.07491,1.07064,1.07162,1.07501,1.07516,1.07087,20919
2017-03-16 19:00:00,1.07479,1.0768,1.07688,1.07401,1.07501,1.07704,1.07712,1.07426,21058
2017-03-16 20:00:00,1.0768,1.07626,1.07692,1.07621,1.07704,1.07672,1.07717,1.07659,5794
2017-03-16 21:00:00,1.07626,1.0771,1.07731,1.07614,1.07672,1.07739,1.07758,1.07638,3418
2017-03-16 22:00:00,1.0771,1.07701,1.07731,1.07648,1.07739,1.07729,1.07759,1.07683,9383
2017-03-16 23:00:00,1.07701,1.07708,1.07727,1.07675,1.07729,1.07731,1.07753,1.07699,3610
2017-03-17 00:00:00,1.07708,1.07659,1.07724,1.07642,1.07731,1.07682,1.07751,1.07666,5651
2017-03-17 01:00:00,1.07659,1.07687,1.07694,1.07636,1.07682,1.07711,1.07717,1.0766,5611
2017-03-17 02:00:00,1.07687,1.07732,1.07734,1.07684,1.07711,1.07758,1.0776,1.07709,3337
2017-03-17 03:00:00,1.07732,1.07719,1.07735,1.07691,1.07758,1.07741,1.07758,1.07716,3628
2017-03-17 04:00:00,1.07719,1.07702,1.07723,1.07685,1.07741,1.07726,1.07747,1.0771,3379
2017-03-17 05:00:00,1.07702,1.07702,1.07709,1.07658,1.07726,1.07723,1.07732,1.07683,3454
2017-03-17 06:00:00,1.07702,1.078,1.07804,1.07698,1.07723,1.07823,1.07828,1.07722,7276
2017-03-17 07:00:00,1.078,1.07526,1.07813,1.07523,1.07823,1.07549,1.07838,1.07548,21583
2017-03-17 08:00:00,1.07526,1.07688,1.07688,1.07524,1.07549,1.07709,1.07713,1.07548,17111
2017-03-17 09:00:00,1.07688,1.07739,1.07787,1.07669,1.07709,1.07762,1.0781,1.07693,15128
2017-03-17 10:00:00,1.07739,1.07661,1.07748,1.07642,1.07762,1.07685,1.07772,1.07665,14824
2017-03-17 11:00:00,1.07661,1.07338,1.07662,1.0731,1.07685,1.07363,1.07686,1.07334,29723
2017-03-17 12:00:00,1.07338,1.07346,1.07438,1.07263,1.07363,1.0737,1.07461,1.07288,21097
2017-03-17 13:00:00,1.07346,1.07407,1.07465,1.07315,1.0737,1.07443,1.07489,1.0734,24677
2017-03-17 14:00:00,1.07407,1.0743,1.07552,1.07409,1.07443,1.07454,1.07576,1.07439,24103
2017-03-17 15:00:00,1.0743,1.07405,1.07468,1.073,1.07454,1.0743,1.07492,1.07325,24020
2017-03-17 16:00:00,1.07405,1.07391,1.0748,1.07385,1.0743,1.07416,1.07504,1.07409,13816
2017-03-17 17:00:00,1.07391,1.07444,1.07542,1.07385,1.07416,1.07468,1.0757,1.07409,12554
2017-03-17 18:00:00,1.07444,1.07404,1.07512,1.07377,1.07468,1.07429,1.07536,1.07403,6796
2017-03-17 19:00:00,1.07404,1.07413,1.07463,1.07359,1.07429,1.07435,1.07487,1.07385,7253
2017-03-17 20:00:00,1.07413,1.07369,1.07413,1.07321,1.07435,1.0742,1.07436,1.07346,4235
2017-03-19 19:00:00,1.07369,1.07304,1.07387,1.07297,1.0742,1.07361,1.07436,1.07346,79
2017-03-19 20:00:00,1.07304,1.07314,1.07324,1.0728,1.07361,1.07356,1.07378,1.07343,43
2017-03-19 21:00:00,1.07314,1.07372,1.07386,1.07311,1.07356,1.07426,1.07437,1.07361,865
2017-03-19 22:00:00,1.07372,1.07404,1.07441,1.07353,1.07426,1.07432,1.0746,1.07386,2595
2017-03-19 23:00:00,1.07404,1.07412,1.0744,1.07398,1.07432,1.07435,1.07461,1.07421,2553
2017-03-20 00:00:00,1.07412,1.07494,1.07523,1.07411,1.07435,1.07519,1.07546,1.07431,5149
2017-03-20 01:00:00,1.07494,1.07563,1.07585,1.07485,1.07519,1.07587,1.07611,1.0751,6600
2017-03-20 02:00:00,1.07563,1.07596,1.07619,1.07562,1.07587,1.07618,1.07642,1.07587,5224
2017-03-20 03:00:00,1.07596,1.07588,1.07617,1.07581,1.07618,1.07612,1.07641,1.07606,3391
2017-03-20 04:00:00,1.07588,1.07622,1.07637,1.07581,1.07612,1.07646,1.07664,1.07605,3051
2017-03-20 05:00:00,1.07622,1.07634,1.07638,1.07601,1.07646,1.07658,1.07663,1.07623,4038
2017-03-20 06:00:00,1.07634,1.0769,1.07716,1.07558,1.07658,1.07715,1.07742,1.07583,7848
2017-03-20 07:00:00,1.0769,1.07683,1.07761,1.07655,1.07715,1.07707,1.07788,1.07677,18488
2017-03-20 08:00:00,1.07683,1.07629,1.07703,1.07575,1.07707,1.07653,1.07727,1.076,17431
2017-03-20 09:00:00,1.07629,1.07539,1.07654,1.07509,1.07653,1.07564,1.07677,1.07533,13983
2017-03-20 10:00:00,1.07539,1.07588,1.07611,1.07491,1.07564,1.07612,1.07636,1.07514,10663
2017-03-20 11:00:00,1.07588,1.07485,1.07605,1.07484,1.07612,1.07511,1.07627,1.07508,13595
2017-03-20 12:00:00,1.07485,1.07501,1.07546,1.07425,1.07511,1.07525,1.07571,1.07449,14874
2017-03-20 13:00:00,1.07501,1.07513,1.07588,1.07444,1.07525,1.07537,1.07611,1.07468,17258
2017-03-20 14:00:00,1.07513,1.07525,1.07571,1.07494,1.07537,1.07547,1.07593,1.07519,15831
2017-03-20 15:00:00,1.07525,1.07518,1.07565,1.0746,1.07547,1.07542,1.07593,1.07485,15127
2017-03-20 16:00:00,1.07518,1.07359,1.07545,1.07334,1.07542,1.07383,1.07569,1.07358,15635
2017-03-20 17:00:00,1.07359,1.0727,1.07464,1.07239,1.07383,1.07295,1.07488,1.07263,11936
2017-03-20 18:00:00,1.0727,1.07318,1.07374,1.07268,1.07295,1.07342,1.07399,1.07293,6343
2017-03-20 19:00:00,1.07318,1.07421,1.07443,1.07301,1.07342,1.07446,1.07467,1.07326,6706
2017-03-20 20:00:00,1.07421,1.07382,1.07438,1.07371,1.07446,1.07427,1.07462,1.07397,2934
2017-03-20 21:00:00,1.07382,1.07354,1.07404,1.07348,1.07427,1.07381,1.07432,1.07378,1828
2017-03-20 22:00:00,1.07354,1.07327,1.07379,1.07324,1.07381,1.07352,1.07407,1.07349,3849
2017-03-20 23:00:00,1.07327,1.07357,1.07361,1.07178,1.07352,1.07382,1.07387,1.07204,6702
2017-03-21 00:00:00,1.07357,1.07587,1.07662,1.07342,1.07382,1.07612,1.0769,1.07366,12577
2017-03-21 01:00:00,1.07587,1.07636,1.07687,1.07574,1.07612,1.0766,1.07711,1.07601,10784
2017-03-21 02:00:00,1.07636,1.07569,1.07641,1.07556,1.0766,1.07593,1.07666,1.07581,5978
2017-03-21 03:00:00,1.07569,1.07544,1.07603,1.07513,1.07593,1.07568,1.07627,1.07538,6077
2017-03-21 04:00:00,1.07544,1.07548,1.07573,1.07538,1.07568,1.07572,1.07597,1.07562,2776
2017-03-21 05:00:00,1.07548,1.07595,1.07657,1.07535,1.07572,1.07619,1.07681,1.0756,4920
2017-03-21 06:00:00,1.07595,1.0772,1.07736,1.07583,1.07619,1.07745,1.0776,1.07608,7973
2017-03-21 07:00:00,1.0772,1.07796,1.07867,1.07678,1.07745,1.07821,1.07897,1.07703,21425
2017-03-21 08:00:00,1.07796,1.07942,1.08012,1.07795,1.07821,1.07969,1.08034,1.07821,22708
2017-03-21 09:00:00,1.07942,1.07912,1.0803,1.07876,1.07969,1.07936,1.08053,1.079,19188
2017-03-21 10:00:00,1.07912,1.07993,1.08014,1.07896,1.07936,1.08017,1.08038,1.0792,13118
2017-03-21 11:00:00,1.07993,1.08076,1.08109,1.07982,1.08017,1.08102,1.08135,1.08006,16070
2017-03-21 12:00:00,1.08076,1.07948,1.08105,1.07919,1.08102,1.07973,1.08129,1.07943,16327
2017-03-21 13:00:00,1.07948,1.08144,1.08149,1.07939,1.07973,1.08168,1.08175,1.07964,19431
2017-03-21 14:00:00,1.08144,1.08117,1.08182,1.08045,1.08168,1.08142,1.08207,1.0807,25106
2017-03-21 15:00:00,1.08117,1.08076,1.08129,1.07924,1.08142,1.081,1.08154,1.07949,34494
2017-03-21 16:00:00,1.08076,1.08143,1.08173,1.08049,1.081,1.08168,1.08198,1.08075,19053
2017-03-21 17:00:00,1.08143,1.08078,1.08172,1.0805,1.08168,1.08103,1.08197,1.08074,15038
2017-03-21 18:00:00,1.08078,1.07989,1.08101,1.07943,1.08103,1.08013,1.08125,1.07968,15612
2017-03-21 19:00:00,1.07989,1.08094,1.08127,1.0798,1.08013,1.0812,1.08155,1.08003,14297
2017-03-21 20:00:00,1.08094,1.08085,1.08127,1.08075,1.0812,1.08132,1.08152,1.08115,4183
2017-03-21 21:00:00,1.08085,1.08053,1.08092,1.08019,1.08132,1.08081,1.08131,1.08048,1074
2017-03-21 22:00:00,1.08053,1.08112,1.08165,1.08019,1.08081,1.08139,1.08191,1.08047,8293
2017-03-21 23:00:00,1.08112,1.08112,1.08139,1.08074,1.08139,1.08136,1.08163,1.08098,4112
2017-03-22 00:00:00,1.08112,1.07983,1.08117,1.0798,1.08136,1.08008,1.0814,1.08003,8405
2017-03-22 01:00:00,1.07983,1.07958,1.08009,1.07917,1.08008,1.07983,1.08033,1.07945,7521
2017-03-22 02:00:00,1.07958,1.0793,1.0798,1.07872,1.07983,1.07954,1.08004,1.07899,6656
2017-03-22 03:00:00,1.0793,1.07928,1.07936,1.07904,1.07954,1.07952,1.07961,1.07928,4731
2017-03-22 04:00:00,1.07928,1.08,1.08014,1.07909,1.07952,1.08025,1.08038,1.07935,4490
2017-03-22 05:00:00,1.08,1.07988,1.08041,1.07977,1.08025,1.08013,1.08067,1.08001,5725
2017-03-22 06:00:00,1.07988,1.08127,1.08174,1.07946,1.08013,1.08151,1.08202,1.0797,11458
2017-03-22 07:00:00,1.08127,1.08009,1.08132,1.07905,1.08151,1.08034,1.08156,1.07932,16310
2017-03-22 08:00:00,1.08009,1.0786,1.08084,1.07828,1.08034,1.07884,1.08108,1.07852,23903
2017-03-22 09:00:00,1.0786,1.07841,1.07866,1.07747,1.07884,1.07866,1.07891,1.07771,19048
2017-03-22 10:00:00,1.07841,1.07943,1.07995,1.07819,1.07866,1.07968,1.08025,1.07844,13280
2017-03-22 11:00:00,1.07943,1.07856,1.07949,1.07838,1.07968,1.07879,1.07973,1.07862,12311
2017-03-22 12:00:00,1.07856,1.08017,1.08018,1.07838,1.07879,1.08042,1.08042,1.07863,14007
2017-03-22 13:00:00,1.08017,1.07983,1.08075,1.0792,1.08042,1.08022,1.081,1.07946,25830
2017-03-22 14:00:00,1.07983,1.08158,1.08235,1.0798,1.08022,1.08184,1.08261,1.08019,33156
2017-03-22 15:00:00,1.08158,1.07987,1.08202,1.07983,1.08184,1.08012,1.08226,1.08008,26549
2017-03-22 16:00:00,1.07987,1.08047,1.08065,1.07969,1.08012,1.08071,1.08089,1.07993,16459
2017-03-22 17:00:00,1.08047,1.08094,1.08155,1.08046,1.08071,1.0812,1.0818,1.0807,18131
2017-03-22 18:00:00,1.08094,1.07954,1.08106,1.07934,1.0812,1.07979,1.08132,1.07959,11191
2017-03-22 19:00:00,1.07954,1.07939,1.07966,1.07888,1.07979,1.07966,1.0799,1.07913,10004
2017-03-22 20:00:00,1.07939,1.07958,1.08017,1.07932,1.07966,1.08002,1.08042,1.07958,3645
2017-03-22 21:00:00,1.07958,1.07914,1.07965,1.0791,1.08002,1.07941,1.07999,1.07926,984
2017-03-22 22:00:00,1.07914,1.07926,1.0795,1.07888,1.07941,1.07952,1.07975,1.07915,3254
2017-03-22 23:00:00,1.07926,1.07881,1.07933,1.0788,1.07952,1.07906,1.07957,1.07906,3011
2017-03-23 00:00:00,1.07881,1.07849,1.0794,1.0784,1.07906,1.07872,1.07965,1.07865,6979
2017-03-23 01:00:00,1.07849,1.07842,1.07869,1.07804,1.07872,1.07866,1.07893,1.07829,7409
2017-03-23 02:00:00,1.07842,1.07838,1.07851,1.0781,1.07866,1.07862,1.07875,1.07835,4606
2017-03-23 03:00:00,1.07838,1.07881,1.07909,1.0782,1.07862,1.07906,1.07934,1.07845,3249
2017-03-23 04:00:00,1.07881,1.07912,1.07931,1.0787,1.07906,1.07937,1.07956,1.07894,3826
2017-03-23 05:00:00,1.07912,1.0789,1.07939,1.07876,1.07937,1.07915,1.07964,1.07902,4290
2017-03-23 06:00:00,1.0789,1.07985,1.08039,1.07884,1.07915,1.0801,1.08065,1.07909,6360
2017-03-23 07:00:00,1.07985,1.07931,1.08026,1.07904,1.0801,1.07955,1.0805,1.07929,10438
2017-03-23 08:00:00,1.07931,1.07733,1.07931,1.07679,1.07955,1.07757,1.07957,1.07711,17417
2017-03-23 09:00:00,1.07733,1.07701,1.07843,1.07683,1.07757,1.07726,1.07866,1.07708,17574
2017-03-23 10:00:00,1.07701,1.0787,1.07917,1.07669,1.07726,1.07896,1.07943,1.07692,19332
2017-03-23 11:00:00,1.0787,1.07836,1.07937,1.07815,1.07896,1.07859,1.07962,1.07838,13577
2017-03-23 12:00:00,1.07836,1.07855,1.07866,1.07735,1.07859,1.0788,1.0789,1.07759,17231
2017-03-23 13:00:00,1.07855,1.07838,1.07898,1.07743,1.0788,1.07867,1.07922,1.07769,28551
2017-03-23 14:00:00,1.07838,1.07878,1.0791,1.07754,1.07867,1.07902,1.07935,1.07778,22679
2017-03-23 15:00:00,1.07878,1.0786,1.07926,1.07726,1.07902,1.07884,1.0795,1.0775,23198
2017-03-23 16:00:00,1.0786,1.07867,1.07875,1.0779,1.07884,1.0789,1.079,1.07815,18049
2017-03-23 17:00:00,1.07867,1.078,1.07897,1.07749,1.0789,1.07824,1.07921,1.07776,23631
2017-03-23 18:00:00,1.078,1.07828,1.07845,1.07775,1.07824,1.07853,1.0787,1.07799,8646
2017-03-23 19:00:00,1.07828,1.0783,1.07885,1.07795,1.07853,1.07853,1.07912,1.07819,16213
2017-03-23 20:00:00,1.0783,1.07825,1.0788,1.07815,1.07853,1.07871,1.07904,1.07847,2820
2017-03-23 21:00:00,1.07825,1.07814,1.07843,1.07779,1.07871,1.07844,1.07871,1.07806,1321
2017-03-23 22:00:00,1.07814,1.07812,1.07822,1.07781,1.07844,1.07835,1.0785,1.07807,7565
2017-03-23 23:00:00,1.07812,1.07822,1.07844,1.07794,1.07835,1.07846,1.07869,1.0782,2739
2017-03-24 00:00:00,1.07822,1.07655,1.07846,1.07614,1.07846,1.07679,1.07873,1.0764,9297
2017-03-24 01:00:00,1.07655,1.07663,1.07706,1.07633,1.07679,1.07686,1.0773,1.07657,6221
2017-03-24 02:00:00,1.07663,1.07607,1.07675,1.0759,1.07686,1.07631,1.07699,1.07615,6895
2017-03-24 03:00:00,1.07607,1.07671,1.07674,1.07605,1.07631,1.07695,1.07699,1.0763,4946
2017-03-24 04:00:00,1.07671,1.0763,1.07684,1.07612,1.07695,1.07654,1.07709,1.07637,3948
2017-03-24 05:00:00,1.0763,1.07668,1.07668,1.07601,1.07654,1.07693,1.07693,1.07626,4232
2017-03-24 06:00:00,1.07668,1.07623,1.07677,1.07598,1.07693,1.07649,1.07702,1.07623,5542
2017-03-24 07:00:00,1.07623,1.07714,1.07732,1.07609,1.07649,1.07743,1.07757,1.07633,10757
2017-03-24 08:00:00,1.07714,1.07979,1.0806,1.07711,1.07743,1.08003,1.08092,1.07739,22829
2017-03-24 09:00:00,1.07979,1.08029,1.08042,1.07916,1.08003,1.08054,1.08066,1.0794,13127
2017-03-24 10:00:00,1.08029,1.08027,1.08115,1.08011,1.08054,1.08051,1.0814,1.08033,14043
2017-03-24 11:00:00,1.08027,1.08052,1.08082,1.07965,1.08051,1.08076,1.08105,1.07989,11726
2017-03-24 12:00:00,1.08052,1.0805,1.08069,1.07961,1.08076,1.08074,1.08093,1.07985,15982
2017-03-24 13:00:00,1.0805,1.0797,1.0807,1.07938,1.08074,1.07994,1.08097,1.07963,17016
2017-03-24 14:00:00,1.0797,1.07973,1.08024,1.07894,1.07994,1.07996,1.0805,1.07919,14820
2017-03-24 15:00:00,1.07973,1.0803,1.08114,1.07946,1.07996,1.08054,1.08138,1.07971,14381
2017-03-24 16:00:00,1.0803,1.08061,1.08143,1.07985,1.08054,1.08084,1.08167,1.0801,23601
2017-03-24 17:00:00,1.08061,1.08028,1.08109,1.07986,1.08084,1.08051,1.08134,1.08011,11365
2017-03-24 18:00:00,1.08028,1.08047,1.08061,1.07991,1.08051,1.08071,1.08084,1.08014,7344
2017-03-24 19:00:00,1.08047,1.07921,1.08169,1.07895,1.08071,1.07944,1.08194,1.0792,27860
2017-03-24 20:00:00,1.07921,1.07951,1.0804,1.07896,1.07944,1.08018,1.08073,1.07939,6725
2017-03-26 19:00:00,1.07951,1.08336,1.08447,1.08118,1.08018,1.08417,1.08566,1.08236,1408
2017-03-26 20:00:00,1.08336,1.08321,1.08393,1.08319,1.08417,1.08443,1.08462,1.08384,376
2017-03-26 21:00:00,1.08321,1.08311,1.08333,1.08197,1.08443,1.08355,1.08414,1.08296,2844
2017-03-26 22:00:00,1.08311,1.08468,1.08477,1.08281,1.08355,1.08496,1.08522,1.08318,7521
2017-03-26 23:00:00,1.08468,1.08443,1.08483,1.08428,1.08496,1.08468,1.08509,1.08452,6550
2017-03-27 00:00:00,1.08443,1.08447,1.08471,1.08366,1.08468,1.08471,1.08495,1.08391,8267
2017-03-27 01:00:00,1.08447,1.08387,1.08483,1.08382,1.08471,1.08411,1.08509,1.08406,6874
2017-03-27 02:00:00,1.08387,1.08437,1.08469,1.08386,1.08411,1.08461,1.08493,1.0841,4457
2017-03-27 03:00:00,1.08437,1.0845,1.08486,1.08434,1.08461,1.08474,1.0851,1.08459,3669
2017-03-27 04:00:00,1.0845,1.08426,1.08468,1.08413,1.08474,1.08452,1.08491,1.08438,3299
2017-03-27 05:00:00,1.08426,1.08483,1.08488,1.08423,1.08452,1.08508,1.08511,1.08447,4252
2017-03-27 06:00:00,1.08483,1.08621,1.08684,1.08441,1.08508,1.08645,1.08712,1.08465,17819
2017-03-27 07:00:00,1.08621,1.08643,1.08723,1.08568,1.08645,1.08671,1.08747,1.08593,21578
2017-03-27 08:00:00,1.08643,1.08586,1.0871,1.08563,1.08671,1.0861,1.08735,1.08588,13475
2017-03-27 09:00:00,1.08586,1.08664,1.08683,1.08524,1.0861,1.08689,1.08708,1.08548,10968
2017-03-27 10:00:00,1.08664,1.08643,1.08701,1.08597,1.08689,1.08666,1.08726,1.08621,8110
2017-03-27 11:00:00,1.08643,1.08756,1.08808,1.08625,1.08666,1.08781,1.08837,1.08649,12861
2017-03-27 12:00:00,1.08756,1.08929,1.08954,1.08742,1.08781,1.08954,1.08978,1.08764,18858
2017-03-27 13:00:00,1.08929,1.08783,1.09047,1.08768,1.08954,1.08807,1.09077,1.08794,24509
2017-03-27 14:00:00,1.08783,1.08838,1.08876,1.08752,1.08807,1.08863,1.089,1.08777,18523
2017-03-27 15:00:00,1.08838,1.08804,1.089,1.0878,1.08863,1.08828,1.08925,1.08803,14389
2017-03-27 16:00:00,1.08804,1.08626,1.08821,1.0861,1.08828,1.08651,1.08845,1.08635,10934
2017-03-27 17:00:00,1.08626,1.08683,1.08713,1.08622,1.08651,1.08706,1.08737,1.08647,7670
2017-03-27 18:00:00,1.08683,1.0866,1.08718,1.08649,1.08706,1.08684,1.08742,1.08674,5430
2017-03-27 19:00:00,1.0866,1.08638,1.08669,1.08611,1.08684,1.08662,1.08694,1.08636,6733
2017-03-27 20:00:00,1.08638,1.08616,1.08653,1.08601,1.08662,1.0864,1.08678,1.08624,3592
2017-03-27 21:00:00,1.08616,1.08621,1.08643,1.08614,1.0864,1.0865,1.0867,1.08643,778
2017-03-27 22:00:00,1.08621,1.08635,1.08652,1.08598,1.0865,1.08661,1.08679,1.08622,3841
2017-03-27 23:00:00,1.08635,1.08598,1.08634,1.08571,1.08661,1.08622,1.0866,1.08597,2947
2017-03-28 00:00:00,1.08598,1.08553,1.08674,1.08542,1.08622,1.08577,1.08698,1.08566,6780
2017-03-28 01:00:00,1.08553,1.0863,1.08653,1.08544,1.08577,1.08655,1.08677,1.08569,4809
2017-03-28 02:00:00,1.0863,1.08585,1.08631,1.08578,1.08655,1.08609,1.08655,1.08602,3598
2017-03-28 03:00:00,1.08585,1.08612,1.08641,1.08577,1.08609,1.08636,1.08664,1.08601,2937
2017-03-28 04:00:00,1.08612,1.08648,1.08671,1.08612,1.08636,1.08673,1.08695,1.08636,3160
2017-03-28 05:00:00,1.08648,1.08628,1.08715,1.08609,1.08673,1.08652,1.08739,1.08634,5208
2017-03-28 06:00:00,1.08628,1.08524,1.08632,1.08471,1.08652,1.08549,1.08654,1.08497,13158
2017-03-28 07:00:00,1.08524,1.08575,1.0868,1.085,1.08549,1.08597,1.08719,1.08524,14796
2017-03-28 08:00:00,1.08575,1.08579,1.08593,1.08444,1.08597,1.08604,1.08619,1.08468,12724
2017-03-28 09:00:00,1.08579,1.08567,1.08636,1.08557,1.08604,1.08592,1.08661,1.08581,9478
2017-03-28 10:00:00,1.08567,1.08528,1.08606,1.08519,1.08592,1.08552,1.08629,1.08541,6277
2017-03-28 11:00:00,1.08528,1.08511,1.08586,1.0848,1.08552,1.08535,1.0861,1.08504,9992
2017-03-28 12:00:00,1.08511,1.0858,1.08663,1.08478,1.08535,1.08604,1.08686,1.08501,15068
2017-03-28 13:00:00,1.0858,1.08666,1.08695,1.08552,1.08604,1.08699,1.08719,1.08577,13421
2017-03-28 14:00:00,1.08666,1.0867,1.08709,1.08566,1.08699,1.08694,1.08734,1.0859,17671
2017-03-28 15:00:00,1.0867,1.08498,1.0868,1.08488,1.08694,1.08523,1.08705,1.08512,15632
2017-03-28 16:00:00,1.08498,1.08322,1.08519,1.08285,1.08523,1.08346,1.08542,1.08313,12881
2017-03-28 17:00:00,1.08322,1.08226,1.0838,1.08195,1.08346,1.08248,1.08404,1.08219,14289
2017-03-28 18:00:00,1.08226,1.08069,1.08226,1.07975,1.08248,1.08094,1.08251,1.08,16751
2017-03-28 19:00:00,1.08069,1.0812,1.08121,1.08027,1.08094,1.08145,1.08147,1.08048,7717
2017-03-28 20:00:00,1.0812,1.08117,1.08152,1.08073,1.08145,1.08164,1.08177,1.08101,3593
2017-03-28 21:00:00,1.08117,1.08117,1.0813,1.08085,1.08164,1.08148,1.08163,1.08113,790
2017-03-28 22:00:00,1.08117,1.08133,1.08156,1.0811,1.08148,1.08157,1.08184,1.08148,2364
2017-03-28 23:00:00,1.08133,1.08153,1.08227,1.08071,1.08157,1.08178,1.08254,1.08096,8880
2017-03-29 00:00:00,1.08153,1.08163,1.08199,1.08077,1.08178,1.08187,1.08223,1.08103,8455
2017-03-29 01:00:00,1.08163,1.08148,1.08189,1.08107,1.08187,1.08172,1.08213,1.08131,5906
2017-03-29 02:00:00,1.08148,1.08186,1.08254,1.08134,1.08172,1.08211,1.08279,1.08158,5892
2017-03-29 03:00:00,1.08186,1.08149,1.08187,1.08126,1.08211,1.08174,1.08212,1.08151,3630
2017-03-29 04:00:00,1.08149,1.08138,1.08154,1.08113,1.08174,1.08162,1.08178,1.08137,2745
2017-03-29 05:00:00,1.08138,1.08117,1.08139,1.08035,1.08162,1.08143,1.08163,1.08059,5266
2017-03-29 06:00:00,1.08117,1.0793,1.08117,1.07847,1.08143,1.07955,1.08143,1.07876,16803
2017-03-29 07:00:00,1.0793,1.07842,1.07994,1.07761,1.07955,1.07866,1.0802,1.07787,18508
2017-03-29 08:00:00,1.07842,1.07871,1.07933,1.07814,1.07866,1.07895,1.07955,1.07837,14361
2017-03-29 09:00:00,1.07871,1.07898,1.07918,1.07829,1.07895,1.07921,1.07941,1.07853,10290
2017-03-29 10:00:00,1.07898,1.07859,1.07935,1.07855,1.07921,1.07883,1.07957,1.07878,7289
2017-03-29 11:00:00,1.07859,1.07511,1.07919,1.07457,1.07883,1.07535,1.07944,1.07484,27993
2017-03-29 12:00:00,1.07511,1.07625,1.07649,1.07385,1.07535,1.0765,1.07672,1.07411,26427
2017-03-29 13:00:00,1.07625,1.07536,1.07626,1.07428,1.0765,1.07562,1.0765,1.0745,18750
2017-03-29 14:00:00,1.07536,1.07481,1.07614,1.07448,1.07562,1.07505,1.07639,1.07472,19298
2017-03-29 15:00:00,1.07481,1.07545,1.07596,1.07455,1.07505,1.07569,1.0762,1.07478,16580
2017-03-29 16:00:00,1.07545,1.07502,1.0757,1.07498,1.07569,1.07527,1.07595,1.07522,8261
2017-03-29 17:00:00,1.07502,1.0754,1.07646,1.07496,1.07527,1.07565,1.07671,1.07519,8982
2017-03-29 18:00:00,1.0754,1.07568,1.07572,1.07481,1.07565,1.07591,1.07597,1.07505,6155
2017-03-29 19:00:00,1.07568,1.07706,1.07723,1.07558,1.07591,1.0773,1.0775,1.07583,8382
2017-03-29 20:00:00,1.07706,1.07633,1.07711,1.07597,1.0773,1.07673,1.07735,1.07621,3759
2017-03-29 21:00:00,1.07633,1.07659,1.07685,1.07616,1.07673,1.07685,1.07715,1.07656,1313
2017-03-29 22:00:00,1.07659,1.0764,1.07672,1.07623,1.07685,1.07667,1.07705,1.07652,2002
2017-03-29 23:00:00,1.0764,1.07572,1.07639,1.07564,1.07667,1.07597,1.07666,1.07587,1899
2017-03-30 00:00:00,1.07572,1.07504,1.07587,1.07489,1.07597,1.07528,1.0761,1.07514,6100
2017-03-30 01:00:00,1.07504,1.07512,1.07564,1.07489,1.07528,1.07536,1.07587,1.07513,6090
2017-03-30 02:00:00,1.07512,1.07447,1.07528,1.07398,1.07536,1.0747,1.07552,1.0743,5236
2017-03-30 03:00:00,1.07447,1.07504,1.0751,1.07438,1.0747,1.07528,1.07533,1.07462,2837
2017-03-30 04:00:00,1.07504,1.07522,1.07534,1.07498,1.07528,1.07546,1.07559,1.07521,2511
2017-03-30 05:00:00,1.07522,1.0754,1.07552,1.07493,1.07546,1.07563,1.07578,1.07517,3906
2017-03-30 06:00:00,1.0754,1.07605,1.07669,1.0752,1.07563,1.07628,1.07695,1.07544,9792
2017-03-30 07:00:00,1.07605,1.07359,1.0762,1.0734,1.07628,1.07384,1.07644,1.07362,19605
2017-03-30 08:00:00,1.07359,1.07319,1.07396,1.07295,1.07384,1.07342,1.07419,1.0732,13328
2017-03-30 09:00:00,1.07319,1.07365,1.07412,1.07294,1.07342,1.07389,1.07437,1.0732,13389
2017-03-30 10:00:00,1.07365,1.07386,1.07429,1.0732,1.07389,1.07409,1.07455,1.07344,11531
2017-03-30 11:00:00,1.07386,1.07358,1.07461,1.07358,1.07409,1.07383,1.07485,1.07382,10666
2017-03-30 12:00:00,1.07358,1.07206,1.07431,1.07196,1.07383,1.07229,1.07456,1.07217,18111
2017-03-30 13:00:00,1.07206,1.07327,1.07521,1.07205,1.07229,1.07351,1.07546,1.07228,30550
2017-03-30 14:00:00,1.07327,1.0733,1.07378,1.07256,1.07351,1.07354,1.07402,1.07277,15985
2017-03-30 15:00:00,1.0733,1.07247,1.0737,1.07224,1.07354,1.07272,1.07396,1.07247,12125
2017-03-30 16:00:00,1.07247,1.07027,1.07266,1.07012,1.07272,1.0705,1.07289,1.07037,10661
2017-03-30 17:00:00,1.07027,1.06921,1.07029,1.0684,1.0705,1.06945,1.07052,1.0686,15930
2017-03-30 18:00:00,1.06921,1.0689,1.06927,1.06833,1.06945,1.06915,1.06951,1.06857,8359
2017-03-30 19:00:00,1.0689,1.0679,1.069,1.06787,1.06915,1.06813,1.06924,1.06813,11040
2017-03-30 20:00:00,1.0679,1.06723,1.06831,1.06706,1.06813,1.06768,1.06856,1.0673,5744
2017-03-30 21:00:00,1.06723,1.06804,1.0682,1.06723,1.06768,1.06833,1.06855,1.06759,1554
2017-03-30 22:00:00,1.06804,1.06832,1.06846,1.06783,1.06833,1.06857,1.06871,1.06809,4050
2017-03-30 23:00:00,1.06832,1.06865,1.06869,1.06826,1.06857,1.0689,1.06893,1.06851,2873
2017-03-31 00:00:00,1.06865,1.06809,1.06876,1.06745,1.0689,1.06834,1.06919,1.06785,9942
2017-03-31 01:00:00,1.06809,1.06796,1.06839,1.06779,1.06834,1.0682,1.06863,1.06803,6771
2017-03-31 02:00:00,1.06796,1.06785,1.0682,1.06763,1.0682,1.06809,1.06844,1.06788,5144
2017-03-31 03:00:00,1.06785,1.06745,1.06812,1.06731,1.06809,1.06769,1.06836,1.06755,4745
2017-03-31 04:00:00,1.06745,1.06741,1.06761,1.06718,1.06769,1.06765,1.06786,1.06744,4835
2017-03-31 05:00:00,1.06741,1.06767,1.06777,1.06719,1.06765,1.06793,1.06801,1.06744,6982
2017-03-31 06:00:00,1.06767,1.06822,1.06848,1.06749,1.06793,1.06846,1.06872,1.06771,11739
2017-03-31 07:00:00,1.06822,1.06902,1.06918,1.06733,1.06846,1.06926,1.0694,1.06758,14806
2017-03-31 08:00:00,1.06902,1.06931,1.06963,1.06882,1.06926,1.06958,1.06989,1.06906,11724
2017-03-31 09:00:00,1.06931,1.06694,1.0694,1.06687,1.06958,1.06719,1.06966,1.06711,14062
2017-03-31 10:00:00,1.06694,1.068,1.06809,1.06692,1.06719,1.06825,1.06832,1.06719,9699
2017-03-31 11:00:00,1.068,1.06845,1.06898,1.06772,1.06825,1.06869,1.06923,1.06797,11068
2017-03-31 12:00:00,1.06845,1.06768,1.06921,1.06725,1.06869,1.06789,1.06946,1.06749,16206
2017-03-31 13:00:00,1.06768,1.0683,1.06933,1.06724,1.06789,1.06855,1.0696,1.06749,17909
2017-03-31 14:00:00,1.0683,1.06931,1.06958,1.06705,1.06855,1.06956,1.06983,1.06728,25034
2017-03-31 15:00:00,1.06931,1.0696,1.07007,1.06873,1.06956,1.06984,1.07031,1.069,22060
2017-03-31 16:00:00,1.0696,1.06961,1.06996,1.06897,1.06984,1.06985,1.07021,1.06922,9096
2017-03-31 17:00:00,1.06961,1.06825,1.06966,1.06819,1.06985,1.06849,1.06992,1.06843,7268
2017-03-31 18:00:00,1.06825,1.06818,1.06892,1.0675,1.06849,1.06843,1.06916,1.06774,8405
2017-03-31 19:00:00,1.06818,1.06683,1.06841,1.06633,1.06843,1.06707,1.06866,1.06656,10900
2017-03-31 20:00:00,1.06683,1.06557,1.06706,1.06501,1.06707,1.06612,1.06734,1.06529,14927
2017-04-02 19:00:00,1.06557,1.06612,1.06632,1.0653,1.06612,1.06668,1.06694,1.06623,88
2017-04-02 20:00:00,1.06612,1.0658,1.06622,1.06545,1.06668,1.06671,1.06691,1.06631,76
2017-04-02 21:00:00,1.0658,1.06569,1.06627,1.06564,1.06671,1.06631,1.06692,1.06626,935
2017-04-02 22:00:00,1.06569,1.067,1.06705,1.06561,1.06631,1.06728,1.06733,1.06625,4234
2017-04-02 23:00:00,1.067,1.06681,1.06725,1.06664,1.06728,1.06706,1.06749,1.06689,2635
2017-04-03 00:00:00,1.06681,1.06718,1.06777,1.06661,1.06706,1.06742,1.06802,1.06685,7652
2017-04-03 01:00:00,1.06718,1.06753,1.06774,1.06714,1.06742,1.06778,1.06798,1.06738,4835
2017-04-03 02:00:00,1.06753,1.06777,1.06797,1.06748,1.06778,1.068,1.06821,1.06772,3609
2017-04-03 03:00:00,1.06777,1.06778,1.06794,1.06767,1.068,1.06801,1.06817,1.06791,2319
2017-04-03 04:00:00,1.06778,1.06783,1.06793,1.06755,1.06801,1.06808,1.06818,1.06779,2842
2017-04-03 05:00:00,1.06783,1.06773,1.068,1.0676,1.06808,1.06797,1.06825,1.06783,3093
2017-04-03 06:00:00,1.06773,1.06691,1.06773,1.06624,1.06797,1.06716,1.06797,1.06649,10646
2017-04-03 07:00:00,1.06691,1.06656,1.06741,1.06578,1.06716,1.06681,1.06764,1.06601,14909
2017-04-03 08:00:00,1.06656,1.06706,1.06729,1.06645,1.06681,1.06733,1.06755,1.0667,13158
2017-04-03 09:00:00,1.06706,1.06616,1.06719,1.06586,1.06733,1.0664,1.06745,1.0661,10549
2017-04-03 10:00:00,1.06616,1.06538,1.06633,1.06519,1.0664,1.06561,1.06658,1.06543,9230
2017-04-03 11:00:00,1.06538,1.06544,1.06584,1.06485,1.06561,1.06568,1.06608,1.06508,9014
2017-04-03 12:00:00,1.06544,1.06613,1.06681,1.06526,1.06568,1.06637,1.06707,1.06549,12705
2017-04-03 13:00:00,1.06613,1.06621,1.06657,1.06562,1.06637,1.06647,1.06681,1.06586,13064
2017-04-03 14:00:00,1.06621,1.06526,1.06786,1.06499,1.06647,1.06551,1.06811,1.06523,25191
2017-04-03 15:00:00,1.06526,1.06537,1.0656,1.06412,1.06551,1.06561,1.06585,1.06437,17799
2017-04-03 16:00:00,1.06537,1.066,1.0664,1.06531,1.06561,1.06624,1.06664,1.06556,9179
2017-04-03 17:00:00,1.066,1.06668,1.06698,1.06586,1.06624,1.06692,1.0673,1.06609,6100
2017-04-03 18:00:00,1.06668,1.06652,1.06716,1.0662,1.06692,1.06677,1.06742,1.06643,6785
2017-04-03 19:00:00,1.06652,1.06713,1.06717,1.06614,1.06677,1.06736,1.0674,1.06638,5702
2017-04-03 20:00:00,1.06713,1.06681,1.06751,1.06681,1.06736,1.06709,1.06775,1.06708,4307
2017-04-03 21:00:00,1.06681,1.06667,1.06693,1.06657,1.06709,1.06693,1.06714,1.06688,662
2017-04-03 22:00:00,1.06667,1.06657,1.06692,1.06644,1.06693,1.06682,1.06718,1.06676,1983
2017-04-03 23:00:00,1.06657,1.06686,1.06692,1.06643,1.06682,1.06709,1.06715,1.06668,3132
2017-04-04 00:00:00,1.06686,1.06681,1.06725,1.06661,1.06709,1.06705,1.06749,1.06686,7249
2017-04-04 01:00:00,1.06681,1.06682,1.06709,1.06632,1.06705,1.06706,1.0673,1.06655,5500
2017-04-04 02:00:00,1.06682,1.0663,1.06707,1.06627,1.06706,1.06654,1.06732,1.06652,3095
2017-04-04 03:00:00,1.0663,1.06671,1.06684,1.0662,1.06654,1.06694,1.06707,1.06644,2274
2017-04-04 04:00:00,1.06671,1.06697,1.06701,1.06648,1.06694,1.06722,1.06725,1.06672,5658
2017-04-04 05:00:00,1.06697,1.06636,1.06734,1.0663,1.06722,1.0666,1.0676,1.06654,7938
2017-04-04 06:00:00,1.06636,1.0657,1.06638,1.0651,1.0666,1.06593,1.06663,1.06535,10272
2017-04-04 07:00:00,1.0657,1.06497,1.06586,1.06432,1.06593,1.0652,1.06611,1.06457,11758
2017-04-04 08:00:00,1.06497,1.06598,1.06608,1.06489,1.0652,1.06622,1.06632,1.06515,8385
2017-04-04 09:00:00,1.06598,1.06547,1.06619,1.06489,1.06622,1.06572,1.06642,1.06512,9558
2017-04-04 10:00:00,1.06547,1.06409,1.06587,1.06335,1.06572,1.06433,1.06611,1.0637,11699
2017-04-04 11:00:00,1.06409,1.06462,1.06525,1.06407,1.06433,1.06486,1.06549,1.06429,12230
2017-04-04 12:00:00,1.06462,1.0654,1.06575,1.0646,1.06486,1.06565,1.06599,1.06484,12982
2017-04-04 13:00:00,1.0654,1.06507,1.06587,1.06458,1.06565,1.06536,1.06612,1.0648,16151
2017-04-04 14:00:00,1.06507,1.06627,1.06633,1.06469,1.06536,1.06652,1.0666,1.06493,15423
2017-04-04 15:00:00,1.06627,1.06617,1.06663,1.06578,1.06652,1.06641,1.06689,1.06602,14634
2017-04-04 16:00:00,1.06617,1.06593,1.06671,1.0657,1.06641,1.06617,1.06696,1.06594,7153
2017-04-04 17:00:00,1.06593,1.06593,1.06623,1.06471,1.06617,1.06618,1.06647,1.06495,6863
2017-04-04 18:00:00,1.06593,1.0667,1.06678,1.06561,1.06618,1.06694,1.06703,1.06584,4517
2017-04-04 19:00:00,1.0667,1.06661,1.0672,1.06653,1.06694,1.06686,1.06744,1.06677,4878
2017-04-04 20:00:00,1.06661,1.06702,1.06761,1.06647,1.06686,1.06747,1.06788,1.06671,3164
2017-04-04 21:00:00,1.06702,1.06775,1.06817,1.06671,1.06747,1.06804,1.06844,1.06721,1534
2017-04-04 22:00:00,1.06775,1.06781,1.0684,1.06755,1.06804,1.06807,1.0687,1.06783,4791
2017-04-04 23:00:00,1.06781,1.06769,1.06803,1.06751,1.06807,1.06793,1.06828,1.06776,2359
2017-04-05 00:00:00,1.06769,1.06786,1.06821,1.06767,1.06793,1.06809,1.06846,1.06791,4406
2017-04-05 01:00:00,1.06786,1.06785,1.06807,1.06771,1.06809,1.0681,1.06832,1.06795,4686
2017-04-05 02:00:00,1.06785,1.06763,1.06793,1.06759,1.0681,1.06788,1.06817,1.06783,2511
2017-04-05 03:00:00,1.06763,1.06763,1.06774,1.0674,1.06788,1.06788,1.06798,1.06765,3366
2017-04-05 04:00:00,1.06763,1.06729,1.06769,1.06705,1.06788,1.06753,1.06793,1.0673,3412
2017-04-05 05:00:00,1.06729,1.06723,1.06752,1.0671,1.06753,1.06749,1.06778,1.06735,3472
2017-04-05 06:00:00,1.06723,1.06773,1.06776,1.06669,1.06749,1.06799,1.068,1.06694,7915
2017-04-05 07:00:00,1.06773,1.06743,1.0688,1.06731,1.06799,1.06768,1.06903,1.06756,14379
2017-04-05 08:00:00,1.06743,1.06729,1.06789,1.06686,1.06768,1.06753,1.06812,1.0671,11780
2017-04-05 09:00:00,1.06729,1.06674,1.06732,1.06611,1.06753,1.06699,1.06755,1.06635,11575
2017-04-05 10:00:00,1.06674,1.06689,1.06703,1.06639,1.06699,1.06714,1.06726,1.06663,7060
2017-04-05 11:00:00,1.06689,1.06793,1.06849,1.06633,1.06714,1.06818,1.06877,1.06656,14775
2017-04-05 12:00:00,1.06793,1.0665,1.06807,1.0653,1.06818,1.06674,1.06858,1.06556,22738
2017-04-05 13:00:00,1.0665,1.06625,1.06681,1.06566,1.06674,1.06658,1.06706,1.0659,13700
2017-04-05 14:00:00,1.06625,1.06606,1.06726,1.06554,1.06658,1.06629,1.06757,1.06579,20874
2017-04-05 15:00:00,1.06606,1.06589,1.06684,1.06503,1.06629,1.06613,1.06709,1.06533,12501
2017-04-05 16:00:00,1.06589,1.06457,1.06593,1.06438,1.06613,1.0648,1.06618,1.06463,8384
2017-04-05 17:00:00,1.06457,1.06478,1.06509,1.06445,1.0648,1.0651,1.06535,1.06468,5551
2017-04-05 18:00:00,1.06478,1.06661,1.06683,1.06314,1.0651,1.06686,1.06711,1.06372,26338
2017-04-05 19:00:00,1.06661,1.06771,1.06783,1.06647,1.06686,1.06793,1.06806,1.06672,15490
2017-04-05 20:00:00,1.06771,1.06605,1.06805,1.06604,1.06793,1.06647,1.06831,1.06633,5553
2017-04-05 21:00:00,1.06605,1.06652,1.06695,1.06612,1.06647,1.06675,1.06736,1.06634,2345
2017-04-05 22:00:00,1.06652,1.06679,1.06715,1.06607,1.06675,1.06702,1.06741,1.06641,5846
2017-04-05 23:00:00,1.06679,1.06707,1.06731,1.06657,1.06702,1.06731,1.06756,1.06683,3708
2017-04-06 00:00:00,1.06707,1.06755,1.0683,1.06699,1.06731,1.0678,1.06855,1.06726,8673
2017-04-06 01:00:00,1.06755,1.06761,1.06793,1.06729,1.0678,1.06788,1.06817,1.06752,5762
2017-04-06 02:00:00,1.06761,1.06733,1.06793,1.06724,1.06788,1.06756,1.06817,1.06749,5931
2017-04-06 03:00:00,1.06733,1.06743,1.06747,1.06695,1.06756,1.06767,1.06772,1.06717,4058
2017-04-06 04:00:00,1.06743,1.06736,1.06743,1.06701,1.06767,1.06759,1.06767,1.06726,2903
2017-04-06 05:00:00,1.06736,1.06719,1.06746,1.06704,1.06759,1.06746,1.06769,1.06727,4457
2017-04-06 06:00:00,1.06719,1.06755,1.06793,1.06687,1.06746,1.0678,1.06818,1.06712,9507
2017-04-06 07:00:00,1.06755,1.06451,1.06777,1.06278,1.0678,1.06474,1.06801,1.06302,28879
2017-04-06 08:00:00,1.06451,1.06569,1.06583,1.06423,1.06474,1.06593,1.06607,1.06448,14125
2017-04-06 09:00:00,1.06569,1.06661,1.06696,1.06556,1.06593,1.06685,1.06721,1.06582,13102
2017-04-06 10:00:00,1.06661,1.06626,1.06679,1.06598,1.06685,1.06651,1.06704,1.06621,11206
2017-04-06 11:00:00,1.06626,1.06586,1.06744,1.06521,1.06651,1.06609,1.06769,1.06549,16297
2017-04-06 12:00:00,1.06586,1.06594,1.06676,1.06542,1.06609,1.06618,1.067,1.0657,12550
2017-04-06 13:00:00,1.06594,1.06536,1.06615,1.0652,1.06618,1.0656,1.06639,1.06544,10647
2017-04-06 14:00:00,1.06536,1.0657,1.0664,1.06533,1.0656,1.06595,1.06665,1.06556,13005
2017-04-06 15:00:00,1.0657,1.06492,1.06577,1.06444,1.06595,1.06516,1.06601,1.06467,11919
2017-04-06 16:00:00,1.06492,1.06484,1.06553,1.06459,1.06516,1.06507,1.06578,1.06483,7906
2017-04-06 17:00:00,1.06484,1.06446,1.06556,1.06369,1.06507,1.06469,1.06599,1.06394,6852
2017-04-06 18:00:00,1.06446,1.06459,1.06487,1.06404,1.06469,1.06482,1.0651,1.06429,5427
2017-04-06 19:00:00,1.06459,1.06406,1.0647,1.06406,1.06482,1.06429,1.06495,1.06428,5187
2017-04-06 20:00:00,1.06406,1.0642,1.06427,1.06389,1.06429,1.06462,1.06465,1.06413,2440
2017-04-06 21:00:00,1.0642,1.06411,1.06459,1.06403,1.06462,1.06436,1.06488,1.06433,1033
2017-04-06 22:00:00,1.06411,1.06417,1.06424,1.06395,1.06436,1.06444,1.06449,1.06421,1501
2017-04-06 23:00:00,1.06417,1.06429,1.06445,1.06404,1.06444,1.06453,1.06469,1.0643,1182
2017-04-07 00:00:00,1.06429,1.0643,1.06467,1.06404,1.06453,1.06454,1.06491,1.06428,4674
2017-04-07 01:00:00,1.0643,1.0652,1.06541,1.06366,1.06454,1.06546,1.06565,1.06395,18322
2017-04-07 02:00:00,1.0652,1.06432,1.06593,1.06415,1.06546,1.06456,1.06617,1.06438,13908
2017-04-07 03:00:00,1.06432,1.06418,1.06451,1.06409,1.06456,1.06443,1.06476,1.06433,5130
2017-04-07 04:00:00,1.06418,1.06465,1.06473,1.0641,1.06443,1.06489,1.06496,1.06434,3839
2017-04-07 05:00:00,1.06465,1.06517,1.06521,1.06423,1.06489,1.06543,1.06545,1.06446,5587
2017-04-07 06:00:00,1.06517,1.0646,1.0653,1.06447,1.06543,1.06485,1.06555,1.06472,12229
2017-04-07 07:00:00,1.0646,1.06352,1.0648,1.06307,1.06485,1.06377,1.06504,1.06334,14810
2017-04-07 08:00:00,1.06352,1.06311,1.06404,1.06277,1.06377,1.06335,1.06427,1.06309,10772
2017-04-07 09:00:00,1.06311,1.06367,1.06393,1.06291,1.06335,1.06392,1.06417,1.06315,9874
2017-04-07 10:00:00,1.06367,1.06288,1.06378,1.06287,1.06392,1.06311,1.06403,1.0631,6880
2017-04-07 11:00:00,1.06288,1.06221,1.06316,1.06218,1.06311,1.06246,1.0634,1.06244,9627
2017-04-07 12:00:00,1.06221,1.06189,1.06659,1.06093,1.06246,1.06214,1.06714,1.06117,48749
2017-04-07 13:00:00,1.06189,1.06291,1.06327,1.06123,1.06214,1.06315,1.06353,1.0615,28888
2017-04-07 14:00:00,1.06291,1.06162,1.0632,1.06114,1.06315,1.06186,1.06345,1.0614,19931
2017-04-07 15:00:00,1.06162,1.06135,1.06201,1.06099,1.06186,1.0616,1.06224,1.06127,15194
2017-04-07 16:00:00,1.06135,1.05975,1.06171,1.05934,1.0616,1.05999,1.06195,1.05959,12560
2017-04-07 17:00:00,1.05975,1.05838,1.05988,1.05803,1.05999,1.05864,1.06013,1.05827,14808
2017-04-07 18:00:00,1.05838,1.05877,1.05885,1.05793,1.05864,1.05901,1.0591,1.05818,8594
2017-04-07 19:00:00,1.05877,1.05927,1.05953,1.05856,1.05901,1.05952,1.05979,1.05882,7543
2017-04-07 20:00:00,1.05927,1.05881,1.06015,1.05881,1.05952,1.05932,1.06041,1.05905,4920
2017-04-09 19:00:00,1.05881,1.05811,1.05856,1.05788,1.05932,1.05862,1.05955,1.05852,136
2017-04-09 20:00:00,1.05811,1.05842,1.05847,1.05811,1.05862,1.05908,1.05909,1.05859,66
2017-04-09 21:00:00,1.05842,1.05811,1.05871,1.05807,1.05908,1.05862,1.05922,1.05857,763
2017-04-09 22:00:00,1.05811,1.05774,1.05844,1.05765,1.05862,1.05801,1.0587,1.05797,7254
2017-04-09 23:00:00,1.05774,1.05795,1.05815,1.05715,1.05801,1.0582,1.0584,1.05748,5163
2017-04-10 00:00:00,1.05795,1.0576,1.05822,1.05753,1.0582,1.05782,1.05847,1.05777,5114
2017-04-10 01:00:00,1.0576,1.05773,1.05844,1.0575,1.05782,1.05798,1.05868,1.05774,4955
2017-04-10 02:00:00,1.05773,1.05748,1.0578,1.05691,1.05798,1.05771,1.05803,1.05717,3904
2017-04-10 03:00:00,1.05748,1.05811,1.05821,1.05743,1.05771,1.05834,1.05845,1.05767,2176
2017-04-10 04:00:00,1.05811,1.05844,1.05859,1.05783,1.05834,1.05868,1.05883,1.05807,3512
2017-04-10 05:00:00,1.05844,1.05921,1.05925,1.05824,1.05868,1.05944,1.05949,1.05848,4379
2017-04-10 06:00:00,1.05921,1.05815,1.05928,1.058,1.05944,1.05839,1.05953,1.05823,8907
2017-04-10 07:00:00,1.05815,1.05857,1.05862,1.058,1.05839,1.05882,1.05887,1.05824,9672
2017-04-10 08:00:00,1.05857,1.05853,1.05883,1.05761,1.05882,1.05877,1.05907,1.05787,8508
2017-04-10 09:00:00,1.05853,1.05781,1.05877,1.05765,1.05877,1.05804,1.059,1.05789,8283
2017-04-10 10:00:00,1.05781,1.05772,1.05794,1.0574,1.05804,1.05797,1.05818,1.05765,6905
2017-04-10 11:00:00,1.05772,1.05745,1.05829,1.05683,1.05797,1.05769,1.05852,1.05711,9794
2017-04-10 12:00:00,1.05745,1.05743,1.05807,1.05718,1.05769,1.05767,1.05829,1.05742,9324
2017-04-10 13:00:00,1.05743,1.05959,1.05961,1.05744,1.05767,1.05984,1.05986,1.05767,14876
2017-04-10 14:00:00,1.05959,1.05976,1.06025,1.0589,1.05984,1.06,1.06054,1.05914,12611
2017-04-10 15:00:00,1.05976,1.06038,1.06056,1.05953,1.06,1.06062,1.0608,1.05976,8929
2017-04-10 16:00:00,1.06038,1.05992,1.06051,1.05971,1.06062,1.06014,1.06075,1.05994,6596
2017-04-10 17:00:00,1.05992,1.05981,1.06006,1.05954,1.06014,1.06005,1.06029,1.05979,4375
2017-04-10 18:00:00,1.05981,1.05932,1.06044,1.0593,1.06005,1.05957,1.06069,1.05954,5307
2017-04-10 19:00:00,1.05932,1.05918,1.05949,1.05902,1.05957,1.05941,1.05974,1.05926,5218
2017-04-10 20:00:00,1.05918,1.0594,1.05955,1.05854,1.05941,1.05981,1.05985,1.0588,4421
2017-04-10 21:00:00,1.0594,1.05926,1.05966,1.05921,1.05981,1.05954,1.06001,1.05948,1655
2017-04-10 22:00:00,1.05926,1.05965,1.05973,1.05902,1.05954,1.05994,1.06003,1.05933,16554
2017-04-10 23:00:00,1.05965,1.05962,1.05992,1.05946,1.05994,1.05987,1.06017,1.05972,2013
2017-04-11 00:00:00,1.05962,1.05904,1.06007,1.05891,1.05987,1.05929,1.06031,1.05915,5357
2017-04-11 01:00:00,1.05904,1.05855,1.05912,1.05841,1.05929,1.0588,1.05935,1.05867,4793
2017-04-11 02:00:00,1.05855,1.05842,1.05868,1.05795,1.0588,1.05866,1.05896,1.05821,5452
2017-04-11 03:00:00,1.05842,1.05832,1.05883,1.0583,1.05866,1.05855,1.05907,1.05855,2378
2017-04-11 04:00:00,1.05832,1.05873,1.05889,1.0582,1.05855,1.05897,1.05914,1.05843,2010
2017-04-11 05:00:00,1.05873,1.05848,1.05884,1.05832,1.05897,1.05874,1.05908,1.05856,2930
2017-04-11 06:00:00,1.05848,1.05888,1.05898,1.05804,1.05874,1.05912,1.05925,1.05827,6816
2017-04-11 07:00:00,1.05888,1.0589,1.05941,1.05774,1.05912,1.05914,1.05966,1.05799,13884
2017-04-11 08:00:00,1.0589,1.05995,1.06039,1.05888,1.05914,1.06026,1.06066,1.05912,11667
2017-04-11 09:00:00,1.05995,1.06058,1.06085,1.05967,1.06026,1.06083,1.06113,1.06005,8156
2017-04-11 10:00:00,1.06058,1.06107,1.0619,1.06047,1.06083,1.06131,1.06215,1.06071,9446
2017-04-11 11:00:00,1.06107,1.06157,1.0616,1.06074,1.06131,1.06182,1.06182,1.06099,8196
2017-04-11 12:00:00,1.06157,1.06111,1.06171,1.06067,1.06182,1.06134,1.06195,1.06092,9770
2017-04-11 13:00:00,1.06111,1.06101,1.06137,1.06074,1.06134,1.06125,1.06161,1.06097,12228
2017-04-11 14:00:00,1.06101,1.06273,1.06289,1.06093,1.06125,1.06297,1.06313,1.06118,20680
2017-04-11 15:00:00,1.06273,1.06124,1.06288,1.06115,1.06297,1.06148,1.06313,1.0614,17550
2017-04-11 16:00:00,1.06124,1.06085,1.06135,1.06041,1.06148,1.06109,1.06159,1.06065,8476
2017-04-11 17:00:00,1.06085,1.06026,1.06097,1.05991,1.06109,1.0605,1.06121,1.06015,8265
2017-04-11 18:00:00,1.06026,1.06067,1.06072,1.06014,1.0605,1.06091,1.06096,1.06038,5828
2017-04-11 19:00:00,1.06067,1.0604,1.06068,1.06036,1.06091,1.06063,1.06093,1.0606,3872
2017-04-11 20:00:00,1.0604,1.06029,1.0606,1.06027,1.06063,1.06057,1.06083,1.06051,1891
2017-04-11 21:00:00,1.06029,1.06042,1.06065,1.06022,1.06057,1.06069,1.06096,1.06052,2144
2017-04-11 22:00:00,1.06042,1.06036,1.06065,1.06015,1.06069,1.06059,1.06092,1.06048,6369
2017-04-11 23:00:00,1.06036,1.06092,1.061,1.06023,1.06059,1.06116,1.06124,1.06048,3101
2017-04-12 00:00:00,1.06092,1.06072,1.06105,1.06035,1.06116,1.06097,1.0613,1.06059,6145
2017-04-12 01:00:00,1.06072,1.06092,1.06141,1.0604,1.06097,1.06114,1.06167,1.06063,7664
2017-04-12 02:00:00,1.06092,1.05994,1.06096,1.05955,1.06114,1.06019,1.0612,1.05978,5573
2017-04-12 03:00:00,1.05994,1.06007,1.06009,1.05936,1.06019,1.06031,1.06034,1.05964,3477
2017-04-12 04:00:00,1.06007,1.06029,1.06036,1.05995,1.06031,1.06053,1.0606,1.0602,2511
2017-04-12 05:00:00,1.06029,1.061,1.06107,1.06015,1.06053,1.06122,1.06132,1.06038,3102
2017-04-12 06:00:00,1.061,1.0614,1.06178,1.06067,1.06122,1.06165,1.06201,1.06091,7608
2017-04-12 07:00:00,1.0614,1.06184,1.0621,1.0613,1.06165,1.06207,1.06234,1.06153,9600
2017-04-12 08:00:00,1.06184,1.06178,1.06196,1.06131,1.06207,1.06202,1.0622,1.06156,8984
2017-04-12 09:00:00,1.06178,1.06041,1.06228,1.06036,1.06202,1.06065,1.06253,1.0606,9962
2017-04-12 10:00:00,1.06041,1.06008,1.06063,1.05984,1.06065,1.06032,1.06089,1.06009,7880
2017-04-12 11:00:00,1.06008,1.06005,1.06031,1.05961,1.06032,1.06029,1.06055,1.05984,7146
2017-04-12 12:00:00,1.06005,1.05993,1.06048,1.05961,1.06029,1.06017,1.06072,1.05986,10924
2017-04-12 13:00:00,1.05993,1.06085,1.06124,1.05988,1.06017,1.0611,1.06149,1.06012,11286
2017-04-12 14:00:00,1.06085,1.06176,1.062,1.06054,1.0611,1.06199,1.06224,1.06077,14174
2017-04-12 15:00:00,1.06176,1.06095,1.06208,1.06093,1.06199,1.06118,1.06233,1.06117,9480
2017-04-12 16:00:00,1.06095,1.06012,1.06103,1.06004,1.06118,1.06037,1.06126,1.06029,5931
2017-04-12 17:00:00,1.06012,1.05922,1.06051,1.05875,1.06037,1.05947,1.06075,1.05901,9128
2017-04-12 18:00:00,1.05922,1.05946,1.06001,1.05918,1.05947,1.05971,1.06025,1.05943,5430
2017-04-12 19:00:00,1.05946,1.06578,1.0671,1.05945,1.05971,1.06602,1.06738,1.0597,46184
2017-04-12 20:00:00,1.06578,1.06634,1.06739,1.06565,1.06602,1.06676,1.06764,1.0659,9029
2017-04-12 21:00:00,1.06634,1.06672,1.06723,1.06609,1.06676,1.06702,1.06761,1.0666,2540
2017-04-12 22:00:00,1.06672,1.06654,1.06672,1.0659,1.06702,1.0668,1.06709,1.06617,4256
2017-04-12 23:00:00,1.06654,1.0669,1.06707,1.06622,1.0668,1.06713,1.06731,1.06647,4107
2017-04-13 00:00:00,1.0669,1.06646,1.067,1.06596,1.06713,1.0667,1.06722,1.0662,8654
2017-04-13 01:00:00,1.06646,1.06676,1.06687,1.06587,1.0667,1.067,1.06712,1.0661,9202
2017-04-13 02:00:00,1.06676,1.0672,1.0676,1.06651,1.067,1.06744,1.06788,1.06675,6421
2017-04-13 03:00:00,1.0672,1.06708,1.0673,1.06683,1.06744,1.06732,1.06755,1.06705,3694
2017-04-13 04:00:00,1.06708,1.0672,1.06727,1.06681,1.06732,1.06741,1.06749,1.06706,2227
2017-04-13 05:00:00,1.0672,1.06684,1.0672,1.06625,1.06741,1.06708,1.06743,1.06649,3765
2017-04-13 06:00:00,1.06684,1.0651,1.06766,1.06505,1.06708,1.06534,1.06789,1.06529,13047
2017-04-13 07:00:00,1.0651,1.06432,1.06574,1.06412,1.06534,1.06457,1.06596,1.06435,13691
2017-04-13 08:00:00,1.06432,1.06412,1.06496,1.0637,1.06457,1.06437,1.0652,1.06395,10424
2017-04-13 09:00:00,1.06412,1.06412,1.06464,1.06374,1.06437,1.06435,1.06487,1.06398,8330
2017-04-13 10:00:00,1.06412,1.0637,1.06433,1.0633,1.06435,1.06395,1.06457,1.06355,7273
2017-04-13 11:00:00,1.0637,1.0623,1.06402,1.0622,1.06395,1.06254,1.06426,1.06244,10321
2017-04-13 12:00:00,1.0623,1.06269,1.06297,1.06215,1.06254,1.06293,1.06354,1.06238,11651
2017-04-13 13:00:00,1.06269,1.06171,1.06346,1.06094,1.06293,1.062,1.0637,1.06119,18422
2017-04-13 14:00:00,1.06171,1.06229,1.06288,1.06079,1.062,1.06255,1.06312,1.06105,16087
2017-04-13 15:00:00,1.06229,1.06287,1.06332,1.06203,1.06255,1.06312,1.06356,1.06228,10393
2017-04-13 16:00:00,1.06287,1.06205,1.06299,1.06203,1.06312,1.06229,1.06323,1.06228,7664
2017-04-13 17:00:00,1.06205,1.06163,1.06253,1.0614,1.06229,1.06187,1.06279,1.06165,8874
2017-04-13 18:00:00,1.06163,1.06132,1.06171,1.06132,1.06187,1.06156,1.06196,1.06155,3693
2017-04-13 19:00:00,1.06132,1.06171,1.06194,1.06107,1.06156,1.06195,1.06218,1.06132,5361
2017-04-13 20:00:00,1.06171,1.06104,1.0618,1.06087,1.06195,1.0615,1.06205,1.06128,3396
2017-04-13 21:00:00,1.06104,1.06137,1.06162,1.06103,1.0615,1.06189,1.06263,1.06138,1447
2017-04-13 22:00:00,1.06137,1.06152,1.06157,1.06113,1.06189,1.06191,1.06195,1.06149,2446
2017-04-13 23:00:00,1.06152,1.06136,1.06155,1.06117,1.06191,1.06174,1.06196,1.06152,2076
2017-04-14 00:00:00,1.06136,1.06118,1.06169,1.06078,1.06174,1.06151,1.06207,1.06116,2679
2017-04-14 01:00:00,1.06118,1.06191,1.06205,1.06094,1.06151,1.06231,1.06231,1.06138,2023
2017-04-14 02:00:00,1.06191,1.0613,1.06232,1.06118,1.06231,1.06159,1.06262,1.06152,2467
2017-04-14 03:00:00,1.0613,1.06117,1.06169,1.06076,1.06159,1.06156,1.06208,1.06113,3387
2017-04-14 04:00:00,1.06117,1.0614,1.06161,1.06073,1.06156,1.06179,1.06191,1.06112,4167
2017-04-14 05:00:00,1.0614,1.06101,1.06173,1.06038,1.06179,1.06149,1.06207,1.06073,4587
2017-04-14 06:00:00,1.06101,1.06153,1.06163,1.0605,1.06149,1.06182,1.06191,1.06085,5887
2017-04-14 07:00:00,1.06153,1.06187,1.06201,1.06118,1.06182,1.06216,1.06233,1.06151,3339
2017-04-14 08:00:00,1.06187,1.06215,1.06257,1.06184,1.06216,1.06247,1.06289,1.06214,2838
2017-04-14 09:00:00,1.06215,1.06206,1.06232,1.06177,1.06247,1.06243,1.06274,1.06219,2186
2017-04-14 10:00:00,1.06206,1.06205,1.06224,1.0619,1.06243,1.0624,1.06264,1.06225,1870
2017-04-14 11:00:00,1.06205,1.06153,1.06238,1.06151,1.0624,1.06185,1.06266,1.0618,7115
2017-04-14 12:00:00,1.06153,1.0628,1.06285,1.06057,1.06185,1.06316,1.06317,1.06105,9910
2017-04-14 13:00:00,1.0628,1.06196,1.06285,1.06166,1.06316,1.0624,1.06317,1.062,4025
2017-04-14 14:00:00,1.06196,1.06241,1.06242,1.06196,1.0624,1.06269,1.0627,1.06229,2050
2017-04-14 15:00:00,1.06241,1.06205,1.06273,1.06201,1.06269,1.06247,1.0631,1.0624,7290
2017-04-14 16:00:00,1.06205,1.06165,1.06262,1.06127,1.06247,1.06193,1.06314,1.06173,4175
2017-04-14 17:00:00,1.06165,1.06165,1.06197,1.06127,1.06193,1.062,1.0624,1.06171,2315
2017-04-14 18:00:00,1.06165,1.06124,1.06164,1.06119,1.062,1.0615,1.06204,1.06147,918
2017-04-14 19:00:00,1.06124,1.06097,1.06125,1.06093,1.0615,1.06136,1.0615,1.0613,1026
2017-04-14 20:00:00,1.06097,1.06013,1.06113,1.06013,1.06136,1.06156,1.06173,1.06122,935
2017-04-16 19:00:00,1.06013,1.06154,1.0618,1.06095,1.06156,1.06266,1.06266,1.06156,107
2017-04-16 20:00:00,1.06154,1.06115,1.06115,1.06113,1.06266,1.06256,1.06256,1.06256,2
2017-04-16 21:00:00,1.06115,1.06064,1.0613,1.06033,1.06256,1.06125,1.06244,1.06107,1249
2017-04-16 22:00:00,1.06064,1.06033,1.06101,1.06015,1.06125,1.06066,1.06155,1.06046,7667
2017-04-16 23:00:00,1.06033,1.06086,1.06109,1.06032,1.06066,1.06109,1.06133,1.06058,5577
2017-04-17 00:00:00,1.06086,1.06192,1.06211,1.06076,1.06109,1.06216,1.06239,1.061,5595
2017-04-17 01:00:00,1.06192,1.06194,1.06218,1.06151,1.06216,1.06221,1.06241,1.06176,3804
2017-04-17 02:00:00,1.06194,1.06217,1.06248,1.06192,1.06221,1.06239,1.06273,1.06217,2829
2017-04-17 03:00:00,1.06217,1.06167,1.06218,1.0616,1.06239,1.06191,1.06242,1.06184,1616
2017-04-17 04:00:00,1.06167,1.06178,1.06182,1.06163,1.06191,1.06202,1.06207,1.06186,1289
2017-04-17 05:00:00,1.06178,1.06159,1.06183,1.06142,1.06202,1.06184,1.06207,1.06167,1334
2017-04-17 06:00:00,1.06159,1.06235,1.06262,1.06139,1.06184,1.06259,1.06286,1.06163,4103
2017-04-17 07:00:00,1.06235,1.06369,1.06501,1.06226,1.06259,1.06394,1.0653,1.0625,6023
2017-04-17 08:00:00,1.06369,1.06244,1.0641,1.06238,1.06394,1.06268,1.06434,1.06262,3936
2017-04-17 09:00:00,1.06244,1.06239,1.06271,1.06175,1.06268,1.06263,1.06295,1.06202,3101
2017-04-17 10:00:00,1.06239,1.06294,1.06314,1.06238,1.06263,1.06318,1.06339,1.06263,1635
2017-04-17 11:00:00,1.06294,1.06402,1.06419,1.06294,1.06318,1.06425,1.06444,1.06317,4218
2017-04-17 12:00:00,1.06402,1.06443,1.06476,1.06396,1.06425,1.06467,1.06501,1.06421,7391
2017-04-17 13:00:00,1.06443,1.06539,1.06566,1.06417,1.06467,1.06563,1.06594,1.06441,8481
2017-04-17 14:00:00,1.06539,1.06621,1.06652,1.06535,1.06563,1.06644,1.06676,1.06562,10761
2017-04-17 15:00:00,1.06621,1.06591,1.06692,1.06547,1.06644,1.06614,1.06719,1.06571,8217
2017-04-17 16:00:00,1.06591,1.06527,1.06592,1.06508,1.06614,1.06552,1.06614,1.06531,4747
2017-04-17 17:00:00,1.06527,1.06533,1.06541,1.065,1.06552,1.06556,1.06566,1.06524,3406
2017-04-17 18:00:00,1.06533,1.0641,1.06561,1.06404,1.06556,1.06434,1.06585,1.06425,5080
2017-04-17 19:00:00,1.0641,1.06386,1.06426,1.0634,1.06434,1.0641,1.0645,1.06366,8528
2017-04-17 20:00:00,1.06386,1.06415,1.06443,1.06379,1.0641,1.06463,1.06468,1.06401,2691
2017-04-17 21:00:00,1.06415,1.06441,1.06486,1.06381,1.06463,1.06472,1.06539,1.06411,1227
2017-04-17 22:00:00,1.06441,1.064,1.06448,1.06392,1.06472,1.0643,1.06501,1.06426,7454
2017-04-17 23:00:00,1.064,1.06423,1.06439,1.06372,1.0643,1.06447,1.06464,1.06396,1775
2017-04-18 00:00:00,1.06423,1.06426,1.06427,1.06361,1.06447,1.06448,1.06451,1.06384,5325
2017-04-18 01:00:00,1.06426,1.06511,1.06513,1.06403,1.06448,1.06536,1.06537,1.06428,5706
2017-04-18 02:00:00,1.06511,1.06501,1.06518,1.06464,1.06536,1.06525,1.06541,1.06488,4499
2017-04-18 03:00:00,1.06501,1.06462,1.06516,1.06457,1.06525,1.06486,1.06539,1.06482,2980
2017-04-18 04:00:00,1.06462,1.06425,1.06481,1.06423,1.06486,1.06449,1.06503,1.06448,2286
2017-04-18 05:00:00,1.06425,1.06466,1.06487,1.06408,1.06449,1.06491,1.06512,1.06432,4139
2017-04-18 06:00:00,1.06466,1.06487,1.06506,1.06416,1.06491,1.06511,1.06531,1.0644,9548
2017-04-18 07:00:00,1.06487,1.06491,1.06547,1.064,1.06511,1.06516,1.06574,1.06425,12881
2017-04-18 08:00:00,1.06491,1.06491,1.06524,1.06444,1.06516,1.06516,1.06548,1.06469,8423
2017-04-18 09:00:00,1.06491,1.06555,1.06588,1.06468,1.06516,1.06579,1.06611,1.06492,13736
2017-04-18 10:00:00,1.06555,1.06631,1.0665,1.06476,1.06579,1.06654,1.06676,1.065,13645
2017-04-18 11:00:00,1.06631,1.06771,1.06836,1.06628,1.06654,1.06795,1.0686,1.06654,16309
2017-04-18 12:00:00,1.06771,1.06955,1.06987,1.06758,1.06795,1.06979,1.07015,1.06782,17208
2017-04-18 13:00:00,1.06955,1.06836,1.06954,1.0682,1.06979,1.06861,1.06979,1.06844,18633
2017-04-18 14:00:00,1.06836,1.06975,1.06985,1.06826,1.06861,1.07,1.07009,1.0685,17925
2017-04-18 15:00:00,1.06975,1.07045,1.07075,1.06949,1.07,1.07069,1.07099,1.06973,14678
2017-04-18 16:00:00,1.07045,1.07064,1.0707,1.0695,1.07069,1.07088,1.07094,1.06976,9269
2017-04-18 17:00:00,1.07064,1.07214,1.07316,1.07011,1.07088,1.07238,1.07346,1.07034,18169
2017-04-18 18:00:00,1.07214,1.07295,1.07313,1.07157,1.07238,1.07322,1.07337,1.07179,7813
2017-04-18 19:00:00,1.07295,1.07331,1.07349,1.07276,1.07322,1.07355,1.07374,1.073,7448
2017-04-18 20:00:00,1.07331,1.07283,1.07336,1.07271,1.07355,1.07321,1.07361,1.0731,3204
2017-04-18 21:00:00,1.07283,1.07289,1.07304,1.07263,1.07321,1.07315,1.07332,1.07293,1189
2017-04-18 22:00:00,1.07289,1.07285,1.07306,1.07272,1.07315,1.0731,1.07333,1.07299,2556
2017-04-18 23:00:00,1.07285,1.07263,1.07343,1.07262,1.0731,1.07287,1.07369,1.07286,2878
2017-04-19 00:00:00,1.07263,1.07247,1.07313,1.07241,1.07287,1.07271,1.07337,1.07268,4889
2017-04-19 01:00:00,1.07247,1.07223,1.0727,1.07213,1.07271,1.07247,1.07295,1.07236,4840
2017-04-19 02:00:00,1.07223,1.07194,1.0724,1.07165,1.07247,1.07219,1.07264,1.0719,3436
2017-04-19 03:00:00,1.07194,1.07187,1.07205,1.07166,1.07219,1.07211,1.07228,1.0719,3174
2017-04-19 04:00:00,1.07187,1.07177,1.07193,1.07158,1.07211,1.07202,1.07217,1.07182,2216
2017-04-19 05:00:00,1.07177,1.07178,1.07224,1.07149,1.07202,1.07203,1.07248,1.07174,3895
2017-04-19 06:00:00,1.07178,1.07225,1.07254,1.07115,1.07203,1.0725,1.07278,1.0714,9020
2017-04-19 07:00:00,1.07225,1.07299,1.07357,1.07179,1.0725,1.07324,1.0739,1.07203,15383
2017-04-19 08:00:00,1.07299,1.07144,1.07301,1.0713,1.07324,1.07171,1.07326,1.07154,11437
2017-04-19 09:00:00,1.07144,1.07206,1.07209,1.07071,1.07171,1.0723,1.07232,1.07096,10602
2017-04-19 10:00:00,1.07206,1.07249,1.07281,1.07203,1.0723,1.07273,1.07305,1.07227,8624
2017-04-19 11:00:00,1.07249,1.0718,1.07287,1.07158,1.07273,1.07204,1.07311,1.07183,7804
2017-04-19 12:00:00,1.0718,1.07188,1.0727,1.07179,1.07204,1.07212,1.07295,1.07204,11685
2017-04-19 13:00:00,1.07188,1.0704,1.0722,1.0703,1.07212,1.07064,1.07243,1.07058,12359
2017-04-19 14:00:00,1.0704,1.07116,1.07191,1.07031,1.07064,1.07138,1.07215,1.07056,15637
2017-04-19 15:00:00,1.07116,1.07053,1.07177,1.06989,1.07138,1.07076,1.07201,1.07011,12727
2017-04-19 16:00:00,1.07053,1.07094,1.07141,1.07039,1.07076,1.07116,1.07166,1.07063,9994
2017-04-19 17:00:00,1.07094,1.07109,1.07129,1.07082,1.07116,1.07134,1.07154,1.07106,6527
2017-04-19 18:00:00,1.07109,1.0719,1.07218,1.07106,1.07134,1.07213,1.07242,1.07131,6820
2017-04-19 19:00:00,1.0719,1.0715,1.07202,1.07086,1.07213,1.07174,1.07225,1.07111,6037
2017-04-19 20:00:00,1.0715,1.07096,1.07153,1.07066,1.07174,1.07136,1.07177,1.0709,2468
2017-04-19 21:00:00,1.07096,1.07096,1.07124,1.07077,1.07136,1.07121,1.07151,1.07106,1008
2017-04-19 22:00:00,1.07096,1.07144,1.07159,1.07079,1.07121,1.07167,1.07184,1.07109,3991
2017-04-19 23:00:00,1.07144,1.07138,1.07156,1.07107,1.07167,1.0716,1.07179,1.0713,2596
2017-04-20 00:00:00,1.07138,1.07153,1.07178,1.07124,1.0716,1.07177,1.07202,1.07148,3757
2017-04-20 01:00:00,1.07153,1.07092,1.07165,1.07085,1.07177,1.07115,1.07189,1.07109,3605
2017-04-20 02:00:00,1.07092,1.07142,1.07157,1.0709,1.07115,1.07166,1.07181,1.07112,2271
2017-04-20 03:00:00,1.07142,1.07192,1.07209,1.07123,1.07166,1.07216,1.07233,1.07147,1853
2017-04-20 04:00:00,1.07192,1.07262,1.07266,1.07169,1.07216,1.07287,1.0729,1.07194,2179
2017-04-20 05:00:00,1.07262,1.07257,1.07266,1.07236,1.07287,1.07279,1.07291,1.0726,2514
2017-04-20 06:00:00,1.07257,1.07402,1.07465,1.07199,1.07279,1.07426,1.07493,1.07223,11626
2017-04-20 07:00:00,1.07402,1.07473,1.07486,1.07359,1.07426,1.07497,1.07513,1.07382,14105
2017-04-20 08:00:00,1.07473,1.07687,1.07747,1.0747,1.07497,1.07713,1.07772,1.07493,14520
2017-04-20 09:00:00,1.07687,1.07622,1.07764,1.0761,1.07713,1.07646,1.07788,1.07634,10131
2017-04-20 10:00:00,1.07622,1.07542,1.07637,1.07527,1.07646,1.07566,1.07661,1.0755,7804
2017-04-20 11:00:00,1.07542,1.07456,1.07543,1.0741,1.07566,1.07477,1.07566,1.07434,9147
2017-04-20 12:00:00,1.07456,1.07491,1.07508,1.07396,1.07477,1.07517,1.07532,1.0742,9285
2017-04-20 13:00:00,1.07491,1.07645,1.07684,1.07465,1.07517,1.0767,1.07707,1.07488,17341
2017-04-20 14:00:00,1.07645,1.07645,1.07693,1.07509,1.0767,1.0767,1.07718,1.07534,17199
2017-04-20 15:00:00,1.07645,1.07561,1.07757,1.07534,1.0767,1.07585,1.07782,1.07559,13341
2017-04-20 16:00:00,1.07561,1.07442,1.07591,1.07413,1.07585,1.07467,1.07614,1.07438,9483
2017-04-20 17:00:00,1.07442,1.07171,1.07465,1.0714,1.07467,1.07195,1.07489,1.07165,9844
2017-04-20 18:00:00,1.07171,1.07198,1.07221,1.0715,1.07195,1.07222,1.07246,1.07174,6145
2017-04-20 19:00:00,1.07198,1.07169,1.07262,1.07139,1.07222,1.07194,1.07287,1.0716,6878
2017-04-20 20:00:00,1.07169,1.07143,1.07197,1.07136,1.07194,1.07184,1.0722,1.0716,2619
2017-04-20 21:00:00,1.07143,1.07145,1.07181,1.07135,1.07184,1.07169,1.07223,1.0716,922
2017-04-20 22:00:00,1.07145,1.07135,1.07152,1.07055,1.07169,1.07163,1.07177,1.07085,3041
2017-04-20 23:00:00,1.07135,1.07129,1.0715,1.07106,1.07163,1.07153,1.07174,1.07131,2375
2017-04-21 00:00:00,1.07129,1.07166,1.07197,1.07112,1.07153,1.0719,1.07223,1.07136,4150
2017-04-21 01:00:00,1.07166,1.07163,1.07187,1.07154,1.0719,1.07188,1.0721,1.07178,3150
2017-04-21 02:00:00,1.07163,1.07131,1.07165,1.07121,1.07188,1.07155,1.07189,1.07144,1786
2017-04-21 03:00:00,1.07131,1.07157,1.07187,1.07131,1.07155,1.07181,1.07211,1.07154,1928
2017-04-21 04:00:00,1.07157,1.07153,1.07184,1.07152,1.07181,1.07177,1.07208,1.07176,1587
2017-04-21 05:00:00,1.07153,1.07138,1.07174,1.07136,1.07177,1.07162,1.07198,1.07161,2863
2017-04-21 06:00:00,1.07138,1.0726,1.07271,1.0709,1.07162,1.07285,1.07296,1.07113,7402
2017-04-21 07:00:00,1.0726,1.07206,1.0737,1.07161,1.07285,1.0723,1.07395,1.07186,15529
2017-04-21 08:00:00,1.07206,1.07173,1.07252,1.07155,1.0723,1.07199,1.07276,1.07179,12174
2017-04-21 09:00:00,1.07173,1.07041,1.07187,1.06943,1.07199,1.07066,1.07211,1.06978,12407
2017-04-21 10:00:00,1.07041,1.06996,1.07055,1.06869,1.07066,1.0702,1.07079,1.06892,9941
2017-04-21 11:00:00,1.06996,1.06899,1.07035,1.06898,1.0702,1.06924,1.0706,1.06923,9742
2017-04-21 12:00:00,1.06899,1.06999,1.07029,1.06886,1.06924,1.07023,1.07053,1.0691,9938
2017-04-21 13:00:00,1.06999,1.06968,1.07096,1.06951,1.07023,1.06999,1.07124,1.06974,13347
2017-04-21 14:00:00,1.06968,1.06864,1.0704,1.06848,1.06999,1.06888,1.07066,1.06872,16138
2017-04-21 15:00:00,1.06864,1.06925,1.06999,1.06856,1.06888,1.06949,1.07019,1.06879,13408
2017-04-21 16:00:00,1.06925,1.06913,1.06943,1.06811,1.06949,1.06937,1.06968,1.06834,8544
2017-04-21 17:00:00,1.06913,1.06979,1.07088,1.06908,1.06937,1.07002,1.07113,1.06932,9750
2017-04-21 18:00:00,1.06979,1.06936,1.06992,1.06861,1.07002,1.0696,1.07015,1.06885,9092
2017-04-21 19:00:00,1.06936,1.0702,1.07041,1.06908,1.0696,1.07044,1.07066,1.06932,8212
2017-04-21 20:00:00,1.0702,1.07235,1.07297,1.06976,1.07044,1.07275,1.0735,1.07001,7618
2017-04-23 19:00:00,1.07235,1.09023,1.09308,1.08511,1.07275,1.09104,1.09424,1.0863,3636
2017-04-23 20:00:00,1.09023,1.09174,1.09328,1.09023,1.09104,1.09247,1.09409,1.09106,2231
2017-04-23 21:00:00,1.09174,1.0895,1.09035,1.08663,1.09247,1.09006,1.09232,1.0883,6708
2017-04-23 22:00:00,1.0895,1.08829,1.08981,1.08684,1.09006,1.08856,1.09069,1.08714,18792
2017-04-23 23:00:00,1.08829,1.08722,1.08887,1.08635,1.08856,1.08748,1.08916,1.08661,11155
2017-04-24 00:00:00,1.08722,1.08492,1.08758,1.08363,1.08748,1.08516,1.08779,1.0839,21627
2017-04-24 01:00:00,1.08492,1.08393,1.08545,1.08352,1.08516,1.08416,1.08569,1.08379,10696
2017-04-24 02:00:00,1.08393,1.0837,1.08396,1.08197,1.08416,1.08394,1.08417,1.0822,10487
2017-04-24 03:00:00,1.0837,1.0843,1.08503,1.08333,1.08394,1.08454,1.08528,1.08357,6278
2017-04-24 04:00:00,1.0843,1.08576,1.0859,1.08404,1.08454,1.08597,1.08626,1.08429,6396
2017-04-24 05:00:00,1.08576,1.0867,1.08764,1.08445,1.08597,1.08694,1.08788,1.0847,10662
2017-04-24 06:00:00,1.0867,1.08413,1.08685,1.08307,1.08694,1.08451,1.08709,1.08329,26420
2017-04-24 07:00:00,1.08413,1.08544,1.08654,1.08318,1.08451,1.08573,1.08678,1.08343,25500
2017-04-24 08:00:00,1.08544,1.08572,1.08743,1.08479,1.08573,1.08596,1.08768,1.08504,18336
2017-04-24 09:00:00,1.08572,1.08696,1.08765,1.08539,1.08596,1.0872,1.08787,1.08563,14291
2017-04-24 10:00:00,1.08696,1.08571,1.08714,1.08503,1.0872,1.08594,1.08738,1.08527,11685
2017-04-24 11:00:00,1.08571,1.08407,1.0862,1.084,1.08594,1.08431,1.08644,1.08424,11127
2017-04-24 12:00:00,1.08407,1.08562,1.08642,1.08403,1.08431,1.08586,1.08667,1.08427,15707
2017-04-24 13:00:00,1.08562,1.08643,1.08725,1.08556,1.08586,1.08667,1.08749,1.08581,17313
2017-04-24 14:00:00,1.08643,1.08591,1.08693,1.0854,1.08667,1.08613,1.08717,1.08564,13165
2017-04-24 15:00:00,1.08591,1.08469,1.0867,1.08463,1.08613,1.08494,1.08696,1.08487,12923
2017-04-24 16:00:00,1.08469,1.08402,1.08529,1.0834,1.08494,1.08425,1.08551,1.08364,9156
2017-04-24 17:00:00,1.08402,1.08473,1.08488,1.08397,1.08425,1.08497,1.08513,1.08424,6156
2017-04-24 18:00:00,1.08473,1.08571,1.08579,1.08449,1.08497,1.08596,1.08602,1.08474,6461
2017-04-24 19:00:00,1.08571,1.08669,1.08687,1.0854,1.08596,1.08694,1.08712,1.08563,5782
2017-04-24 20:00:00,1.08669,1.0864,1.08689,1.08635,1.08694,1.0868,1.08713,1.0866,3380
2017-04-24 21:00:00,1.0864,1.08636,1.08681,1.08626,1.0868,1.08666,1.08705,1.08653,1457
2017-04-24 22:00:00,1.08636,1.08664,1.0868,1.08635,1.08666,1.08689,1.08705,1.08665,2825
2017-04-24 23:00:00,1.08664,1.08639,1.08664,1.08622,1.08689,1.08664,1.0869,1.08645,2375
2017-04-25 00:00:00,1.08639,1.08614,1.08694,1.08611,1.08664,1.08638,1.0872,1.08636,4474
2017-04-25 01:00:00,1.08614,1.08536,1.08638,1.08527,1.08638,1.08563,1.08663,1.08555,5160
2017-04-25 02:00:00,1.08536,1.08607,1.08607,1.08502,1.08563,1.08631,1.08631,1.08526,4946
2017-04-25 03:00:00,1.08607,1.0859,1.08624,1.08589,1.08631,1.08613,1.08649,1.08612,2580
2017-04-25 04:00:00,1.0859,1.08622,1.08647,1.08558,1.08613,1.08646,1.08672,1.08582,2475
2017-04-25 05:00:00,1.08622,1.0864,1.08709,1.08619,1.08646,1.08665,1.08734,1.08644,4601
2017-04-25 06:00:00,1.0864,1.08815,1.08872,1.08622,1.08665,1.0884,1.08902,1.08644,11603
2017-04-25 07:00:00,1.08815,1.08845,1.08925,1.08736,1.0884,1.08869,1.08949,1.08761,17296
2017-04-25 08:00:00,1.08845,1.08912,1.08932,1.08826,1.08869,1.08936,1.08958,1.0885,8780
2017-04-25 09:00:00,1.08912,1.0882,1.08976,1.08808,1.08936,1.08844,1.09002,1.08833,9384
2017-04-25 10:00:00,1.0882,1.08776,1.08835,1.08695,1.08844,1.08801,1.08859,1.0872,9265
2017-04-25 11:00:00,1.08776,1.08867,1.08868,1.08753,1.08801,1.08891,1.08892,1.08778,8139
2017-04-25 12:00:00,1.08867,1.08878,1.08952,1.0885,1.08891,1.08902,1.08975,1.08873,11662
2017-04-25 13:00:00,1.08878,1.08977,1.09002,1.08786,1.08902,1.09026,1.09045,1.08809,15000
2017-04-25 14:00:00,1.08977,1.09268,1.09314,1.08888,1.09026,1.09293,1.0934,1.08916,33393
2017-04-25 15:00:00,1.09268,1.09396,1.09403,1.09184,1.09293,1.09421,1.0943,1.09208,16112
2017-04-25 16:00:00,1.09396,1.09481,1.09489,1.09372,1.09421,1.09506,1.09515,1.09396,10269
2017-04-25 17:00:00,1.09481,1.09342,1.09489,1.0932,1.09506,1.09365,1.09512,1.09344,7038
2017-04-25 18:00:00,1.09342,1.09365,1.094,1.09295,1.09365,1.0939,1.09425,1.09319,6318
2017-04-25 19:00:00,1.09365,1.09364,1.0937,1.09243,1.0939,1.09388,1.09395,1.09265,5566
2017-04-25 20:00:00,1.09364,1.09249,1.09365,1.0924,1.09388,1.09279,1.09389,1.0927,4593
2017-04-25 21:00:00,1.09249,1.09272,1.09311,1.09212,1.09279,1.09294,1.09343,1.09267,1239
2017-04-25 22:00:00,1.09272,1.09286,1.09301,1.09258,1.09294,1.0931,1.09325,1.09286,5449
2017-04-25 23:00:00,1.09286,1.09266,1.09294,1.09223,1.0931,1.09291,1.09319,1.09249,4596
2017-04-26 00:00:00,1.09266,1.09366,1.09438,1.09262,1.09291,1.09391,1.09466,1.09286,7624
2017-04-26 01:00:00,1.09366,1.09364,1.09395,1.09296,1.09391,1.09388,1.09419,1.09321,6389
2017-04-26 02:00:00,1.09364,1.09378,1.09393,1.09322,1.09388,1.09403,1.09419,1.09347,3057
2017-04-26 03:00:00,1.09378,1.09354,1.09388,1.09342,1.09403,1.09378,1.09412,1.09367,2069
2017-04-26 04:00:00,1.09354,1.09393,1.09467,1.09352,1.09378,1.09417,1.09489,1.09374,3692
2017-04-26 05:00:00,1.09393,1.09448,1.09487,1.09392,1.09417,1.09474,1.09517,1.09417,4737
2017-04-26 06:00:00,1.09448,1.09237,1.09498,1.09209,1.09474,1.09262,1.09521,1.09233,11913
2017-04-26 07:00:00,1.09237,1.09126,1.09315,1.09034,1.09262,1.0915,1.09338,1.09059,16825
2017-04-26 08:00:00,1.09126,1.09015,1.09172,1.08943,1.0915,1.0904,1.09197,1.0897,17471
2017-04-26 09:00:00,1.09015,1.08996,1.09062,1.08911,1.0904,1.0902,1.09087,1.08935,13549
2017-04-26 10:00:00,1.08996,1.08911,1.08996,1.08808,1.0902,1.08936,1.09019,1.08833,12112
2017-04-26 11:00:00,1.08911,1.08922,1.08969,1.08903,1.08936,1.08947,1.08994,1.08928,9433
2017-04-26 12:00:00,1.08922,1.08861,1.08962,1.08799,1.08947,1.08884,1.08986,1.08824,15210
2017-04-26 13:00:00,1.08861,1.08886,1.08897,1.08723,1.08884,1.08911,1.08921,1.08749,16344
2017-04-26 14:00:00,1.08886,1.0875,1.0894,1.08748,1.08911,1.08774,1.08964,1.08772,16150
2017-04-26 15:00:00,1.0875,1.0871,1.08832,1.08542,1.08774,1.08736,1.08857,1.08569,18984
2017-04-26 16:00:00,1.0871,1.08743,1.08779,1.08655,1.08736,1.08766,1.08803,1.0868,10504
2017-04-26 17:00:00,1.08743,1.08972,1.08972,1.08602,1.08766,1.08997,1.08997,1.08627,23337
2017-04-26 18:00:00,1.08972,1.08965,1.0912,1.08873,1.08997,1.08988,1.09139,1.08897,22027
2017-04-26 19:00:00,1.08965,1.09057,1.09093,1.08915,1.08988,1.09083,1.09118,1.08939,8820
2017-04-26 20:00:00,1.09057,1.09028,1.09085,1.09015,1.09083,1.09068,1.09108,1.09045,3269
2017-04-26 21:00:00,1.09028,1.09035,1.09045,1.08992,1.09068,1.09074,1.09084,1.09041,1888
2017-04-26 22:00:00,1.09035,1.09072,1.09076,1.08994,1.09074,1.09099,1.09102,1.09034,5195
2017-04-26 23:00:00,1.09072,1.09072,1.0909,1.09054,1.09099,1.09098,1.09114,1.09078,1849
2017-04-27 00:00:00,1.09072,1.09055,1.09146,1.09051,1.09098,1.0908,1.09173,1.09077,4799
2017-04-27 01:00:00,1.09055,1.0909,1.09096,1.09029,1.0908,1.09114,1.09119,1.09053,4348
2017-04-27 02:00:00,1.0909,1.09091,1.092,1.09086,1.09114,1.09116,1.09224,1.09111,4724
2017-04-27 03:00:00,1.09091,1.09075,1.09149,1.09073,1.09116,1.091,1.09172,1.09098,4699
2017-04-27 04:00:00,1.09075,1.0904,1.09087,1.09021,1.091,1.09064,1.09111,1.09046,3724
2017-04-27 05:00:00,1.0904,1.0899,1.09066,1.08984,1.09064,1.09014,1.09089,1.09009,2916
2017-04-27 06:00:00,1.0899,1.09052,1.0906,1.08949,1.09014,1.09078,1.09085,1.08973,7472
2017-04-27 07:00:00,1.09052,1.09041,1.09172,1.09012,1.09078,1.09066,1.09198,1.09037,13611
2017-04-27 08:00:00,1.09041,1.09064,1.09191,1.09022,1.09066,1.09089,1.09215,1.09047,12188
2017-04-27 09:00:00,1.09064,1.08952,1.09087,1.08907,1.09089,1.08977,1.09111,1.08931,9521
2017-04-27 10:00:00,1.08952,1.08971,1.09065,1.0894,1.08977,1.08996,1.09089,1.08964,7396
2017-04-27 11:00:00,1.08971,1.08856,1.09006,1.08787,1.08996,1.0888,1.09031,1.08812,13886
2017-04-27 12:00:00,1.08856,1.08941,1.09317,1.08789,1.0888,1.08966,1.09345,1.08814,55126
2017-04-27 13:00:00,1.08941,1.08611,1.08954,1.08514,1.08966,1.08637,1.0898,1.08538,39151
2017-04-27 14:00:00,1.08611,1.08636,1.08712,1.08505,1.08637,1.0866,1.08735,1.08529,17177
2017-04-27 15:00:00,1.08636,1.08624,1.0871,1.08597,1.0866,1.08648,1.08734,1.0862,13063
2017-04-27 16:00:00,1.08624,1.08745,1.08788,1.08569,1.08648,1.0877,1.08811,1.08593,9854
2017-04-27 17:00:00,1.08745,1.088,1.08861,1.0873,1.0877,1.08825,1.08891,1.08752,7842
2017-04-27 18:00:00,1.088,1.08802,1.08842,1.08762,1.08825,1.08827,1.08866,1.08786,6157
2017-04-27 19:00:00,1.08802,1.08735,1.08834,1.0871,1.08827,1.08759,1.08858,1.08736,5592
2017-04-27 20:00:00,1.08735,1.0869,1.08789,1.08686,1.08759,1.08732,1.08811,1.08714,4986
2017-04-27 21:00:00,1.0869,1.08723,1.08736,1.08675,1.08732,1.0876,1.08766,1.08732,1457
2017-04-27 22:00:00,1.08723,1.08689,1.08745,1.08681,1.0876,1.08716,1.08774,1.08711,2794
2017-04-27 23:00:00,1.08689,1.08641,1.08708,1.08594,1.08716,1.08666,1.08733,1.08618,3298
2017-04-28 00:00:00,1.08641,1.08598,1.08673,1.08592,1.08666,1.08619,1.08697,1.08617,5650
2017-04-28 01:00:00,1.08598,1.08666,1.08698,1.08559,1.08619,1.08689,1.08722,1.08586,5754
2017-04-28 02:00:00,1.08666,1.08672,1.08712,1.08659,1.08689,1.08696,1.08735,1.08683,2767
2017-04-28 03:00:00,1.08672,1.08657,1.08675,1.08652,1.08696,1.0868,1.08699,1.08676,1604
2017-04-28 04:00:00,1.08657,1.08634,1.08671,1.08621,1.0868,1.08656,1.08695,1.08644,1499
2017-04-28 05:00:00,1.08634,1.08614,1.08648,1.08559,1.08656,1.08639,1.08672,1.08585,4087
2017-04-28 06:00:00,1.08614,1.08788,1.0884,1.08614,1.08639,1.08812,1.08864,1.08638,8247
2017-04-28 07:00:00,1.08788,1.08843,1.08887,1.08786,1.08812,1.08867,1.08913,1.08812,9859
2017-04-28 08:00:00,1.08843,1.09007,1.09007,1.08822,1.08867,1.09034,1.09037,1.08845,12218
2017-04-28 09:00:00,1.09007,1.09365,1.09462,1.08998,1.09034,1.09389,1.09488,1.09036,30015
2017-04-28 10:00:00,1.09365,1.09372,1.0944,1.09332,1.09389,1.09397,1.09464,1.09355,9196
2017-04-28 11:00:00,1.09372,1.09333,1.09386,1.09253,1.09397,1.09357,1.0941,1.09276,11815
2017-04-28 12:00:00,1.09333,1.09109,1.09336,1.09056,1.09357,1.09133,1.0936,1.09086,26685
2017-04-28 13:00:00,1.09109,1.09165,1.09188,1.08994,1.09133,1.0919,1.09212,1.09019,18405
2017-04-28 14:00:00,1.09165,1.08902,1.09204,1.08821,1.0919,1.08928,1.09228,1.08847,25899
2017-04-28 15:00:00,1.08902,1.08932,1.09009,1.08869,1.08928,1.08956,1.09032,1.08893,15716
2017-04-28 16:00:00,1.08932,1.08998,1.09001,1.08839,1.08956,1.09021,1.09025,1.08863,6990
2017-04-28 17:00:00,1.08998,1.09003,1.09049,1.08977,1.09021,1.09027,1.09073,1.09001,4697
2017-04-28 18:00:00,1.09003,1.08937,1.09024,1.08921,1.09027,1.0896,1.09047,1.08945,5507
2017-04-28 19:00:00,1.08937,1.0892,1.08989,1.08906,1.0896,1.08945,1.09013,1.0893,5227
2017-04-28 20:00:00,1.0892,1.08966,1.08989,1.08883,1.08945,1.09008,1.09049,1.08907,3700
2017-04-30 19:00:00,1.08966,1.09089,1.09171,1.09061,1.09008,1.09167,1.09219,1.09109,50
2017-04-30 20:00:00,1.09089,1.09093,1.09127,1.0908,1.09167,1.09184,1.09204,1.09135,316
2017-04-30 21:00:00,1.09093,1.08925,1.09053,1.08866,1.09184,1.09014,1.09105,1.08959,781
2017-04-30 22:00:00,1.08925,1.09014,1.0902,1.08901,1.09014,1.0904,1.0905,1.0897,5367
2017-04-30 23:00:00,1.09014,1.09047,1.09101,1.09014,1.0904,1.09072,1.09127,1.09037,1654
2017-05-01 00:00:00,1.09047,1.08982,1.09068,1.08982,1.09072,1.09007,1.09092,1.09006,2478
2017-05-01 01:00:00,1.08982,1.08918,1.08996,1.0888,1.09007,1.08943,1.0902,1.08905,4611
2017-05-01 02:00:00,1.08918,1.08926,1.08957,1.0891,1.08943,1.08951,1.08982,1.08935,2559
2017-05-01 03:00:00,1.08926,1.0892,1.08935,1.08899,1.08951,1.08945,1.08961,1.08925,808
2017-05-01 04:00:00,1.0892,1.08896,1.08925,1.08888,1.08945,1.08921,1.08949,1.08914,942
2017-05-01 05:00:00,1.08896,1.0886,1.08911,1.08848,1.08921,1.08884,1.08935,1.08874,1305
2017-05-01 06:00:00,1.0886,1.08859,1.08891,1.08834,1.08884,1.08885,1.08915,1.08859,2447
2017-05-01 07:00:00,1.08859,1.08891,1.08936,1.08828,1.08885,1.08916,1.08962,1.08854,2531
2017-05-01 08:00:00,1.08891,1.08974,1.08981,1.0889,1.08916,1.08998,1.09005,1.08915,2555
2017-05-01 09:00:00,1.08974,1.08977,1.08983,1.08942,1.08998,1.09003,1.09008,1.08967,1742
2017-05-01 10:00:00,1.08977,1.08976,1.09001,1.08962,1.09003,1.09,1.09026,1.08987,2281
2017-05-01 11:00:00,1.08976,1.09041,1.09046,1.08951,1.09,1.09066,1.0907,1.08977,3417
2017-05-01 12:00:00,1.09041,1.09158,1.09209,1.09026,1.09066,1.09183,1.09233,1.0905,7643
2017-05-01 13:00:00,1.09158,1.09077,1.09167,1.09047,1.09183,1.09109,1.09191,1.0907,8382
2017-05-01 14:00:00,1.09077,1.09136,1.09228,1.09065,1.09109,1.09159,1.09252,1.0911,12508
2017-05-01 15:00:00,1.09136,1.09102,1.09174,1.09069,1.09159,1.09127,1.09198,1.09093,7733
2017-05-01 16:00:00,1.09102,1.09028,1.09143,1.09002,1.09127,1.0905,1.09171,1.09026,11511
2017-05-01 17:00:00,1.09028,1.09036,1.09065,1.08974,1.0905,1.0906,1.09089,1.08998,6628
2017-05-01 18:00:00,1.09036,1.09039,1.0907,1.09021,1.0906,1.09064,1.09094,1.09044,4661
2017-05-01 19:00:00,1.09039,1.08971,1.09067,1.08967,1.09064,1.08995,1.09092,1.08991,3678
2017-05-01 20:00:00,1.08971,1.08972,1.08998,1.08952,1.08995,1.09026,1.09026,1.08977,2727
2017-05-01 21:00:00,1.08972,1.08964,1.0901,1.08941,1.09026,1.08991,1.09059,1.0899,1689
2017-05-01 22:00:00,1.08964,1.09102,1.09103,1.08965,1.08991,1.09129,1.0913,1.0899,3012
2017-05-01 23:00:00,1.09102,1.09074,1.09118,1.09031,1.09129,1.09098,1.09142,1.09056,1915
2017-05-02 00:00:00,1.09074,1.09059,1.09116,1.09033,1.09098,1.09083,1.0914,1.09057,4451
2017-05-02 01:00:00,1.09059,1.09071,1.09105,1.09054,1.09083,1.09095,1.0913,1.09078,3453
2017-05-02 02:00:00,1.09071,1.09101,1.09105,1.09039,1.09095,1.09125,1.0913,1.09064,2865
2017-05-02 03:00:00,1.09101,1.09142,1.09164,1.09101,1.09125,1.09166,1.09188,1.09123,2571
2017-05-02 04:00:00,1.09142,1.09116,1.09147,1.09109,1.09166,1.0914,1.0917,1.09134,2067
2017-05-02 05:00:00,1.09116,1.09175,1.09239,1.09111,1.0914,1.09199,1.09282,1.09135,3774
2017-05-02 06:00:00,1.09175,1.09165,1.09216,1.09071,1.09199,1.0919,1.09242,1.09096,8831
2017-05-02 07:00:00,1.09165,1.09065,1.09188,1.0906,1.0919,1.09089,1.09212,1.09085,11618
2017-05-02 08:00:00,1.09065,1.0914,1.09171,1.09037,1.09089,1.09163,1.09196,1.09062,11221
2017-05-02 09:00:00,1.0914,1.0917,1.09203,1.09075,1.09163,1.09194,1.09227,1.091,8584
2017-05-02 10:00:00,1.0917,1.09156,1.09185,1.09082,1.09194,1.09181,1.09209,1.09104,6881
2017-05-02 11:00:00,1.09156,1.09041,1.0917,1.09036,1.09181,1.09064,1.09195,1.09057,8494
2017-05-02 12:00:00,1.09041,1.09065,1.09146,1.09031,1.09064,1.09091,1.0917,1.09055,10916
2017-05-02 13:00:00,1.09065,1.0908,1.0912,1.09033,1.09091,1.09103,1.09145,1.09056,11529
2017-05-02 14:00:00,1.0908,1.09002,1.09088,1.08867,1.09103,1.09027,1.09111,1.08895,14956
2017-05-02 15:00:00,1.09002,1.09085,1.09116,1.0897,1.09027,1.09108,1.0914,1.08995,8661
2017-05-02 16:00:00,1.09085,1.09051,1.09163,1.09031,1.09108,1.09075,1.09189,1.09055,5755
2017-05-02 17:00:00,1.09051,1.09176,1.0918,1.09025,1.09075,1.09202,1.09205,1.09049,5274
2017-05-02 18:00:00,1.09176,1.09254,1.09291,1.09147,1.09202,1.09279,1.09316,1.09171,6826
2017-05-02 19:00:00,1.09254,1.09249,1.09284,1.09208,1.09279,1.09273,1.09308,1.09232,4357
2017-05-02 20:00:00,1.09249,1.09304,1.09321,1.0923,1.09273,1.09346,1.09347,1.09254,3420
2017-05-02 21:00:00,1.09304,1.09275,1.09292,1.09245,1.09346,1.093,1.09322,1.09279,1565
2017-05-02 22:00:00,1.09275,1.09296,1.09306,1.09227,1.093,1.09323,1.09334,1.09269,4984
2017-05-02 23:00:00,1.09296,1.09336,1.09352,1.09263,1.09323,1.0936,1.09378,1.09288,2067
2017-05-03 00:00:00,1.09336,1.0932,1.09356,1.09297,1.0936,1.09345,1.0938,1.0932,2874
2017-05-03 01:00:00,1.0932,1.09325,1.09358,1.09311,1.09345,1.0935,1.09381,1.09336,2815
2017-05-03 02:00:00,1.09325,1.09331,1.09337,1.09305,1.0935,1.09356,1.09363,1.0933,1788
2017-05-03 03:00:00,1.09331,1.09282,1.0934,1.0928,1.09356,1.09304,1.09364,1.09304,1991
2017-05-03 04:00:00,1.09282,1.09331,1.09332,1.0928,1.09304,1.09356,1.09357,1.09303,1917
2017-05-03 05:00:00,1.09331,1.09235,1.09341,1.09231,1.09356,1.0926,1.09365,1.09255,3166
2017-05-03 06:00:00,1.09235,1.09205,1.09255,1.09148,1.0926,1.09229,1.09279,1.09174,8316
2017-05-03 07:00:00,1.09205,1.09178,1.09205,1.09095,1.09229,1.09201,1.09229,1.09119,10055
2017-05-03 08:00:00,1.09178,1.0911,1.09214,1.09069,1.09201,1.09136,1.09239,1.09093,9774
2017-05-03 09:00:00,1.0911,1.09086,1.09138,1.09053,1.09136,1.09109,1.09161,1.09077,9833
2017-05-03 10:00:00,1.09086,1.09089,1.09141,1.09067,1.09109,1.09113,1.09165,1.0909,6375
2017-05-03 11:00:00,1.09089,1.09129,1.0914,1.09055,1.09113,1.09153,1.09163,1.09079,7095
2017-05-03 12:00:00,1.09129,1.09139,1.09215,1.09098,1.09153,1.09163,1.09239,1.09124,19274
2017-05-03 13:00:00,1.09139,1.09094,1.09204,1.09083,1.09163,1.09123,1.09228,1.09111,11821
2017-05-03 14:00:00,1.09094,1.09066,1.09139,1.09008,1.09123,1.0909,1.09164,1.09052,17833
2017-05-03 15:00:00,1.09066,1.0918,1.09184,1.09055,1.0909,1.09204,1.09209,1.0908,12168
2017-05-03 16:00:00,1.0918,1.0916,1.09224,1.09139,1.09204,1.09185,1.0925,1.09162,5264
2017-05-03 17:00:00,1.0916,1.09095,1.09195,1.09053,1.09185,1.09174,1.09224,1.09134,6300
2017-05-03 18:00:00,1.09095,1.09027,1.09256,1.08919,1.09174,1.09051,1.09294,1.08942,32429
2017-05-03 19:00:00,1.09027,1.08942,1.09057,1.0885,1.09051,1.08966,1.09082,1.08881,11316
2017-05-03 20:00:00,1.08942,1.08823,1.08945,1.08816,1.08966,1.08868,1.08969,1.08842,3984
2017-05-03 21:00:00,1.08823,1.08825,1.08869,1.08809,1.08868,1.08861,1.08939,1.08845,4995
2017-05-03 22:00:00,1.08825,1.0888,1.089,1.08797,1.08861,1.08905,1.08926,1.0883,2669
2017-05-03 23:00:00,1.0888,1.0887,1.08894,1.08846,1.08905,1.08895,1.08919,1.0887,3801
2017-05-04 00:00:00,1.0887,1.08856,1.08936,1.08842,1.08895,1.0888,1.08961,1.08867,3694
2017-05-04 01:00:00,1.08856,1.08916,1.08937,1.08836,1.0888,1.08941,1.08962,1.08861,3988
2017-05-04 02:00:00,1.08916,1.08906,1.08938,1.08881,1.08941,1.0893,1.08961,1.08905,2544
2017-05-04 03:00:00,1.08906,1.08955,1.08958,1.08892,1.0893,1.08979,1.08982,1.08915,2808
2017-05-04 04:00:00,1.08955,1.0895,1.08958,1.08924,1.08979,1.08974,1.08982,1.08948,1391
2017-05-04 05:00:00,1.0895,1.08922,1.0895,1.08911,1.08974,1.08946,1.08974,1.08934,1717
2017-05-04 06:00:00,1.08922,1.08821,1.08964,1.08737,1.08946,1.08845,1.08989,1.08762,11690
2017-05-04 07:00:00,1.08821,1.09109,1.09166,1.08803,1.08845,1.09133,1.09191,1.08828,18685
2017-05-04 08:00:00,1.09109,1.09175,1.09237,1.09093,1.09133,1.092,1.0926,1.09116,16012
2017-05-04 09:00:00,1.09175,1.09318,1.09345,1.09163,1.092,1.09342,1.09371,1.09186,15164
2017-05-04 10:00:00,1.09318,1.09295,1.09401,1.09273,1.09342,1.09319,1.09427,1.09297,12412
2017-05-04 11:00:00,1.09295,1.0923,1.09337,1.09228,1.09319,1.09254,1.09361,1.09252,10759
2017-05-04 12:00:00,1.0923,1.09335,1.09351,1.09174,1.09254,1.09359,1.09376,1.09198,18122
2017-05-04 13:00:00,1.09335,1.09359,1.09375,1.09238,1.09359,1.09388,1.094,1.09262,17481
2017-05-04 14:00:00,1.09359,1.0944,1.09521,1.09294,1.09388,1.09465,1.09546,1.09322,25382
2017-05-04 15:00:00,1.0944,1.09655,1.09679,1.09342,1.09465,1.09681,1.09701,1.09367,26840
2017-05-04 16:00:00,1.09655,1.09725,1.09779,1.0964,1.09681,1.09747,1.09803,1.09664,17836
2017-05-04 17:00:00,1.09725,1.09663,1.09756,1.0965,1.09747,1.09686,1.09781,1.09672,11840
2017-05-04 18:00:00,1.09663,1.09764,1.09779,1.0965,1.09686,1.09788,1.09803,1.09674,11072
2017-05-04 19:00:00,1.09764,1.09836,1.09841,1.09758,1.09788,1.0986,1.09868,1.09783,6284
2017-05-04 20:00:00,1.09836,1.09814,1.09862,1.09805,1.0986,1.09854,1.09885,1.0983,3960
2017-05-04 21:00:00,1.09814,1.09778,1.09821,1.0977,1.09854,1.09804,1.09852,1.09798,2272
2017-05-04 22:00:00,1.09778,1.09794,1.09808,1.09768,1.09804,1.0982,1.09833,1.09797,2433
2017-05-04 23:00:00,1.09794,1.09793,1.09806,1.09786,1.0982,1.09818,1.09832,1.0981,1802
2017-05-05 00:00:00,1.09793,1.09783,1.0981,1.09744,1.09818,1.09807,1.09835,1.09768,2881
2017-05-05 01:00:00,1.09783,1.09738,1.09783,1.09719,1.09807,1.09762,1.09807,1.09744,3920
2017-05-05 02:00:00,1.09738,1.09769,1.09777,1.09718,1.09762,1.09794,1.09801,1.09742,2045
2017-05-05 03:00:00,1.09769,1.09829,1.09852,1.09769,1.09794,1.09853,1.09877,1.09793,5941
2017-05-05 04:00:00,1.09829,1.09824,1.09888,1.09818,1.09853,1.09849,1.09916,1.09843,4306
2017-05-05 05:00:00,1.09824,1.09778,1.09867,1.09777,1.09849,1.09802,1.0989,1.09802,4315
2017-05-05 06:00:00,1.09778,1.09693,1.09823,1.09686,1.09802,1.09718,1.0985,1.09711,12234
2017-05-05 07:00:00,1.09693,1.09731,1.09824,1.09646,1.09718,1.09755,1.09848,1.09671,13840
2017-05-05 08:00:00,1.09731,1.09573,1.09765,1.09555,1.09755,1.09597,1.09789,1.09579,12439
2017-05-05 09:00:00,1.09573,1.0956,1.0965,1.09549,1.09597,1.09585,1.09675,1.09572,8795
2017-05-05 10:00:00,1.0956,1.0958,1.09623,1.09524,1.09585,1.09605,1.09647,1.09548,8173
2017-05-05 11:00:00,1.0958,1.09561,1.0963,1.0954,1.09605,1.09585,1.09655,1.09565,9788
2017-05-05 12:00:00,1.09561,1.09776,1.09905,1.09443,1.09585,1.09801,1.09931,1.09535,33799
2017-05-05 13:00:00,1.09776,1.09796,1.09814,1.09644,1.09801,1.0982,1.0984,1.09667,21977
2017-05-05 14:00:00,1.09796,1.09832,1.09914,1.09766,1.0982,1.09856,1.09941,1.0979,22768
2017-05-05 15:00:00,1.09832,1.0994,1.09979,1.09799,1.09856,1.09964,1.10002,1.09822,16596
2017-05-05 16:00:00,1.0994,1.0989,1.09976,1.09833,1.09964,1.09915,1.1,1.09857,10546
2017-05-05 17:00:00,1.0989,1.09898,1.09924,1.09834,1.09915,1.09921,1.09949,1.09858,8633
2017-05-05 18:00:00,1.09898,1.09875,1.09908,1.09827,1.09921,1.09899,1.09932,1.09851,7281
2017-05-05 19:00:00,1.09875,1.09965,1.09972,1.0984,1.09899,1.09989,1.09997,1.09865,7565
2017-05-05 20:00:00,1.09965,1.0997,1.09978,1.0991,1.09989,1.10019,1.10027,1.09939,7803
2017-05-07 19:00:00,1.0997,1.10176,1.10206,1.10143,1.10019,1.10216,1.1025,1.10191,922
2017-05-07 20:00:00,1.10176,1.10153,1.10213,1.10131,1.10216,1.10237,1.10254,1.10181,516
2017-05-07 21:00:00,1.10153,1.10103,1.10201,1.10002,1.10237,1.10152,1.1025,1.1006,4462
2017-05-07 22:00:00,1.10103,1.09919,1.10124,1.09837,1.10152,1.09946,1.10157,1.09868,9647
2017-05-07 23:00:00,1.09919,1.09636,1.09948,1.09623,1.09946,1.09663,1.09976,1.09648,8087
2017-05-08 00:00:00,1.09636,1.09657,1.09731,1.09558,1.09663,1.09682,1.09755,1.09585,9961
2017-05-08 01:00:00,1.09657,1.09736,1.09753,1.09623,1.09682,1.09759,1.09778,1.0965,7731
2017-05-08 02:00:00,1.09736,1.09742,1.09815,1.09705,1.09759,1.09766,1.09841,1.09731,5127
2017-05-08 03:00:00,1.09742,1.09702,1.09747,1.09644,1.09766,1.09727,1.09773,1.0967,4601
2017-05-08 04:00:00,1.09702,1.09712,1.09718,1.09599,1.09727,1.09737,1.09745,1.09626,6470
2017-05-08 05:00:00,1.09712,1.09929,1.09936,1.09696,1.09737,1.09958,1.09966,1.09721,7166
2017-05-08 06:00:00,1.09929,1.09827,1.09956,1.09728,1.09958,1.09852,1.09992,1.09759,15009
2017-05-08 07:00:00,1.09827,1.0955,1.09846,1.09524,1.09852,1.09575,1.0987,1.0955,17875
2017-05-08 08:00:00,1.0955,1.09551,1.09642,1.09496,1.09575,1.09576,1.09667,1.09527,10475
2017-05-08 09:00:00,1.09551,1.09371,1.09554,1.0934,1.09576,1.09396,1.09578,1.09364,11438
2017-05-08 10:00:00,1.09371,1.09492,1.09564,1.09353,1.09396,1.09516,1.09589,1.09378,8262
2017-05-08 11:00:00,1.09492,1.09371,1.09553,1.09369,1.09516,1.09395,1.09578,1.09394,8679
2017-05-08 12:00:00,1.09371,1.09458,1.09498,1.09299,1.09395,1.09483,1.09522,1.09325,13105
2017-05-08 13:00:00,1.09458,1.09422,1.09518,1.0938,1.09483,1.09447,1.09543,1.09405,13112
2017-05-08 14:00:00,1.09422,1.093,1.09471,1.09274,1.09447,1.09325,1.09496,1.09304,12707
2017-05-08 15:00:00,1.093,1.09269,1.09323,1.0915,1.09325,1.09294,1.09347,1.09176,14070
2017-05-08 16:00:00,1.09269,1.0931,1.09351,1.09232,1.09294,1.09335,1.09376,1.09258,6062
2017-05-08 17:00:00,1.0931,1.09272,1.09358,1.09236,1.09335,1.09297,1.09382,1.09261,5967
2017-05-08 18:00:00,1.09272,1.0932,1.09342,1.09252,1.09297,1.09345,1.09367,1.09277,4406
2017-05-08 19:00:00,1.0932,1.09289,1.09322,1.0926,1.09345,1.09314,1.09347,1.09284,5331
2017-05-08 20:00:00,1.09289,1.09212,1.09291,1.09199,1.09314,1.09266,1.09317,1.09228,3598
2017-05-08 21:00:00,1.09212,1.09207,1.09258,1.09163,1.09266,1.09232,1.09298,1.09203,3742
2017-05-08 22:00:00,1.09207,1.09245,1.09255,1.09177,1.09232,1.0927,1.0928,1.09204,5446
2017-05-08 23:00:00,1.09245,1.09255,1.09302,1.09235,1.0927,1.09279,1.09327,1.0926,2553
2017-05-09 00:00:00,1.09255,1.09238,1.09314,1.09206,1.09279,1.09263,1.0934,1.09232,5305
2017-05-09 01:00:00,1.09238,1.09269,1.09303,1.09188,1.09263,1.09294,1.09327,1.09213,6128
2017-05-09 02:00:00,1.09269,1.0926,1.09297,1.09252,1.09294,1.09285,1.09321,1.09277,4566
2017-05-09 03:00:00,1.0926,1.0928,1.09322,1.09254,1.09285,1.09304,1.09347,1.09278,3238
2017-05-09 04:00:00,1.0928,1.09295,1.09307,1.09271,1.09304,1.09318,1.0933,1.09296,1987
2017-05-09 05:00:00,1.09295,1.09222,1.09306,1.09218,1.09318,1.09248,1.09331,1.09244,2921
2017-05-09 06:00:00,1.09222,1.09052,1.09239,1.09013,1.09248,1.09076,1.09261,1.09038,14065
2017-05-09 07:00:00,1.09052,1.09226,1.09228,1.09044,1.09076,1.09251,1.09254,1.09068,14519
2017-05-09 08:00:00,1.09226,1.09051,1.0925,1.09046,1.09251,1.09076,1.09274,1.0907,11642
2017-05-09 09:00:00,1.09051,1.09044,1.09083,1.08911,1.09076,1.09068,1.09106,1.08933,16487
2017-05-09 10:00:00,1.09044,1.08951,1.09052,1.08842,1.09068,1.08974,1.09076,1.08871,12910
2017-05-09 11:00:00,1.08951,1.08852,1.09007,1.08789,1.08974,1.08875,1.09031,1.08811,15282
2017-05-09 12:00:00,1.08852,1.0883,1.0889,1.08723,1.08875,1.08853,1.08915,1.08752,19092
2017-05-09 13:00:00,1.0883,1.08953,1.08982,1.08817,1.08853,1.08976,1.09006,1.08841,15326
2017-05-09 14:00:00,1.08953,1.08889,1.09057,1.08884,1.08976,1.08914,1.0908,1.0891,20257
2017-05-09 15:00:00,1.08889,1.0873,1.08912,1.08704,1.08914,1.08754,1.08936,1.08728,14313
2017-05-09 16:00:00,1.0873,1.08945,1.08982,1.08719,1.08754,1.08971,1.0901,1.08745,8839
2017-05-09 17:00:00,1.08945,1.08837,1.08956,1.08769,1.08971,1.08859,1.08988,1.08794,11517
2017-05-09 18:00:00,1.08837,1.08669,1.08838,1.08622,1.08859,1.08694,1.08862,1.08647,7016
2017-05-09 19:00:00,1.08669,1.08724,1.08767,1.08649,1.08694,1.08749,1.08795,1.08674,9197
2017-05-09 20:00:00,1.08724,1.08717,1.08768,1.0869,1.08749,1.08757,1.08791,1.08715,4214
2017-05-09 21:00:00,1.08717,1.08752,1.08786,1.0867,1.08757,1.08819,1.08844,1.08727,7132
2017-05-09 22:00:00,1.08752,1.08809,1.08867,1.08709,1.08819,1.08835,1.08895,1.08776,6842
2017-05-09 23:00:00,1.08809,1.08851,1.08897,1.08806,1.08835,1.08876,1.08922,1.08831,3134
2017-05-10 00:00:00,1.08851,1.08935,1.08957,1.0881,1.08876,1.08958,1.08989,1.08834,7607
2017-05-10 01:00:00,1.08935,1.08936,1.0897,1.08918,1.08958,1.08961,1.08995,1.08941,6223
2017-05-10 02:00:00,1.08936,1.08918,1.08954,1.08911,1.08961,1.08942,1.08979,1.08935,2795
2017-05-10 03:00:00,1.08918,1.08923,1.0896,1.08905,1.08942,1.08948,1.08982,1.0893,1492
2017-05-10 04:00:00,1.08923,1.08903,1.08963,1.089,1.08948,1.08926,1.08988,1.08924,1824
2017-05-10 05:00:00,1.08903,1.08901,1.08952,1.08855,1.08926,1.08929,1.08977,1.08883,3688
2017-05-10 06:00:00,1.08901,1.08868,1.08931,1.08822,1.08929,1.08892,1.08956,1.08848,10721
2017-05-10 07:00:00,1.08868,1.089,1.08969,1.08864,1.08892,1.08925,1.08994,1.08889,13321
2017-05-10 08:00:00,1.089,1.08697,1.0893,1.0869,1.08925,1.08721,1.08954,1.08714,11825
2017-05-10 09:00:00,1.08697,1.08665,1.08727,1.08576,1.08721,1.0869,1.08751,1.086,12611
2017-05-10 10:00:00,1.08665,1.08676,1.08712,1.08617,1.0869,1.087,1.08736,1.0864,9423
2017-05-10 11:00:00,1.08676,1.08753,1.08784,1.08593,1.087,1.08778,1.0881,1.08616,17847
2017-05-10 12:00:00,1.08753,1.08788,1.08817,1.0871,1.08778,1.08812,1.08841,1.08736,14838
2017-05-10 13:00:00,1.08788,1.08703,1.08812,1.08621,1.08812,1.08726,1.08836,1.08644,16419
2017-05-10 14:00:00,1.08703,1.08684,1.08753,1.08616,1.08726,1.08708,1.08778,1.08642,15702
2017-05-10 15:00:00,1.08684,1.08711,1.08726,1.08614,1.08708,1.08734,1.0875,1.08638,13766
2017-05-10 16:00:00,1.08711,1.08664,1.08738,1.08654,1.08734,1.08688,1.08762,1.08677,7301
2017-05-10 17:00:00,1.08664,1.08575,1.08691,1.08539,1.08688,1.08598,1.08715,1.08562,9513
2017-05-10 18:00:00,1.08575,1.08599,1.0861,1.08518,1.08598,1.08624,1.08634,1.08544,7033
2017-05-10 19:00:00,1.08599,1.0865,1.08676,1.08593,1.08624,1.08673,1.08701,1.08618,6134
2017-05-10 20:00:00,1.0865,1.08646,1.0867,1.08641,1.08673,1.08691,1.08694,1.08667,2848
2017-05-10 21:00:00,1.08646,1.08663,1.08687,1.08588,1.08691,1.08689,1.08724,1.08649,5393
2017-05-10 22:00:00,1.08663,1.08653,1.08679,1.08639,1.08689,1.08677,1.08716,1.0867,9592
2017-05-10 23:00:00,1.08653,1.08662,1.08682,1.08632,1.08677,1.08685,1.08704,1.08658,2107
2017-05-11 00:00:00,1.08662,1.08729,1.08748,1.08624,1.08685,1.08754,1.08773,1.08649,3034
2017-05-11 01:00:00,1.08729,1.08707,1.08767,1.08693,1.08754,1.08732,1.08791,1.08718,3714
2017-05-11 02:00:00,1.08707,1.08764,1.08786,1.08699,1.08732,1.08789,1.08811,1.08722,3556
2017-05-11 03:00:00,1.08764,1.08713,1.08766,1.08713,1.08789,1.08738,1.0879,1.08738,2290
2017-05-11 04:00:00,1.08713,1.0869,1.08716,1.08686,1.08738,1.08714,1.08739,1.08709,1607
2017-05-11 05:00:00,1.0869,1.08744,1.08747,1.08632,1.08714,1.0877,1.08776,1.08656,3920
2017-05-11 06:00:00,1.08744,1.08776,1.08851,1.08704,1.0877,1.08801,1.08877,1.08728,9560
2017-05-11 07:00:00,1.08776,1.08858,1.08919,1.08708,1.08801,1.08882,1.08944,1.0873,12496
2017-05-11 08:00:00,1.08858,1.08773,1.08875,1.08767,1.08882,1.08797,1.08899,1.0879,8584
2017-05-11 09:00:00,1.08773,1.08688,1.08774,1.08673,1.08797,1.08712,1.08798,1.08697,6917
2017-05-11 10:00:00,1.08688,1.0869,1.0873,1.0866,1.08712,1.08715,1.08754,1.08685,6195
2017-05-11 11:00:00,1.0869,1.08555,1.08745,1.0855,1.08715,1.08579,1.08772,1.08575,17260
2017-05-11 12:00:00,1.08555,1.08508,1.08606,1.0838,1.08579,1.08533,1.0863,1.08403,23134
2017-05-11 13:00:00,1.08508,1.08665,1.087,1.08505,1.08533,1.0869,1.08722,1.0853,16916
2017-05-11 14:00:00,1.08665,1.08659,1.08717,1.08636,1.0869,1.08682,1.08741,1.0866,17890
2017-05-11 15:00:00,1.08659,1.08679,1.08745,1.08644,1.08682,1.08703,1.0877,1.08667,12065
2017-05-11 16:00:00,1.08679,1.08657,1.08703,1.08626,1.08703,1.08681,1.08728,1.0865,6484
2017-05-11 17:00:00,1.08657,1.08691,1.08737,1.08649,1.08681,1.08715,1.08763,1.08673,7032
2017-05-11 18:00:00,1.08691,1.08653,1.08702,1.08643,1.08715,1.08677,1.08725,1.08667,5874
2017-05-11 19:00:00,1.08653,1.08623,1.08662,1.08586,1.08677,1.08646,1.08685,1.08611,5236
2017-05-11 20:00:00,1.08623,1.08597,1.08663,1.0858,1.08646,1.08637,1.08687,1.08611,2536
2017-05-11 21:00:00,1.08597,1.08602,1.08639,1.08575,1.08637,1.08639,1.08678,1.08609,3584
2017-05-11 22:00:00,1.08602,1.08625,1.0864,1.08573,1.08639,1.08651,1.08668,1.08619,6411
2017-05-11 23:00:00,1.08625,1.08632,1.08665,1.08624,1.08651,1.08657,1.0869,1.08649,1883
2017-05-12 00:00:00,1.08632,1.08639,1.08654,1.0859,1.08657,1.08663,1.08681,1.08614,3820
2017-05-12 01:00:00,1.08639,1.0869,1.087,1.08633,1.08663,1.08715,1.08724,1.08657,2830
2017-05-12 02:00:00,1.0869,1.08706,1.08726,1.08686,1.08715,1.0873,1.08751,1.0871,2546
2017-05-12 03:00:00,1.08706,1.08684,1.08713,1.08682,1.0873,1.08708,1.08737,1.08707,1825
2017-05-12 04:00:00,1.08684,1.087,1.08705,1.08655,1.08708,1.08724,1.08728,1.0868,1978
2017-05-12 05:00:00,1.087,1.08704,1.08714,1.08678,1.08724,1.0873,1.0874,1.08703,2140
2017-05-12 06:00:00,1.08704,1.08587,1.08709,1.08584,1.0873,1.08612,1.08734,1.08611,7522
2017-05-12 07:00:00,1.08587,1.0862,1.08663,1.08542,1.08612,1.08644,1.08687,1.08571,11745
2017-05-12 08:00:00,1.0862,1.08645,1.08721,1.086,1.08644,1.0867,1.08746,1.08625,8233
2017-05-12 09:00:00,1.08645,1.08717,1.08756,1.08621,1.0867,1.08742,1.0878,1.08644,8799
2017-05-12 10:00:00,1.08717,1.08752,1.08771,1.08684,1.08742,1.08775,1.08794,1.08708,7970
2017-05-12 11:00:00,1.08752,1.08695,1.0877,1.08688,1.08775,1.08719,1.08793,1.08709,7630
2017-05-12 12:00:00,1.08695,1.09049,1.09115,1.08691,1.08719,1.09074,1.09139,1.08719,32352
2017-05-12 13:00:00,1.09049,1.09192,1.09243,1.09047,1.09074,1.09228,1.09268,1.09073,32463
2017-05-12 14:00:00,1.09192,1.09199,1.09268,1.09138,1.09228,1.09224,1.09291,1.09163,20526
2017-05-12 15:00:00,1.09199,1.09246,1.09331,1.09159,1.09224,1.09269,1.0936,1.09184,14460
2017-05-12 16:00:00,1.09246,1.09176,1.09276,1.09135,1.09269,1.092,1.09299,1.09159,7319
2017-05-12 17:00:00,1.09176,1.09216,1.09222,1.09165,1.092,1.09239,1.09246,1.09189,4799
2017-05-12 18:00:00,1.09216,1.0923,1.09264,1.0918,1.09239,1.09254,1.0929,1.09204,4630
2017-05-12 19:00:00,1.0923,1.09286,1.09301,1.09214,1.09254,1.0931,1.09325,1.09239,5721
2017-05-12 20:00:00,1.09286,1.09303,1.09318,1.0926,1.0931,1.09354,1.09354,1.09284,4866
2017-05-14 19:00:00,1.09303,1.09276,1.09295,1.09209,1.09354,1.09327,1.09365,1.09294,165
2017-05-14 20:00:00,1.09276,1.09281,1.09293,1.09237,1.09327,1.09322,1.0936,1.09312,209
2017-05-14 21:00:00,1.09281,1.09304,1.09334,1.09261,1.09322,1.09349,1.09382,1.09322,1336
2017-05-14 22:00:00,1.09304,1.09246,1.09327,1.09221,1.09349,1.09272,1.0936,1.0925,11555
2017-05-14 23:00:00,1.09246,1.09269,1.09271,1.09215,1.09272,1.09293,1.09299,1.0924,2452
2017-05-15 00:00:00,1.09269,1.09234,1.09326,1.09224,1.09293,1.09259,1.0935,1.09249,5069
2017-05-15 01:00:00,1.09234,1.09263,1.09272,1.09215,1.09259,1.09288,1.09296,1.0924,3181
2017-05-15 02:00:00,1.09263,1.09262,1.09301,1.09246,1.09288,1.09285,1.09325,1.09269,3373
2017-05-15 03:00:00,1.09262,1.09282,1.09292,1.0925,1.09285,1.09307,1.09317,1.09275,1306
2017-05-15 04:00:00,1.09282,1.0929,1.09301,1.09261,1.09307,1.09312,1.09326,1.09285,1026
2017-05-15 05:00:00,1.0929,1.09282,1.09323,1.09278,1.09312,1.09305,1.09347,1.09303,2026
2017-05-15 06:00:00,1.09282,1.09345,1.09415,1.09249,1.09305,1.09368,1.09445,1.09273,11930
2017-05-15 07:00:00,1.09345,1.09405,1.09462,1.09326,1.09368,1.0943,1.09487,1.0935,12135
2017-05-15 08:00:00,1.09405,1.09441,1.09487,1.0937,1.0943,1.09464,1.09514,1.09394,9000
2017-05-15 09:00:00,1.09441,1.09529,1.09588,1.09437,1.09464,1.09553,1.09614,1.09461,13498
2017-05-15 10:00:00,1.09529,1.09685,1.09691,1.09512,1.09553,1.0971,1.09715,1.09536,11241
2017-05-15 11:00:00,1.09685,1.09646,1.09722,1.09629,1.0971,1.0967,1.09748,1.09653,9378
2017-05-15 12:00:00,1.09646,1.09772,1.0981,1.09643,1.0967,1.09797,1.09834,1.09666,15970
2017-05-15 13:00:00,1.09772,1.09778,1.09883,1.09749,1.09797,1.09806,1.09908,1.09773,15847
2017-05-15 14:00:00,1.09778,1.0977,1.09849,1.09715,1.09806,1.09794,1.09873,1.09738,13424
2017-05-15 15:00:00,1.0977,1.0978,1.09852,1.09754,1.09794,1.09804,1.09875,1.09778,13095
2017-05-15 16:00:00,1.0978,1.0973,1.09798,1.09696,1.09804,1.09753,1.09821,1.09719,7621
2017-05-15 17:00:00,1.0973,1.09685,1.09767,1.09652,1.09753,1.0971,1.09792,1.09676,6376
2017-05-15 18:00:00,1.09685,1.09768,1.09772,1.09645,1.0971,1.09792,1.09797,1.0967,4827
2017-05-15 19:00:00,1.09768,1.09765,1.09787,1.09736,1.09792,1.0979,1.09811,1.0976,3474
2017-05-15 20:00:00,1.09765,1.09735,1.0977,1.09724,1.0979,1.09774,1.09794,1.09759,2554
2017-05-15 21:00:00,1.09735,1.09751,1.09784,1.09723,1.09774,1.09784,1.09811,1.09762,2898
2017-05-15 22:00:00,1.09751,1.09799,1.09821,1.0975,1.09784,1.09824,1.09849,1.09781,2455
2017-05-15 23:00:00,1.09799,1.09788,1.09822,1.09774,1.09824,1.09812,1.09847,1.098,1119
2017-05-16 00:00:00,1.09788,1.09821,1.09846,1.0978,1.09812,1.09845,1.0987,1.09804,4826
2017-05-16 01:00:00,1.09821,1.09859,1.09887,1.09794,1.09845,1.09883,1.09913,1.0982,3810
2017-05-16 02:00:00,1.09859,1.09872,1.09872,1.09821,1.09883,1.09897,1.09898,1.09846,3590
2017-05-16 03:00:00,1.09872,1.09879,1.0988,1.09852,1.09897,1.09902,1.09904,1.09877,1440
2017-05-16 04:00:00,1.09879,1.09907,1.09926,1.09861,1.09902,1.09931,1.09953,1.09884,2179
2017-05-16 05:00:00,1.09907,1.09911,1.09994,1.099,1.09931,1.09936,1.1002,1.09927,5752
2017-05-16 06:00:00,1.09911,1.1013,1.10168,1.09902,1.09936,1.10154,1.10192,1.09928,15580
2017-05-16 07:00:00,1.1013,1.10278,1.10351,1.10106,1.10154,1.10303,1.1038,1.10131,21563
2017-05-16 08:00:00,1.10278,1.10442,1.10486,1.10268,1.10303,1.10468,1.1051,1.10293,20638
2017-05-16 09:00:00,1.10442,1.10433,1.10462,1.10289,1.10468,1.10457,1.10487,1.10312,16564
2017-05-16 10:00:00,1.10433,1.10521,1.10578,1.10391,1.10457,1.10544,1.10601,1.10414,14706
2017-05-16 11:00:00,1.10521,1.10516,1.10647,1.10494,1.10544,1.1054,1.10672,1.10517,16020
2017-05-16 12:00:00,1.10516,1.10764,1.10878,1.10511,1.1054,1.10789,1.10903,1.10535,23671
2017-05-16 13:00:00,1.10764,1.10663,1.10776,1.10637,1.10789,1.10687,1.10799,1.10661,22349
2017-05-16 14:00:00,1.10663,1.10811,1.10851,1.10654,1.10687,1.10833,1.10875,1.10677,23538
2017-05-16 15:00:00,1.10811,1.10704,1.10828,1.10628,1.10833,1.10729,1.10851,1.10651,19349
2017-05-16 16:00:00,1.10704,1.10745,1.108,1.10665,1.10729,1.10768,1.10824,1.10689,12299
2017-05-16 17:00:00,1.10745,1.10892,1.10913,1.10741,1.10768,1.10915,1.10936,1.10764,8867
2017-05-16 18:00:00,1.10892,1.1094,1.10962,1.10888,1.10915,1.10964,1.10985,1.10911,8421
2017-05-16 19:00:00,1.1094,1.10838,1.10958,1.10833,1.10964,1.1086,1.10983,1.10858,6539
2017-05-16 20:00:00,1.10838,1.10811,1.10887,1.10789,1.1086,1.10859,1.10912,1.10817,4075
2017-05-16 21:00:00,1.10811,1.10792,1.10848,1.10783,1.10859,1.10821,1.10885,1.10813,6883
2017-05-16 22:00:00,1.10792,1.10935,1.10937,1.10793,1.10821,1.10961,1.10965,1.10821,5333
2017-05-16 23:00:00,1.10935,1.10922,1.10956,1.10883,1.10961,1.10948,1.10981,1.10909,4783
2017-05-17 00:00:00,1.10922,1.10945,1.10968,1.10854,1.10948,1.10969,1.10993,1.10878,8099
2017-05-17 01:00:00,1.10945,1.10963,1.10978,1.10929,1.10969,1.10988,1.11002,1.10952,4762
2017-05-17 02:00:00,1.10963,1.11086,1.11126,1.10945,1.10988,1.11112,1.11153,1.1097,6769
2017-05-17 03:00:00,1.11086,1.11119,1.11158,1.11085,1.11112,1.11142,1.11184,1.11111,4765
2017-05-17 04:00:00,1.11119,1.11048,1.11152,1.11026,1.11142,1.11073,1.11177,1.11052,5517
2017-05-17 05:00:00,1.11048,1.11076,1.11109,1.10952,1.11073,1.11101,1.11133,1.10977,7930
2017-05-17 06:00:00,1.11076,1.11074,1.11212,1.11024,1.11101,1.11099,1.11237,1.11049,14020
2017-05-17 07:00:00,1.11074,1.10876,1.11169,1.10805,1.11099,1.109,1.11195,1.10828,25680
2017-05-17 08:00:00,1.10876,1.10843,1.10988,1.10831,1.109,1.10868,1.11011,1.10856,17038
2017-05-17 09:00:00,1.10843,1.10944,1.10992,1.10836,1.10868,1.10969,1.11012,1.10862,12838
2017-05-17 10:00:00,1.10944,1.11078,1.11119,1.10929,1.10969,1.11101,1.11142,1.10953,14277
2017-05-17 11:00:00,1.11078,1.11107,1.11121,1.10999,1.11101,1.11132,1.11145,1.11022,12576
2017-05-17 12:00:00,1.11107,1.1122,1.11231,1.11102,1.11132,1.11245,1.11271,1.11124,18153
2017-05-17 13:00:00,1.1122,1.11245,1.11246,1.11004,1.11245,1.1127,1.11273,1.11029,31653
2017-05-17 14:00:00,1.11245,1.11457,1.1146,1.1124,1.1127,1.11481,1.11483,1.11264,33565
2017-05-17 15:00:00,1.11457,1.11316,1.11494,1.11289,1.11481,1.11341,1.11519,1.11313,26746
2017-05-17 16:00:00,1.11316,1.11368,1.1143,1.11309,1.11341,1.11392,1.11454,1.11333,12208
2017-05-17 17:00:00,1.11368,1.11538,1.11538,1.11364,1.11392,1.11561,1.11562,1.11387,12883
2017-05-17 18:00:00,1.11538,1.11465,1.1157,1.11448,1.11561,1.11489,1.11593,1.1147,14022
2017-05-17 19:00:00,1.11465,1.11515,1.11561,1.11429,1.11489,1.11537,1.11584,1.11453,11995
2017-05-17 20:00:00,1.11515,1.11573,1.11611,1.11494,1.11537,1.11616,1.11635,1.11519,8203
2017-05-17 21:00:00,1.11573,1.11636,1.11693,1.1156,1.11616,1.1168,1.11722,1.11594,7939
2017-05-17 22:00:00,1.11636,1.11603,1.11676,1.11589,1.1168,1.1163,1.11702,1.11627,9433
2017-05-17 23:00:00,1.11603,1.11531,1.1163,1.11496,1.1163,1.11556,1.11653,1.11522,5645
2017-05-18 00:00:00,1.11531,1.11634,1.11648,1.11496,1.11556,1.1166,1.11676,1.1152,8506
2017-05-18 01:00:00,1.11634,1.11538,1.11708,1.11521,1.1166,1.11561,1.11733,1.11546,11605
2017-05-18 02:00:00,1.11538,1.11547,1.11569,1.11497,1.11561,1.11572,1.11593,1.11521,6212
2017-05-18 03:00:00,1.11547,1.11599,1.11601,1.11536,1.11572,1.11624,1.11626,1.11561,4369
2017-05-18 04:00:00,1.11599,1.11429,1.11608,1.1138,1.11624,1.11454,1.11633,1.11405,8069
2017-05-18 05:00:00,1.11429,1.11378,1.11445,1.11369,1.11454,1.11403,1.1147,1.11395,7193
2017-05-18 06:00:00,1.11378,1.11293,1.11447,1.11198,1.11403,1.11316,1.11472,1.11223,18811
2017-05-18 07:00:00,1.11293,1.11319,1.11443,1.11283,1.11316,1.11343,1.11468,1.11308,22713
2017-05-18 08:00:00,1.11319,1.11261,1.1144,1.1126,1.11343,1.11285,1.11464,1.11284,25011
2017-05-18 09:00:00,1.11261,1.11188,1.11391,1.11064,1.11285,1.11211,1.11414,1.11088,33259
2017-05-18 10:00:00,1.11188,1.1135,1.11363,1.11165,1.11211,1.11374,1.11387,1.11189,18230
2017-05-18 11:00:00,1.1135,1.11195,1.11387,1.11104,1.11374,1.11219,1.1141,1.11129,24183
2017-05-18 12:00:00,1.11195,1.11074,1.11354,1.11028,1.11219,1.11099,1.11382,1.11051,31294
2017-05-18 13:00:00,1.11074,1.11121,1.11173,1.11037,1.11099,1.11145,1.11196,1.11059,32407
2017-05-18 14:00:00,1.11121,1.11256,1.11272,1.1107,1.11145,1.1128,1.11299,1.11095,32115
2017-05-18 15:00:00,1.11256,1.11284,1.1133,1.11194,1.1128,1.11307,1.11355,1.11218,22730
2017-05-18 16:00:00,1.11284,1.11243,1.11368,1.11215,1.11307,1.11266,1.11392,1.11239,17487
2017-05-18 17:00:00,1.11243,1.10882,1.11292,1.10819,1.11266,1.10907,1.11314,1.10849,30727
2017-05-18 18:00:00,1.10882,1.11016,1.1104,1.10743,1.10907,1.11041,1.11063,1.10772,23264
2017-05-18 19:00:00,1.11016,1.11117,1.11129,1.10917,1.11041,1.11141,1.11154,1.1094,14021
2017-05-18 20:00:00,1.11117,1.11001,1.11117,1.11,1.11141,1.11047,1.11142,1.11035,4443
2017-05-18 21:00:00,1.11001,1.10997,1.11026,1.10949,1.11047,1.11029,1.11062,1.10984,4452
2017-05-18 22:00:00,1.10997,1.11066,1.11101,1.10959,1.11029,1.11089,1.11127,1.11007,3323
2017-05-18 23:00:00,1.11066,1.11091,1.11137,1.11064,1.11089,1.11116,1.11159,1.11089,2439
2017-05-19 00:00:00,1.11091,1.11077,1.11103,1.1105,1.11116,1.11101,1.11128,1.11074,5262
2017-05-19 01:00:00,1.11077,1.11062,1.11127,1.11038,1.11101,1.11086,1.11152,1.11062,6241
2017-05-19 02:00:00,1.11062,1.11014,1.11063,1.10984,1.11086,1.11037,1.11086,1.11008,4744
2017-05-19 03:00:00,1.11014,1.11077,1.11094,1.11011,1.11037,1.11102,1.11117,1.11035,3894
2017-05-19 04:00:00,1.11077,1.11107,1.11124,1.1106,1.11102,1.11131,1.11149,1.11085,2991
2017-05-19 05:00:00,1.11107,1.11126,1.11135,1.11082,1.11131,1.1115,1.11159,1.11106,3232
2017-05-19 06:00:00,1.11126,1.11215,1.11258,1.11082,1.1115,1.11239,1.11281,1.11104,12354
2017-05-19 07:00:00,1.11215,1.11377,1.11424,1.1121,1.11239,1.11401,1.11449,1.11234,18421
2017-05-19 08:00:00,1.11377,1.11481,1.11598,1.11343,1.11401,1.11506,1.11623,1.11367,20931
2017-05-19 09:00:00,1.11481,1.11574,1.11644,1.11457,1.11506,1.11596,1.11668,1.11481,16824
2017-05-19 10:00:00,1.11574,1.11621,1.11667,1.11549,1.11596,1.11645,1.11691,1.11573,11217
2017-05-19 11:00:00,1.11621,1.11768,1.11824,1.11596,1.11645,1.11793,1.11848,1.11619,17349
2017-05-19 12:00:00,1.11768,1.11785,1.11848,1.11737,1.11793,1.11806,1.11871,1.11761,20758
2017-05-19 13:00:00,1.11785,1.11876,1.11957,1.11769,1.11806,1.11901,1.1198,1.11795,26644
2017-05-19 14:00:00,1.11876,1.11944,1.11958,1.1183,1.11901,1.11965,1.11982,1.11854,24565
2017-05-19 15:00:00,1.11944,1.1188,1.11958,1.11861,1.11965,1.11905,1.11981,1.11885,13982
2017-05-19 16:00:00,1.1188,1.11895,1.11946,1.1184,1.11905,1.11918,1.11969,1.11863,8298
2017-05-19 17:00:00,1.11895,1.12093,1.12107,1.11885,1.11918,1.12116,1.12131,1.11909,11834
2017-05-19 18:00:00,1.12093,1.12032,1.12097,1.1203,1.12116,1.12056,1.12121,1.12053,9540
2017-05-19 19:00:00,1.12032,1.12031,1.12103,1.11973,1.12056,1.12056,1.12127,1.11998,15047
2017-05-19 20:00:00,1.12031,1.12061,1.12073,1.12006,1.12056,1.12093,1.12098,1.12032,4896
2017-05-21 19:00:00,1.12061,1.12031,1.12058,1.11974,1.12093,1.12072,1.12113,1.12053,75
2017-05-21 20:00:00,1.12031,1.11934,1.12039,1.11819,1.12072,1.12002,1.12081,1.11877,278
2017-05-21 21:00:00,1.11934,1.11979,1.12069,1.1195,1.12002,1.12049,1.12137,1.11992,1546
2017-05-21 22:00:00,1.11979,1.12051,1.12064,1.11975,1.12049,1.12079,1.12118,1.12017,3964
2017-05-21 23:00:00,1.12051,1.12022,1.1209,1.11996,1.12079,1.12046,1.12114,1.12022,5171
2017-05-22 00:00:00,1.12022,1.11854,1.12024,1.11851,1.12046,1.11879,1.12047,1.11875,6757
2017-05-22 01:00:00,1.11854,1.11919,1.11927,1.11812,1.11879,1.11943,1.11952,1.11837,5692
2017-05-22 02:00:00,1.11919,1.11907,1.11918,1.11821,1.11943,1.1193,1.11943,1.11846,3412
2017-05-22 03:00:00,1.11907,1.11904,1.1195,1.11893,1.1193,1.11929,1.11975,1.11917,2267
2017-05-22 04:00:00,1.11904,1.11875,1.1193,1.11872,1.11929,1.11899,1.11954,1.11897,1958
2017-05-22 05:00:00,1.11875,1.11925,1.11927,1.11837,1.11899,1.1195,1.11953,1.11862,3553
2017-05-22 06:00:00,1.11925,1.11834,1.11999,1.11791,1.1195,1.11858,1.12026,1.11817,12539
2017-05-22 07:00:00,1.11834,1.11704,1.11927,1.11627,1.11858,1.11729,1.11951,1.11653,20317
2017-05-22 08:00:00,1.11704,1.11668,1.11777,1.11603,1.11729,1.11693,1.118,1.11628,12757
2017-05-22 09:00:00,1.11668,1.11998,1.12059,1.11648,1.11693,1.12023,1.1208,1.11672,17626
2017-05-22 10:00:00,1.11998,1.12263,1.12353,1.11996,1.12023,1.12286,1.12379,1.12023,27734
2017-05-22 11:00:00,1.12263,1.12336,1.1245,1.12252,1.12286,1.12361,1.12474,1.12276,17284
2017-05-22 12:00:00,1.12336,1.12442,1.12488,1.12326,1.12361,1.12466,1.1251,1.12349,16857
2017-05-22 13:00:00,1.12442,1.12563,1.12577,1.12395,1.12466,1.12586,1.12602,1.1242,21477
2017-05-22 14:00:00,1.12563,1.12456,1.12624,1.12428,1.12586,1.1248,1.12648,1.12449,23208
2017-05-22 15:00:00,1.12456,1.12338,1.12507,1.12275,1.1248,1.12361,1.1253,1.12299,18562
2017-05-22 16:00:00,1.12338,1.12327,1.12366,1.12278,1.12361,1.12349,1.12389,1.12302,8323
2017-05-22 17:00:00,1.12327,1.12407,1.12431,1.12318,1.12349,1.12431,1.12454,1.12341,4982
2017-05-22 18:00:00,1.12407,1.12345,1.12422,1.12332,1.12431,1.1237,1.12446,1.12355,6607
2017-05-22 19:00:00,1.12345,1.12361,1.12367,1.1228,1.1237,1.12385,1.12392,1.12304,6561
2017-05-22 20:00:00,1.12361,1.12358,1.12411,1.1235,1.12385,1.12405,1.12435,1.12375,3498
2017-05-22 21:00:00,1.12358,1.12351,1.12404,1.12337,1.12405,1.12388,1.12443,1.12379,5248
2017-05-22 22:00:00,1.12351,1.12376,1.12411,1.12291,1.12388,1.12402,1.12434,1.12319,6559
2017-05-22 23:00:00,1.12376,1.12361,1.12429,1.12353,1.12402,1.12386,1.12456,1.12377,2998
2017-05-23 00:00:00,1.12361,1.12384,1.12459,1.12354,1.12386,1.12407,1.12484,1.12378,5391
2017-05-23 01:00:00,1.12384,1.12482,1.12504,1.12381,1.12407,1.12507,1.1253,1.12405,4149
2017-05-23 02:00:00,1.12482,1.12506,1.1253,1.12461,1.12507,1.1253,1.12554,1.12486,4773
2017-05-23 03:00:00,1.12506,1.12444,1.12506,1.12427,1.1253,1.12469,1.12531,1.12451,3533
2017-05-23 04:00:00,1.12444,1.12493,1.12521,1.12413,1.12469,1.12517,1.12546,1.12437,2610
2017-05-23 05:00:00,1.12493,1.1243,1.12499,1.12425,1.12517,1.1246,1.12524,1.12449,4350
2017-05-23 06:00:00,1.1243,1.12236,1.12442,1.1221,1.1246,1.12261,1.12469,1.12233,23325
2017-05-23 07:00:00,1.12236,1.12515,1.12669,1.12217,1.12261,1.12545,1.12704,1.1224,34810
2017-05-23 08:00:00,1.12515,1.12472,1.1259,1.12401,1.12545,1.12495,1.12611,1.12425,26971
2017-05-23 09:00:00,1.12472,1.12572,1.12618,1.12441,1.12495,1.12595,1.12642,1.12464,15379
2017-05-23 10:00:00,1.12572,1.12375,1.12593,1.12364,1.12595,1.12399,1.12617,1.12388,12333
2017-05-23 11:00:00,1.12375,1.12165,1.12391,1.12149,1.12399,1.12189,1.12411,1.12173,14343
2017-05-23 12:00:00,1.12165,1.12327,1.12373,1.121,1.12189,1.12352,1.12396,1.12124,21409
2017-05-23 13:00:00,1.12327,1.12243,1.12425,1.12242,1.12352,1.12268,1.12446,1.12267,20372
2017-05-23 14:00:00,1.12243,1.12278,1.12321,1.12119,1.12268,1.12298,1.12345,1.12144,26378
2017-05-23 15:00:00,1.12278,1.11956,1.12484,1.11914,1.12298,1.11981,1.12511,1.11944,50667
2017-05-23 16:00:00,1.11956,1.1191,1.12063,1.1181,1.11981,1.11935,1.12087,1.11833,25518
2017-05-23 17:00:00,1.1191,1.11953,1.12077,1.11878,1.11935,1.11977,1.12101,1.11902,12341
2017-05-23 18:00:00,1.11953,1.11838,1.11977,1.11753,1.11977,1.11862,1.12,1.11775,12657
2017-05-23 19:00:00,1.11838,1.11817,1.11843,1.1174,1.11862,1.11841,1.11867,1.11762,11392
2017-05-23 20:00:00,1.11817,1.11799,1.11842,1.11757,1.11841,1.11843,1.11866,1.11784,4658
2017-05-23 21:00:00,1.11799,1.11834,1.11836,1.11785,1.11843,1.1186,1.11896,1.11814,3296
2017-05-23 22:00:00,1.11834,1.11861,1.11882,1.1182,1.1186,1.11887,1.11909,1.11852,4295
2017-05-23 23:00:00,1.11861,1.11778,1.11863,1.1176,1.11887,1.11801,1.11888,1.11785,2231
2017-05-24 00:00:00,1.11778,1.11856,1.11907,1.11769,1.11801,1.1188,1.11932,1.11793,7240
2017-05-24 01:00:00,1.11856,1.11838,1.11899,1.11792,1.1188,1.11862,1.11924,1.11817,5956
2017-05-24 02:00:00,1.11838,1.11842,1.11889,1.11833,1.11862,1.11867,1.11913,1.11856,3525
2017-05-24 03:00:00,1.11842,1.11795,1.11846,1.11765,1.11867,1.11819,1.1187,1.1179,3360
2017-05-24 04:00:00,1.11795,1.11789,1.11813,1.11772,1.11819,1.11812,1.11837,1.11797,2647
2017-05-24 05:00:00,1.11789,1.11767,1.11798,1.11717,1.11812,1.11793,1.11822,1.11741,5497
2017-05-24 06:00:00,1.11767,1.11764,1.1182,1.11701,1.11793,1.11789,1.11845,1.11725,13666
2017-05-24 07:00:00,1.11764,1.11748,1.11838,1.11689,1.11789,1.11771,1.11861,1.11713,18728
2017-05-24 08:00:00,1.11748,1.11844,1.11957,1.11721,1.11771,1.11866,1.11981,1.11745,19848
2017-05-24 09:00:00,1.11844,1.11752,1.11877,1.11741,1.11866,1.11777,1.11901,1.11765,12662
2017-05-24 10:00:00,1.11752,1.11898,1.11918,1.11738,1.11777,1.11922,1.11942,1.11762,14801
2017-05-24 11:00:00,1.11898,1.11864,1.11914,1.11776,1.11922,1.11888,1.11938,1.11799,12767
2017-05-24 12:00:00,1.11864,1.11968,1.12012,1.11835,1.11888,1.11993,1.12035,1.11861,23605
2017-05-24 13:00:00,1.11968,1.11857,1.12036,1.11809,1.11993,1.11885,1.12063,1.11832,28076
2017-05-24 14:00:00,1.11857,1.11828,1.11956,1.118,1.11885,1.11852,1.1198,1.11826,23465
2017-05-24 15:00:00,1.11828,1.11735,1.11862,1.11673,1.11852,1.11758,1.11886,1.11696,16896
2017-05-24 16:00:00,1.11735,1.11764,1.11812,1.11727,1.11758,1.11789,1.11836,1.11749,6846
2017-05-24 17:00:00,1.11764,1.11856,1.11888,1.11746,1.11789,1.11902,1.11913,1.11769,9228
2017-05-24 18:00:00,1.11856,1.11963,1.1215,1.1177,1.11902,1.11984,1.12181,1.11808,49953
2017-05-24 19:00:00,1.11963,1.1214,1.12164,1.11924,1.11984,1.12164,1.12187,1.11949,16767
2017-05-24 20:00:00,1.1214,1.12156,1.12189,1.12108,1.12164,1.12198,1.12213,1.12133,5437
2017-05-24 21:00:00,1.12156,1.12125,1.12189,1.12104,1.12198,1.12152,1.12219,1.12136,2329
2017-05-24 22:00:00,1.12125,1.12161,1.12223,1.12096,1.12152,1.12187,1.12251,1.12123,4797
2017-05-24 23:00:00,1.12161,1.12294,1.12322,1.12161,1.12187,1.12319,1.12347,1.12187,3461
2017-05-25 00:00:00,1.12294,1.12219,1.12296,1.12192,1.12319,1.12244,1.12321,1.12217,4345
2017-05-25 01:00:00,1.12219,1.12222,1.123,1.12173,1.12244,1.12247,1.12324,1.12197,6467
2017-05-25 02:00:00,1.12222,1.12379,1.12389,1.12214,1.12247,1.12404,1.12415,1.12239,6271
2017-05-25 03:00:00,1.12379,1.12376,1.12435,1.12371,1.12404,1.124,1.12458,1.12395,6033
2017-05-25 04:00:00,1.12376,1.12398,1.12424,1.12353,1.124,1.12422,1.12448,1.12376,3145
2017-05-25 05:00:00,1.12398,1.12425,1.12437,1.12333,1.12422,1.1245,1.1246,1.12358,5055
2017-05-25 06:00:00,1.12425,1.12286,1.12429,1.12254,1.1245,1.12308,1.12453,1.12279,13468
2017-05-25 07:00:00,1.12286,1.12419,1.12436,1.12244,1.12308,1.12445,1.1246,1.12266,18074
2017-05-25 08:00:00,1.12419,1.12411,1.12491,1.12338,1.12445,1.12434,1.12518,1.12361,19785
2017-05-25 09:00:00,1.12411,1.12238,1.12411,1.12168,1.12434,1.12263,1.12434,1.12192,16004
2017-05-25 10:00:00,1.12238,1.1216,1.12239,1.12077,1.12263,1.1218,1.12263,1.121,15058
2017-05-25 11:00:00,1.1216,1.12128,1.12178,1.1205,1.1218,1.12151,1.12202,1.12073,13074
2017-05-25 12:00:00,1.12128,1.12015,1.12145,1.11924,1.12151,1.1204,1.12169,1.11948,19361
2017-05-25 13:00:00,1.12015,1.1213,1.12143,1.11995,1.1204,1.12154,1.12167,1.12018,17389
2017-05-25 14:00:00,1.1213,1.1212,1.12215,1.12037,1.12154,1.12144,1.12242,1.12061,18964
2017-05-25 15:00:00,1.1212,1.12162,1.12223,1.12103,1.12144,1.12186,1.12247,1.12127,16822
2017-05-25 16:00:00,1.12162,1.12167,1.12249,1.12137,1.12186,1.12192,1.12273,1.12161,8703
2017-05-25 17:00:00,1.12167,1.1207,1.12197,1.11996,1.12192,1.12093,1.12221,1.12019,9410
2017-05-25 18:00:00,1.1207,1.12035,1.12071,1.11972,1.12093,1.12059,1.12094,1.11995,8173
2017-05-25 19:00:00,1.12035,1.12098,1.12128,1.12016,1.12059,1.12121,1.12153,1.1204,6359
2017-05-25 20:00:00,1.12098,1.1208,1.12104,1.12025,1.12121,1.12122,1.12131,1.1205,2960
2017-05-25 21:00:00,1.1208,1.12074,1.12112,1.12049,1.12122,1.12108,1.12155,1.12091,1683
2017-05-25 22:00:00,1.12074,1.12114,1.12152,1.12055,1.12108,1.12141,1.12176,1.12093,2868
2017-05-25 23:00:00,1.12114,1.12092,1.12116,1.12064,1.12141,1.12115,1.12142,1.12092,1739
2017-05-26 00:00:00,1.12092,1.12048,1.12113,1.11954,1.12115,1.12073,1.12136,1.11979,5924
2017-05-26 01:00:00,1.12048,1.1188,1.12068,1.11848,1.12073,1.11907,1.12091,1.11882,6837
2017-05-26 02:00:00,1.1188,1.1198,1.1198,1.11838,1.11907,1.12003,1.12004,1.11863,7293
2017-05-26 03:00:00,1.1198,1.12001,1.12045,1.11978,1.12003,1.12025,1.12068,1.12,4795
2017-05-26 04:00:00,1.12001,1.11992,1.12013,1.11961,1.12025,1.12016,1.12036,1.11984,2433
2017-05-26 05:00:00,1.11992,1.11937,1.12029,1.11899,1.12016,1.11962,1.12054,1.11924,4675
2017-05-26 06:00:00,1.11937,1.121,1.12118,1.11899,1.11962,1.12125,1.12143,1.11923,16449
2017-05-26 07:00:00,1.121,1.12177,1.12233,1.12067,1.12125,1.12201,1.12258,1.12091,14399
2017-05-26 08:00:00,1.12177,1.12229,1.12335,1.12163,1.12201,1.12254,1.12358,1.12188,18287
2017-05-26 09:00:00,1.12229,1.12161,1.12242,1.12102,1.12254,1.12185,1.12266,1.12125,14280
2017-05-26 10:00:00,1.12161,1.12206,1.12258,1.12126,1.12185,1.1223,1.12281,1.1215,10541
2017-05-26 11:00:00,1.12206,1.11899,1.12219,1.11897,1.1223,1.11921,1.12243,1.1192,17322
2017-05-26 12:00:00,1.11899,1.11791,1.1199,1.11768,1.11921,1.11815,1.12014,1.11791,26333
2017-05-26 13:00:00,1.11791,1.11666,1.11803,1.11591,1.11815,1.11692,1.11825,1.11619,27301
2017-05-26 14:00:00,1.11666,1.11837,1.11863,1.11635,1.11692,1.11861,1.11888,1.11659,21584
2017-05-26 15:00:00,1.11837,1.11677,1.11854,1.11647,1.11861,1.11701,1.11878,1.1167,16972
2017-05-26 16:00:00,1.11677,1.11762,1.11785,1.11604,1.11701,1.11786,1.11809,1.11629,9595
2017-05-26 17:00:00,1.11762,1.11757,1.1182,1.11746,1.11786,1.1178,1.11844,1.11769,6499
2017-05-26 18:00:00,1.11757,1.1175,1.11768,1.11721,1.1178,1.11774,1.11792,1.11744,4794
2017-05-26 19:00:00,1.1175,1.11699,1.11775,1.11677,1.11774,1.11724,1.11799,1.117,5345
2017-05-26 20:00:00,1.11699,1.11778,1.11786,1.11666,1.11724,1.11814,1.1182,1.11691,5313
2017-05-28 19:00:00,1.11778,1.11671,1.11671,1.11671,1.11814,1.11764,1.11769,1.11749,6
2017-05-28 20:00:00,1.11671,1.11675,1.11724,1.11671,1.11764,1.11794,1.11803,1.11759,42
2017-05-28 21:00:00,1.11675,1.11727,1.1175,1.11671,1.11794,1.11784,1.11808,1.11764,451
2017-05-28 22:00:00,1.11727,1.11815,1.11815,1.1172,1.11784,1.1184,1.11841,1.11775,5182
2017-05-28 23:00:00,1.11815,1.11748,1.11836,1.11716,1.1184,1.11774,1.11862,1.11741,2112
2017-05-29 00:00:00,1.11748,1.11712,1.11749,1.11607,1.11774,1.11737,1.11774,1.11632,5471
2017-05-29 01:00:00,1.11712,1.11662,1.11723,1.11641,1.11737,1.11685,1.11747,1.11665,3115
2017-05-29 02:00:00,1.11662,1.11628,1.11683,1.11622,1.11685,1.11651,1.11706,1.11646,2353
2017-05-29 03:00:00,1.11628,1.11635,1.1164,1.11616,1.11651,1.1166,1.11663,1.11639,2038
2017-05-29 04:00:00,1.11635,1.11625,1.11651,1.11612,1.1166,1.11648,1.11675,1.11634,3162
2017-05-29 05:00:00,1.11625,1.11643,1.11723,1.11623,1.11648,1.11667,1.11747,1.11647,2881
2017-05-29 06:00:00,1.11643,1.11701,1.1176,1.11642,1.11667,1.11725,1.11784,1.11667,6284
2017-05-29 07:00:00,1.11701,1.11778,1.1181,1.11652,1.11725,1.11801,1.11834,1.11676,8753
2017-05-29 08:00:00,1.11778,1.11822,1.11886,1.11761,1.11801,1.11846,1.11911,1.11784,8516
2017-05-29 09:00:00,1.11822,1.11862,1.11872,1.11762,1.11846,1.11885,1.11895,1.11786,6967
2017-05-29 10:00:00,1.11862,1.11828,1.11862,1.11798,1.11885,1.11851,1.11885,1.11822,6710
2017-05-29 11:00:00,1.11828,1.11856,1.11872,1.11821,1.11851,1.11881,1.11895,1.11844,5196
2017-05-29 12:00:00,1.11856,1.11837,1.11888,1.11828,1.11881,1.11862,1.11912,1.11853,7510
2017-05-29 13:00:00,1.11837,1.11704,1.11874,1.11689,1.11862,1.11728,1.11898,1.11712,10281
2017-05-29 14:00:00,1.11704,1.11749,1.11781,1.11662,1.11728,1.11773,1.11804,1.11686,8803
2017-05-29 15:00:00,1.11749,1.11784,1.11821,1.11749,1.11773,1.11809,1.11844,1.11773,7192
2017-05-29 16:00:00,1.11784,1.11726,1.11808,1.11724,1.11809,1.11751,1.11833,1.11747,3687
2017-05-29 17:00:00,1.11726,1.11693,1.11751,1.11678,1.11751,1.11721,1.11787,1.11705,2961
2017-05-29 18:00:00,1.11693,1.11697,1.11704,1.11671,1.11721,1.1172,1.1173,1.11696,1443
2017-05-29 19:00:00,1.11697,1.11703,1.11717,1.11689,1.1172,1.11727,1.11741,1.11715,2831
2017-05-29 20:00:00,1.11703,1.11616,1.1171,1.11609,1.11727,1.11666,1.11736,1.11641,5888
2017-05-29 21:00:00,1.11616,1.11505,1.1167,1.11485,1.11666,1.11535,1.11738,1.11525,2847
2017-05-29 22:00:00,1.11505,1.11376,1.1152,1.11333,1.11535,1.11401,1.11554,1.11351,8989
2017-05-29 23:00:00,1.11376,1.11278,1.11386,1.11259,1.11401,1.11303,1.11412,1.11287,4600
2017-05-30 00:00:00,1.11278,1.11321,1.11366,1.11267,1.11303,1.11346,1.1139,1.11291,6097
2017-05-30 01:00:00,1.11321,1.11219,1.11325,1.11209,1.11346,1.11243,1.11349,1.11232,7289
2017-05-30 02:00:00,1.11219,1.11281,1.11289,1.11212,1.11243,1.11305,1.11312,1.11236,3409
2017-05-30 03:00:00,1.11281,1.11244,1.11297,1.11244,1.11305,1.11269,1.1132,1.11268,2521
2017-05-30 04:00:00,1.11244,1.11264,1.11281,1.11219,1.11269,1.11288,1.11306,1.11244,2697
2017-05-30 05:00:00,1.11264,1.11149,1.1131,1.11144,1.11288,1.11174,1.11334,1.11169,5998
2017-05-30 06:00:00,1.11149,1.11299,1.113,1.11081,1.11174,1.11321,1.11325,1.11106,15323
2017-05-30 07:00:00,1.11299,1.11395,1.11438,1.11257,1.11321,1.11419,1.11462,1.11282,22975
2017-05-30 08:00:00,1.11395,1.11389,1.11479,1.11376,1.11419,1.11413,1.11504,1.114,16849
2017-05-30 09:00:00,1.11389,1.11637,1.11659,1.11354,1.11413,1.11662,1.11686,1.11379,17117
2017-05-30 10:00:00,1.11637,1.11528,1.11674,1.1152,1.11662,1.11552,1.11698,1.11545,12761
2017-05-30 11:00:00,1.11528,1.11728,1.11924,1.1145,1.11552,1.11753,1.11977,1.11473,29527
2017-05-30 12:00:00,1.11728,1.11612,1.11749,1.11532,1.11753,1.11636,1.11774,1.11555,27303
2017-05-30 13:00:00,1.11612,1.11896,1.11909,1.11611,1.11636,1.11922,1.11931,1.11636,26187
2017-05-30 14:00:00,1.11896,1.11763,1.12042,1.11738,1.11922,1.11786,1.1207,1.11762,26542
2017-05-30 15:00:00,1.11763,1.11813,1.11884,1.11748,1.11786,1.11837,1.11907,1.11771,15509
2017-05-30 16:00:00,1.11813,1.11733,1.11828,1.11708,1.11837,1.11757,1.11852,1.11731,8677
2017-05-30 17:00:00,1.11733,1.11791,1.11828,1.11731,1.11757,1.11816,1.11851,1.11756,5858
2017-05-30 18:00:00,1.11791,1.11873,1.11889,1.11779,1.11816,1.11898,1.11913,1.11802,6071
2017-05-30 19:00:00,1.11873,1.11873,1.11926,1.11829,1.11898,1.11896,1.11949,1.11853,5557
2017-05-30 20:00:00,1.11873,1.11836,1.11956,1.11834,1.11896,1.11888,1.11981,1.11877,4462
2017-05-30 21:00:00,1.11836,1.11778,1.11888,1.11756,1.11888,1.11813,1.11914,1.11794,6657
2017-05-30 22:00:00,1.11778,1.11723,1.11796,1.1172,1.11813,1.11748,1.11822,1.11745,3458
2017-05-30 23:00:00,1.11723,1.11716,1.11726,1.11691,1.11748,1.11742,1.1175,1.11715,1568
2017-05-31 00:00:00,1.11716,1.11701,1.11809,1.11682,1.11742,1.11725,1.11831,1.11706,5914
2017-05-31 01:00:00,1.11701,1.11741,1.11788,1.11695,1.11725,1.11764,1.11812,1.11719,5771
2017-05-31 02:00:00,1.11741,1.11746,1.11783,1.11695,1.11764,1.11768,1.11806,1.1172,4589
2017-05-31 03:00:00,1.11746,1.11753,1.11775,1.11723,1.11768,1.11776,1.11798,1.11745,2501
2017-05-31 04:00:00,1.11753,1.11716,1.11773,1.11706,1.11776,1.11741,1.11796,1.1173,2292
2017-05-31 05:00:00,1.11716,1.11668,1.11748,1.11632,1.11741,1.11691,1.11771,1.11657,4642
2017-05-31 06:00:00,1.11668,1.11869,1.11888,1.11636,1.11691,1.11893,1.11911,1.11659,13742
2017-05-31 07:00:00,1.11869,1.11837,1.11958,1.11785,1.11893,1.11862,1.11981,1.11809,16407
2017-05-31 08:00:00,1.11837,1.1173,1.11845,1.11688,1.11862,1.11761,1.1187,1.11712,18083
2017-05-31 09:00:00,1.1173,1.11892,1.11914,1.11694,1.11761,1.11917,1.11937,1.11725,18873
2017-05-31 10:00:00,1.11892,1.12117,1.1217,1.1184,1.11917,1.1214,1.12193,1.11862,20016
2017-05-31 11:00:00,1.12117,1.12205,1.12277,1.12116,1.1214,1.12227,1.123,1.12137,16217
2017-05-31 12:00:00,1.12205,1.12211,1.12239,1.12099,1.12227,1.12234,1.12263,1.12122,17592
2017-05-31 13:00:00,1.12211,1.12322,1.12411,1.12162,1.12234,1.12346,1.12432,1.12186,25566
2017-05-31 14:00:00,1.12322,1.12446,1.12452,1.12199,1.12346,1.1247,1.12478,1.12223,33917
2017-05-31 15:00:00,1.12446,1.12357,1.12511,1.12293,1.1247,1.1238,1.12536,1.12317,30734
2017-05-31 16:00:00,1.12357,1.12358,1.1237,1.12269,1.1238,1.1238,1.12394,1.12292,10765
2017-05-31 17:00:00,1.12358,1.12381,1.12415,1.12268,1.1238,1.12404,1.12437,1.12292,11459
2017-05-31 18:00:00,1.12381,1.12446,1.12463,1.12336,1.12404,1.12469,1.12486,1.12359,9588
2017-05-31 19:00:00,1.12446,1.12324,1.12457,1.12291,1.12469,1.12349,1.12481,1.12314,8068
2017-05-31 20:00:00,1.12324,1.12412,1.12431,1.1231,1.12349,1.1244,1.12468,1.12334,5117
2017-05-31 21:00:00,1.12412,1.12421,1.12482,1.12389,1.1244,1.12451,1.12516,1.12426,4786
2017-05-31 22:00:00,1.12421,1.12375,1.12422,1.12345,1.12451,1.12399,1.1245,1.12372,5554
2017-05-31 23:00:00,1.12375,1.12378,1.12439,1.12375,1.12399,1.12402,1.12462,1.12398,2472
2017-06-01 00:00:00,1.12378,1.12335,1.12411,1.12324,1.12402,1.12358,1.12436,1.12348,4248
2017-06-01 01:00:00,1.12335,1.12458,1.12542,1.12324,1.12358,1.12483,1.12568,1.12349,7543
2017-06-01 02:00:00,1.12458,1.1241,1.12556,1.12405,1.12483,1.12434,1.1258,1.12428,6619
2017-06-01 03:00:00,1.1241,1.12457,1.12481,1.12362,1.12434,1.12479,1.12505,1.12386,3919
2017-06-01 04:00:00,1.12457,1.12455,1.12465,1.12423,1.12479,1.12479,1.1249,1.12445,3009
2017-06-01 05:00:00,1.12455,1.12366,1.12468,1.12364,1.12479,1.12392,1.12494,1.12388,5522
2017-06-01 06:00:00,1.12366,1.12425,1.12478,1.12264,1.12392,1.12451,1.125,1.12288,12874
2017-06-01 07:00:00,1.12425,1.12314,1.12448,1.12279,1.12451,1.12339,1.12471,1.12302,16223
2017-06-01 08:00:00,1.12314,1.12251,1.12368,1.12218,1.12339,1.12276,1.12391,1.12243,13647
2017-06-01 09:00:00,1.12251,1.12345,1.12358,1.12211,1.12276,1.12368,1.12382,1.12234,15138
2017-06-01 10:00:00,1.12345,1.12266,1.12357,1.1223,1.12368,1.1229,1.12381,1.12253,11000
2017-06-01 11:00:00,1.12266,1.12172,1.12272,1.12157,1.1229,1.12196,1.12295,1.12179,10758
2017-06-01 12:00:00,1.12172,1.12135,1.12238,1.11991,1.12196,1.12158,1.12261,1.12033,26057
2017-06-01 13:00:00,1.12135,1.12203,1.12249,1.1212,1.12158,1.12245,1.12273,1.12143,17115
2017-06-01 14:00:00,1.12203,1.12243,1.12333,1.12147,1.12245,1.12267,1.12359,1.12171,22194
2017-06-01 15:00:00,1.12243,1.12124,1.12248,1.12079,1.12267,1.12147,1.12271,1.12102,14350
2017-06-01 16:00:00,1.12124,1.12085,1.12162,1.1205,1.12147,1.12108,1.12185,1.12073,7854
2017-06-01 17:00:00,1.12085,1.12099,1.12122,1.12057,1.12108,1.12123,1.12145,1.12079,6104
2017-06-01 18:00:00,1.12099,1.12138,1.12183,1.12055,1.12123,1.12158,1.12206,1.12078,8553
2017-06-01 19:00:00,1.12138,1.12134,1.12168,1.12099,1.12158,1.12157,1.12192,1.12122,6239
2017-06-01 20:00:00,1.12134,1.12097,1.12152,1.12091,1.12157,1.12139,1.12175,1.12115,3335
2017-06-01 21:00:00,1.12097,1.12129,1.12157,1.121,1.12139,1.12154,1.12203,1.12133,2035
2017-06-01 22:00:00,1.12129,1.12178,1.12183,1.12125,1.12154,1.12203,1.12208,1.12148,4102
2017-06-01 23:00:00,1.12178,1.12118,1.12179,1.12111,1.12203,1.12142,1.12203,1.12136,1579
2017-06-02 00:00:00,1.12118,1.12156,1.1217,1.1211,1.12142,1.12179,1.12193,1.12133,4085
2017-06-02 01:00:00,1.12156,1.12159,1.1221,1.12145,1.12179,1.12184,1.12233,1.12168,4222
2017-06-02 02:00:00,1.12159,1.12157,1.12191,1.12146,1.12184,1.12182,1.12216,1.12169,2664
2017-06-02 03:00:00,1.12157,1.12173,1.12178,1.12141,1.12182,1.12197,1.12203,1.12164,2007
2017-06-02 04:00:00,1.12173,1.12184,1.12191,1.12156,1.12197,1.12208,1.12214,1.12179,1274
2017-06-02 05:00:00,1.12184,1.12164,1.12194,1.12147,1.12208,1.12188,1.12218,1.12172,2715
2017-06-02 06:00:00,1.12164,1.12174,1.12207,1.12148,1.12188,1.12197,1.1223,1.1217,7455
2017-06-02 07:00:00,1.12174,1.12141,1.12271,1.12138,1.12197,1.12165,1.12295,1.1216,12927
2017-06-02 08:00:00,1.12141,1.122,1.12257,1.12133,1.12165,1.12225,1.12278,1.12157,10156
2017-06-02 09:00:00,1.122,1.122,1.12227,1.12157,1.12225,1.12224,1.12251,1.1218,9120
2017-06-02 10:00:00,1.122,1.12172,1.1223,1.12143,1.12224,1.12196,1.12254,1.12167,10897
2017-06-02 11:00:00,1.12172,1.12047,1.1219,1.12039,1.12196,1.1207,1.12214,1.12062,12164
2017-06-02 12:00:00,1.12047,1.12684,1.12814,1.12042,1.1207,1.12707,1.12837,1.12065,57428
2017-06-02 13:00:00,1.12684,1.12748,1.12765,1.12536,1.12707,1.12772,1.12786,1.12558,33604
2017-06-02 14:00:00,1.12748,1.12742,1.12783,1.12551,1.12772,1.12766,1.12807,1.12574,24438
2017-06-02 15:00:00,1.12742,1.12686,1.12804,1.12659,1.12766,1.12709,1.12828,1.12683,18822
2017-06-02 16:00:00,1.12686,1.12687,1.12754,1.12646,1.12709,1.12711,1.12778,1.12669,10902
2017-06-02 17:00:00,1.12687,1.12747,1.12754,1.12657,1.12711,1.12769,1.12778,1.12681,8860
2017-06-02 18:00:00,1.12747,1.12757,1.12785,1.12728,1.12769,1.12779,1.12809,1.12751,6955
2017-06-02 19:00:00,1.12757,1.1281,1.1284,1.12738,1.12779,1.12833,1.12871,1.12762,8363
2017-06-02 20:00:00,1.1281,1.12792,1.12837,1.12779,1.12833,1.12829,1.12862,1.12811,4714
2017-06-04 19:00:00,1.12792,1.12716,1.12822,1.12708,1.12829,1.12775,1.12878,1.12775,351
2017-06-04 20:00:00,1.12716,1.127,1.12736,1.12673,1.12775,1.1279,1.12794,1.12742,61
2017-06-04 21:00:00,1.127,1.12765,1.12815,1.1268,1.1279,1.12819,1.12872,1.12768,736
2017-06-04 22:00:00,1.12765,1.12779,1.12824,1.12717,1.12819,1.12809,1.12858,1.12745,8018
2017-06-04 23:00:00,1.12779,1.12762,1.12799,1.12749,1.12809,1.12788,1.12824,1.12772,3023
2017-06-05 00:00:00,1.12762,1.12714,1.12771,1.12677,1.12788,1.12739,1.12793,1.12703,4390
2017-06-05 01:00:00,1.12714,1.12682,1.12761,1.12675,1.12739,1.12707,1.12785,1.12699,3282
2017-06-05 02:00:00,1.12682,1.12725,1.12728,1.12637,1.12707,1.1275,1.12751,1.12663,2400
2017-06-05 03:00:00,1.12725,1.12696,1.12737,1.12657,1.1275,1.12719,1.12762,1.12682,2174
2017-06-05 04:00:00,1.12696,1.12652,1.127,1.12622,1.12719,1.12676,1.12723,1.12646,1851
2017-06-05 05:00:00,1.12652,1.12636,1.12658,1.12602,1.12676,1.1266,1.12685,1.12627,4223
2017-06-05 06:00:00,1.12636,1.12624,1.12689,1.12612,1.1266,1.12648,1.12713,1.12636,8159
2017-06-05 07:00:00,1.12624,1.12642,1.12777,1.1259,1.12648,1.12665,1.12801,1.12612,16026
2017-06-05 08:00:00,1.12642,1.12709,1.12713,1.12618,1.12665,1.12734,1.12737,1.12642,13664
2017-06-05 09:00:00,1.12709,1.12637,1.12709,1.12608,1.12734,1.12661,1.12733,1.12632,11109
2017-06-05 10:00:00,1.12637,1.12418,1.1266,1.1234,1.12661,1.12442,1.12685,1.12364,15805
2017-06-05 11:00:00,1.12418,1.12456,1.12463,1.12351,1.12442,1.1248,1.12487,1.12377,10740
2017-06-05 12:00:00,1.12456,1.12408,1.12505,1.12394,1.1248,1.12432,1.12529,1.12418,13011
2017-06-05 13:00:00,1.12408,1.12473,1.12545,1.12329,1.12432,1.12513,1.12568,1.12355,14336
2017-06-05 14:00:00,1.12473,1.12492,1.12543,1.12417,1.12513,1.12516,1.12566,1.12441,19285
2017-06-05 15:00:00,1.12492,1.12487,1.12538,1.12461,1.12516,1.1251,1.12562,1.12485,10906
2017-06-05 16:00:00,1.12487,1.12517,1.12537,1.12466,1.1251,1.12541,1.12561,1.1249,6420
2017-06-05 17:00:00,1.12517,1.12562,1.12634,1.12518,1.12541,1.12587,1.12657,1.12541,6273
2017-06-05 18:00:00,1.12562,1.1256,1.12568,1.12497,1.12587,1.12584,1.12591,1.12521,5983
2017-06-05 19:00:00,1.1256,1.12543,1.12567,1.12515,1.12584,1.12567,1.12591,1.12539,5597
2017-06-05 20:00:00,1.12543,1.12525,1.12579,1.12522,1.12567,1.12554,1.12603,1.12549,2899
2017-06-05 21:00:00,1.12525,1.1252,1.12574,1.1251,1.12554,1.12567,1.12651,1.12553,2895
2017-06-05 22:00:00,1.1252,1.1257,1.12586,1.12514,1.12567,1.12596,1.12612,1.12558,1298
2017-06-05 23:00:00,1.1257,1.12562,1.12584,1.1254,1.12596,1.12587,1.12607,1.12561,1253
2017-06-06 00:00:00,1.12562,1.12613,1.12645,1.12558,1.12587,1.12636,1.12668,1.12584,4654
2017-06-06 01:00:00,1.12613,1.12713,1.12717,1.12611,1.12636,1.12738,1.1274,1.12635,7994
2017-06-06 02:00:00,1.12713,1.12712,1.12738,1.12692,1.12738,1.12736,1.12761,1.12716,5091
2017-06-06 03:00:00,1.12712,1.12677,1.1273,1.12672,1.12736,1.127,1.12754,1.12695,2834
2017-06-06 04:00:00,1.12677,1.12669,1.12678,1.12641,1.127,1.12693,1.127,1.12665,3364
2017-06-06 05:00:00,1.12669,1.12723,1.12766,1.12648,1.12693,1.12747,1.12791,1.12672,4581
2017-06-06 06:00:00,1.12723,1.12683,1.12755,1.12647,1.12747,1.12706,1.12778,1.12669,11282
2017-06-06 07:00:00,1.12683,1.12488,1.12691,1.12411,1.12706,1.12511,1.12713,1.12435,17653
2017-06-06 08:00:00,1.12488,1.12508,1.1256,1.12463,1.12511,1.12532,1.12584,1.12486,10040
2017-06-06 09:00:00,1.12508,1.12474,1.12521,1.12432,1.12532,1.12497,1.12545,1.12455,11196
2017-06-06 10:00:00,1.12474,1.12489,1.1252,1.12428,1.12497,1.1251,1.12544,1.12452,10541
2017-06-06 11:00:00,1.12489,1.12472,1.12584,1.12393,1.1251,1.12496,1.12608,1.12417,17898
2017-06-06 12:00:00,1.12472,1.12542,1.1257,1.12461,1.12496,1.12565,1.12591,1.12484,19203
2017-06-06 13:00:00,1.12542,1.12663,1.12747,1.12528,1.12565,1.12687,1.12771,1.12551,22059
2017-06-06 14:00:00,1.12663,1.12647,1.12755,1.126,1.12687,1.12671,1.12779,1.12623,22529
2017-06-06 15:00:00,1.12647,1.12649,1.12718,1.12613,1.12671,1.12673,1.12742,1.12637,14552
2017-06-06 16:00:00,1.12649,1.12691,1.12709,1.12634,1.12673,1.12713,1.12732,1.12656,6616
2017-06-06 17:00:00,1.12691,1.12811,1.12834,1.1269,1.12713,1.12834,1.12855,1.1271,8319
2017-06-06 18:00:00,1.12811,1.12678,1.12811,1.12669,1.12834,1.12703,1.12834,1.12692,11040
2017-06-06 19:00:00,1.12678,1.1277,1.12776,1.12678,1.12703,1.12793,1.128,1.12702,7946
2017-06-06 20:00:00,1.1277,1.12748,1.12775,1.1271,1.12793,1.12789,1.12803,1.12732,3540
2017-06-06 21:00:00,1.12748,1.12768,1.12795,1.12751,1.12789,1.12793,1.12833,1.12779,2556
2017-06-06 22:00:00,1.12768,1.12769,1.12808,1.12762,1.12793,1.12794,1.12835,1.12785,3023
2017-06-06 23:00:00,1.12769,1.12692,1.12773,1.12689,1.12794,1.12716,1.12797,1.12712,1893
2017-06-07 00:00:00,1.12692,1.12714,1.12756,1.12667,1.12716,1.12738,1.12778,1.1269,3361
2017-06-07 01:00:00,1.12714,1.12686,1.12728,1.12665,1.12738,1.12708,1.12751,1.12689,5046
2017-06-07 02:00:00,1.12686,1.1264,1.12685,1.12609,1.12708,1.12664,1.12708,1.12633,3848
2017-06-07 03:00:00,1.1264,1.12633,1.12646,1.12613,1.12664,1.12657,1.1267,1.12638,1927
2017-06-07 04:00:00,1.12633,1.12634,1.12645,1.12589,1.12657,1.12658,1.12668,1.12613,2955
2017-06-07 05:00:00,1.12634,1.12642,1.12672,1.1263,1.12658,1.12667,1.12696,1.12653,2536
2017-06-07 06:00:00,1.12642,1.12713,1.12759,1.12619,1.12667,1.12736,1.12783,1.12643,8964
2017-06-07 07:00:00,1.12713,1.12528,1.1272,1.1245,1.12736,1.12552,1.12743,1.12474,18232
2017-06-07 08:00:00,1.12528,1.12613,1.12668,1.12519,1.12552,1.12637,1.12691,1.12543,10434
2017-06-07 09:00:00,1.12613,1.12688,1.12759,1.12613,1.12637,1.12713,1.12783,1.12635,10113
2017-06-07 10:00:00,1.12688,1.12109,1.12696,1.12039,1.12713,1.12134,1.12721,1.12063,34006
2017-06-07 11:00:00,1.12109,1.12144,1.12259,1.1203,1.12134,1.12169,1.12284,1.12053,17751
2017-06-07 12:00:00,1.12144,1.12288,1.12325,1.12123,1.12169,1.12312,1.12349,1.12146,17195
2017-06-07 13:00:00,1.12288,1.12604,1.12622,1.12235,1.12312,1.12629,1.12647,1.12259,30778
2017-06-07 14:00:00,1.12604,1.12617,1.12816,1.12575,1.12629,1.1264,1.12838,1.12599,24356
2017-06-07 15:00:00,1.12617,1.12363,1.12626,1.12287,1.1264,1.12387,1.12649,1.12313,17951
2017-06-07 16:00:00,1.12363,1.12637,1.12645,1.12218,1.12387,1.1266,1.12668,1.12242,18959
2017-06-07 17:00:00,1.12637,1.12642,1.12712,1.12616,1.1266,1.12665,1.12735,1.12639,11609
2017-06-07 18:00:00,1.12642,1.12524,1.1267,1.12505,1.12665,1.12549,1.1269,1.1253,12922
2017-06-07 19:00:00,1.12524,1.12664,1.12666,1.12505,1.12549,1.12688,1.12689,1.12529,8330
2017-06-07 20:00:00,1.12664,1.12551,1.12678,1.12533,1.12688,1.12585,1.12702,1.12585,3265
2017-06-07 21:00:00,1.12551,1.12579,1.12612,1.12527,1.12585,1.12606,1.12718,1.12576,4661
2017-06-07 22:00:00,1.12579,1.12569,1.12603,1.12535,1.12606,1.12594,1.12629,1.12563,4204
2017-06-07 23:00:00,1.12569,1.12545,1.12599,1.12534,1.12594,1.12569,1.12624,1.12557,1659
2017-06-08 00:00:00,1.12545,1.12494,1.12558,1.12467,1.12569,1.12519,1.12582,1.12492,4871
2017-06-08 01:00:00,1.12494,1.12542,1.12557,1.12461,1.12519,1.12565,1.1258,1.12484,5279
2017-06-08 02:00:00,1.12542,1.126,1.12602,1.12523,1.12565,1.12625,1.12626,1.12546,3868
2017-06-08 03:00:00,1.126,1.12528,1.12602,1.12522,1.12625,1.12552,1.12625,1.12546,4063
2017-06-08 04:00:00,1.12528,1.12562,1.12574,1.12491,1.12552,1.12587,1.12599,1.12515,5663
2017-06-08 05:00:00,1.12562,1.1262,1.12623,1.12511,1.12587,1.12646,1.12649,1.12535,6923
2017-06-08 06:00:00,1.1262,1.12512,1.12681,1.12495,1.12646,1.12536,1.12705,1.12518,10983
2017-06-08 07:00:00,1.12512,1.12587,1.12637,1.12488,1.12536,1.12609,1.12661,1.12512,12687
2017-06-08 08:00:00,1.12587,1.1248,1.12622,1.1242,1.12609,1.12505,1.12643,1.12444,12069
2017-06-08 09:00:00,1.1248,1.12319,1.12529,1.12291,1.12505,1.12342,1.12553,1.12315,13593
2017-06-08 10:00:00,1.12319,1.12336,1.12365,1.12294,1.12342,1.1236,1.12389,1.12318,9915
2017-06-08 11:00:00,1.12336,1.12234,1.12615,1.12166,1.1236,1.12259,1.12655,1.12189,34671
2017-06-08 12:00:00,1.12234,1.12255,1.12494,1.11934,1.12259,1.12276,1.12524,1.11959,69867
2017-06-08 13:00:00,1.12255,1.12175,1.12288,1.12063,1.12276,1.122,1.12312,1.12087,32529
2017-06-08 14:00:00,1.12175,1.122,1.12227,1.11946,1.122,1.12225,1.12251,1.1197,34149
2017-06-08 15:00:00,1.122,1.12156,1.12231,1.12119,1.12225,1.1218,1.12255,1.12142,17022
2017-06-08 16:00:00,1.12156,1.12103,1.1219,1.1206,1.1218,1.12127,1.12212,1.12083,10233
2017-06-08 17:00:00,1.12103,1.12105,1.12127,1.12005,1.12127,1.12129,1.12151,1.12028,7598
2017-06-08 18:00:00,1.12105,1.12214,1.12277,1.12077,1.12129,1.12237,1.123,1.121,9437
2017-06-08 19:00:00,1.12214,1.12164,1.12248,1.12084,1.12237,1.12186,1.12272,1.12108,9665
2017-06-08 20:00:00,1.12164,1.12112,1.12173,1.12103,1.12186,1.12152,1.12196,1.12138,3972
2017-06-08 21:00:00,1.12112,1.12035,1.12355,1.11976,1.12152,1.12064,1.12403,1.12013,14558
2017-06-08 22:00:00,1.12035,1.12023,1.12127,1.12007,1.12064,1.1205,1.12159,1.12037,8415
2017-06-08 23:00:00,1.12023,1.11873,1.12025,1.11788,1.1205,1.119,1.1205,1.11814,8647
2017-06-09 00:00:00,1.11873,1.11811,1.11936,1.11779,1.119,1.11837,1.11963,1.11806,9406
2017-06-09 01:00:00,1.11811,1.11979,1.11998,1.11795,1.11837,1.12003,1.12025,1.11821,6837
2017-06-09 02:00:00,1.11979,1.11947,1.11992,1.1189,1.12003,1.11971,1.12015,1.11915,6475
2017-06-09 03:00:00,1.11947,1.11992,1.12052,1.11906,1.11971,1.12015,1.12075,1.1193,7175
2017-06-09 04:00:00,1.11992,1.1203,1.12133,1.11977,1.12015,1.12053,1.12158,1.12,6742
2017-06-09 05:00:00,1.1203,1.12025,1.12123,1.12002,1.12053,1.1205,1.12147,1.12025,11568
2017-06-09 06:00:00,1.12025,1.11881,1.12148,1.11853,1.1205,1.11906,1.12172,1.11878,27986
2017-06-09 07:00:00,1.11881,1.11888,1.1198,1.11841,1.11906,1.1191,1.12005,1.11865,25105
2017-06-09 08:00:00,1.11888,1.11751,1.11922,1.11685,1.1191,1.11775,1.11947,1.11707,27924
2017-06-09 09:00:00,1.11751,1.11717,1.11863,1.11717,1.11775,1.11742,1.11886,1.11741,14079
2017-06-09 10:00:00,1.11717,1.11797,1.11841,1.11717,1.11742,1.1182,1.11864,1.1174,11563
2017-06-09 11:00:00,1.11797,1.11781,1.11824,1.11738,1.1182,1.11805,1.11847,1.11762,10468
2017-06-09 12:00:00,1.11781,1.11677,1.11792,1.11657,1.11805,1.11702,1.11816,1.11681,18338
2017-06-09 13:00:00,1.11677,1.11732,1.11804,1.11652,1.11702,1.11755,1.11826,1.11676,16029
2017-06-09 14:00:00,1.11732,1.11821,1.11879,1.11729,1.11755,1.11844,1.11902,1.11752,14286
2017-06-09 15:00:00,1.11821,1.11879,1.11917,1.11814,1.11844,1.11903,1.1194,1.11838,12343
2017-06-09 16:00:00,1.11879,1.11966,1.11997,1.11859,1.11903,1.11989,1.12021,1.11883,9800
2017-06-09 17:00:00,1.11966,1.11933,1.12031,1.11927,1.11989,1.11957,1.12055,1.11951,8548
2017-06-09 18:00:00,1.11933,1.11952,1.1198,1.11898,1.11957,1.11976,1.12004,1.11922,10146
2017-06-09 19:00:00,1.11952,1.11942,1.11986,1.11914,1.11976,1.11966,1.12009,1.11937,10426
2017-06-09 20:00:00,1.11942,1.11941,1.11969,1.11928,1.11966,1.11989,1.11993,1.11951,5311
2017-06-11 19:00:00,1.11941,1.1199,1.1199,1.11885,1.11989,1.12085,1.12106,1.12,76
2017-06-11 20:00:00,1.1199,1.12058,1.1211,1.12,1.12085,1.12118,1.1218,1.1207,258
2017-06-11 21:00:00,1.12058,1.12031,1.12061,1.1202,1.12118,1.12065,1.12114,1.12063,756
2017-06-11 22:00:00,1.12031,1.12026,1.12086,1.12009,1.12065,1.12053,1.12112,1.12035,3464
2017-06-11 23:00:00,1.12026,1.12007,1.12048,1.11962,1.12053,1.12031,1.12075,1.1198,2266
2017-06-12 00:00:00,1.12007,1.12037,1.12068,1.11984,1.12031,1.12061,1.12092,1.12006,4334
2017-06-12 01:00:00,1.12037,1.11971,1.12067,1.11964,1.12061,1.11993,1.1209,1.11987,3891
2017-06-12 02:00:00,1.11971,1.12091,1.1211,1.11971,1.11993,1.12114,1.12131,1.11994,4221
2017-06-12 03:00:00,1.12091,1.12054,1.12093,1.12028,1.12114,1.12078,1.12115,1.12051,3885
2017-06-12 04:00:00,1.12054,1.12054,1.12073,1.12009,1.12078,1.12076,1.12097,1.12032,1676
2017-06-12 05:00:00,1.12054,1.12112,1.12155,1.12053,1.12076,1.12137,1.12179,1.12076,3263
2017-06-12 06:00:00,1.12112,1.12099,1.12155,1.12077,1.12137,1.12123,1.12178,1.121,9112
2017-06-12 07:00:00,1.12099,1.12198,1.12227,1.12031,1.12123,1.12222,1.1225,1.12055,13358
2017-06-12 08:00:00,1.12198,1.12245,1.12266,1.12141,1.12222,1.12269,1.12289,1.12165,14061
2017-06-12 09:00:00,1.12245,1.12153,1.12253,1.12147,1.12269,1.12178,1.12276,1.1217,13164
2017-06-12 10:00:00,1.12153,1.12154,1.12258,1.12069,1.12178,1.12176,1.1228,1.1209,14393
2017-06-12 11:00:00,1.12154,1.12177,1.12312,1.12133,1.12176,1.12201,1.12334,1.12157,12776
2017-06-12 12:00:00,1.12177,1.12135,1.12238,1.12124,1.12201,1.12159,1.12262,1.12147,15808
2017-06-12 13:00:00,1.12135,1.12073,1.1219,1.12021,1.12159,1.12097,1.12213,1.12044,18055
2017-06-12 14:00:00,1.12073,1.12017,1.12094,1.11907,1.12097,1.12041,1.12118,1.11932,20719
2017-06-12 15:00:00,1.12017,1.1202,1.12043,1.1196,1.12041,1.12042,1.12066,1.11983,17448
2017-06-12 16:00:00,1.1202,1.11969,1.12041,1.11953,1.12042,1.11993,1.12063,1.11975,8499
2017-06-12 17:00:00,1.11969,1.12028,1.12057,1.11948,1.11993,1.12052,1.1208,1.11972,12296
2017-06-12 18:00:00,1.12028,1.12068,1.12074,1.11975,1.12052,1.12091,1.12098,1.11999,7465
2017-06-12 19:00:00,1.12068,1.12035,1.12089,1.11996,1.12091,1.12059,1.12111,1.1202,7467
2017-06-12 20:00:00,1.12035,1.1202,1.12069,1.12003,1.12059,1.12061,1.12093,1.12027,4394
2017-06-12 21:00:00,1.1202,1.12043,1.12064,1.1201,1.12061,1.12068,1.12102,1.12043,4334
2017-06-12 22:00:00,1.12043,1.12008,1.12044,1.11995,1.12068,1.12032,1.1207,1.12026,3183
2017-06-12 23:00:00,1.12008,1.11963,1.1201,1.11942,1.12032,1.11988,1.12034,1.11965,3259
2017-06-13 00:00:00,1.11963,1.11933,1.12,1.11925,1.11988,1.11957,1.12023,1.11949,4293
2017-06-13 01:00:00,1.11933,1.11913,1.11953,1.11888,1.11957,1.11938,1.11976,1.11911,4919
2017-06-13 02:00:00,1.11913,1.11953,1.11979,1.119,1.11938,1.11977,1.12002,1.11923,4042
2017-06-13 03:00:00,1.11953,1.11891,1.11955,1.11879,1.11977,1.11913,1.11979,1.11903,3397
2017-06-13 04:00:00,1.11891,1.11919,1.11926,1.1189,1.11913,1.11943,1.1195,1.11913,1778
2017-06-13 05:00:00,1.11919,1.11863,1.11925,1.11842,1.11943,1.11888,1.11948,1.11866,3838
2017-06-13 06:00:00,1.11863,1.11929,1.11976,1.11841,1.11888,1.11953,1.11997,1.11865,10879
2017-06-13 07:00:00,1.11929,1.12162,1.12171,1.11888,1.11953,1.12185,1.12194,1.1191,19981
2017-06-13 08:00:00,1.12162,1.12114,1.12238,1.12078,1.12185,1.12139,1.12262,1.12102,16677
2017-06-13 09:00:00,1.12114,1.12063,1.12161,1.12028,1.12139,1.12087,1.12183,1.12052,9567
2017-06-13 10:00:00,1.12063,1.12056,1.12112,1.11997,1.12087,1.12079,1.12136,1.12018,8958
2017-06-13 11:00:00,1.12056,1.12165,1.12191,1.12009,1.12079,1.12188,1.12216,1.12033,9637
2017-06-13 12:00:00,1.12165,1.12059,1.12191,1.12052,1.12188,1.12083,1.12213,1.12076,14098
2017-06-13 13:00:00,1.12059,1.12068,1.12098,1.11997,1.12083,1.12092,1.12121,1.12021,15178
2017-06-13 14:00:00,1.12068,1.12053,1.12177,1.12047,1.12092,1.12073,1.122,1.12071,16089
2017-06-13 15:00:00,1.12053,1.11922,1.12105,1.11911,1.12073,1.11946,1.12129,1.11935,14289
2017-06-13 16:00:00,1.11922,1.12007,1.1202,1.11909,1.11946,1.12029,1.12044,1.11932,7303
2017-06-13 17:00:00,1.12007,1.12009,1.12059,1.12002,1.12029,1.12033,1.12083,1.12027,7769
2017-06-13 18:00:00,1.12009,1.12102,1.12116,1.12008,1.12033,1.12127,1.1214,1.12032,6175
2017-06-13 19:00:00,1.12102,1.12057,1.12107,1.12052,1.12127,1.12082,1.1213,1.12076,3748
2017-06-13 20:00:00,1.12057,1.12076,1.12104,1.12053,1.12082,1.1212,1.12129,1.12077,2761
2017-06-13 21:00:00,1.12076,1.12062,1.12136,1.1203,1.1212,1.12116,1.12178,1.12088,3298
2017-06-13 22:00:00,1.12062,1.12072,1.12102,1.12053,1.12116,1.12098,1.12132,1.12081,3050
2017-06-13 23:00:00,1.12072,1.1208,1.12101,1.12062,1.12098,1.12104,1.12124,1.12085,1409
2017-06-14 00:00:00,1.1208,1.12126,1.12142,1.12061,1.12104,1.1215,1.12166,1.12085,3540
2017-06-14 01:00:00,1.12126,1.12145,1.12164,1.1211,1.1215,1.12169,1.12188,1.12134,4286
2017-06-14 02:00:00,1.12145,1.12113,1.12187,1.12102,1.12169,1.12137,1.12211,1.12126,6096
2017-06-14 03:00:00,1.12113,1.12139,1.12158,1.1211,1.12137,1.12162,1.12181,1.12133,2588
2017-06-14 04:00:00,1.12139,1.12138,1.12149,1.12116,1.12162,1.12163,1.12173,1.1214,1554
2017-06-14 05:00:00,1.12138,1.1218,1.12183,1.12134,1.12163,1.12207,1.12209,1.12157,2617
2017-06-14 06:00:00,1.1218,1.12202,1.12244,1.12115,1.12207,1.12227,1.12268,1.12138,12730
2017-06-14 07:00:00,1.12202,1.1208,1.12202,1.12069,1.12227,1.12102,1.12225,1.12093,15165
2017-06-14 08:00:00,1.1208,1.12066,1.12148,1.12042,1.12102,1.1209,1.12171,1.12066,14026
2017-06-14 09:00:00,1.12066,1.12051,1.12146,1.12017,1.1209,1.12075,1.1217,1.12041,14226
2017-06-14 10:00:00,1.12051,1.12036,1.1207,1.12003,1.12075,1.1206,1.12094,1.12026,8904
2017-06-14 11:00:00,1.12036,1.12001,1.12067,1.11964,1.1206,1.12026,1.12089,1.11988,11291
2017-06-14 12:00:00,1.12001,1.1262,1.12666,1.1198,1.12026,1.12643,1.1269,1.12003,43179
2017-06-14 13:00:00,1.1262,1.12706,1.12776,1.12609,1.12643,1.12731,1.128,1.12633,37276
2017-06-14 14:00:00,1.12706,1.12781,1.12947,1.12689,1.12731,1.12803,1.12971,1.12713,38306
2017-06-14 15:00:00,1.12781,1.12753,1.12847,1.12713,1.12803,1.12777,1.1287,1.12738,21608
2017-06-14 16:00:00,1.12753,1.12719,1.12785,1.12644,1.12777,1.12744,1.12809,1.12667,10002
2017-06-14 17:00:00,1.12719,1.12669,1.12736,1.12617,1.12744,1.12724,1.1276,1.12641,11737
2017-06-14 18:00:00,1.12669,1.12142,1.12885,1.12061,1.12724,1.12165,1.12924,1.12086,77783
2017-06-14 19:00:00,1.12142,1.12173,1.12223,1.11919,1.12165,1.12198,1.12248,1.11943,39373
2017-06-14 20:00:00,1.12173,1.12165,1.12221,1.12129,1.12198,1.12209,1.12246,1.12153,6037
2017-06-14 21:00:00,1.12165,1.12161,1.12192,1.12121,1.12209,1.12189,1.12242,1.1217,4080
2017-06-14 22:00:00,1.12161,1.12087,1.12174,1.12042,1.12189,1.12112,1.12202,1.12067,7275
2017-06-14 23:00:00,1.12087,1.12118,1.1215,1.12083,1.12112,1.12142,1.12175,1.12108,3260
2017-06-15 00:00:00,1.12118,1.12175,1.1221,1.12085,1.12142,1.12199,1.12234,1.12109,7751
2017-06-15 01:00:00,1.12175,1.1219,1.12275,1.12159,1.12199,1.12214,1.12299,1.12183,9408
2017-06-15 02:00:00,1.1219,1.12155,1.12228,1.12153,1.12214,1.1218,1.12251,1.12177,4702
2017-06-15 03:00:00,1.12155,1.1222,1.12226,1.12139,1.1218,1.12244,1.12249,1.12162,4961
2017-06-15 04:00:00,1.1222,1.12203,1.12232,1.12191,1.12244,1.12226,1.12256,1.12214,2562
2017-06-15 05:00:00,1.12203,1.12168,1.12208,1.12131,1.12226,1.12193,1.12232,1.12154,4432
2017-06-15 06:00:00,1.12168,1.12113,1.12196,1.12045,1.12193,1.12137,1.12218,1.1207,13655
2017-06-15 07:00:00,1.12113,1.11926,1.12115,1.11783,1.12137,1.11951,1.12137,1.11806,29794
2017-06-15 08:00:00,1.11926,1.11785,1.1193,1.1174,1.11951,1.1181,1.1196,1.11763,19533
2017-06-15 09:00:00,1.11785,1.11591,1.11841,1.11545,1.1181,1.11613,1.11865,1.11571,19284
2017-06-15 10:00:00,1.11591,1.11652,1.11685,1.11572,1.11613,1.11677,1.11708,1.11597,13893
2017-06-15 11:00:00,1.11652,1.11611,1.11711,1.11523,1.11677,1.11635,1.11734,1.11547,26842
2017-06-15 12:00:00,1.11611,1.11506,1.11676,1.11481,1.11635,1.11531,1.117,1.11505,29619
2017-06-15 13:00:00,1.11506,1.11467,1.11544,1.1142,1.11531,1.11492,1.11566,1.11444,28994
2017-06-15 14:00:00,1.11467,1.11476,1.11511,1.1131,1.11492,1.115,1.11535,1.11333,32666
2017-06-15 15:00:00,1.11476,1.115,1.11568,1.11474,1.115,1.11524,1.11592,1.11498,18704
2017-06-15 16:00:00,1.115,1.11469,1.11505,1.11382,1.11524,1.11493,1.11528,1.11405,10911
2017-06-15 17:00:00,1.11469,1.11418,1.11492,1.11409,1.11493,1.11441,1.11513,1.11434,8112
2017-06-15 18:00:00,1.11418,1.11526,1.11537,1.11417,1.11441,1.11551,1.1156,1.11441,5470
2017-06-15 19:00:00,1.11526,1.11443,1.11569,1.11427,1.11551,1.11466,1.11593,1.11451,10254
2017-06-15 20:00:00,1.11443,1.11438,1.11493,1.11412,1.11466,1.11489,1.11517,1.11436,6037
2017-06-15 21:00:00,1.11438,1.11454,1.11483,1.11409,1.11489,1.11483,1.1154,1.11461,4795
2017-06-15 22:00:00,1.11454,1.11451,1.11495,1.11438,1.11483,1.11477,1.11526,1.11463,2923
2017-06-15 23:00:00,1.11451,1.11478,1.11487,1.11435,1.11477,1.11502,1.11512,1.1146,1767
2017-06-16 00:00:00,1.11478,1.11527,1.11544,1.11441,1.11502,1.11551,1.11569,1.11465,4976
2017-06-16 01:00:00,1.11527,1.11521,1.11542,1.11501,1.11551,1.11545,1.11565,1.11525,3699
2017-06-16 02:00:00,1.11521,1.11498,1.11524,1.11445,1.11545,1.11523,1.11547,1.11468,5272
2017-06-16 03:00:00,1.11498,1.11449,1.11498,1.11448,1.11523,1.11473,1.11522,1.11472,4187
2017-06-16 04:00:00,1.11449,1.1143,1.11456,1.11405,1.11473,1.11454,1.11481,1.1143,3471
2017-06-16 05:00:00,1.1143,1.11411,1.11451,1.11373,1.11454,1.11434,1.11476,1.11396,4695
2017-06-16 06:00:00,1.11411,1.11528,1.11581,1.11383,1.11434,1.11552,1.11605,1.11406,14653
2017-06-16 07:00:00,1.11528,1.11658,1.1166,1.11506,1.11552,1.11682,1.11685,1.11529,14824
2017-06-16 08:00:00,1.11658,1.11719,1.11741,1.1164,1.11682,1.11744,1.11764,1.11663,14163
2017-06-16 09:00:00,1.11719,1.11691,1.11828,1.11686,1.11744,1.11714,1.11852,1.1171,12648
2017-06-16 10:00:00,1.11691,1.11767,1.11806,1.11692,1.11714,1.1179,1.1183,1.11714,10063
2017-06-16 11:00:00,1.11767,1.11588,1.118,1.11562,1.1179,1.11611,1.11823,1.11585,13547
2017-06-16 12:00:00,1.11588,1.11713,1.11819,1.11587,1.11611,1.11737,1.11842,1.11611,18770
2017-06-16 13:00:00,1.11713,1.11752,1.1176,1.11641,1.11737,1.11777,1.11784,1.11665,20438
2017-06-16 14:00:00,1.11752,1.11977,1.11989,1.11729,1.11777,1.12001,1.12012,1.11753,25988
2017-06-16 15:00:00,1.11977,1.11919,1.11988,1.11856,1.12001,1.11943,1.12011,1.1188,14172
2017-06-16 16:00:00,1.11919,1.11875,1.11923,1.1185,1.11943,1.11899,1.11946,1.11874,7833
2017-06-16 17:00:00,1.11875,1.11942,1.11943,1.11864,1.11899,1.11965,1.11967,1.11887,6366
2017-06-16 18:00:00,1.11942,1.11925,1.11981,1.11918,1.11965,1.11949,1.12004,1.11935,5928
2017-06-16 19:00:00,1.11925,1.11994,1.12003,1.11925,1.11949,1.12017,1.12027,1.11948,6362
2017-06-16 20:00:00,1.11994,1.11945,1.12006,1.11906,1.12017,1.1199,1.1203,1.11942,6027
2017-06-18 19:00:00,1.11945,1.12022,1.12111,1.11978,1.1199,1.12121,1.12176,1.12042,222
2017-06-18 20:00:00,1.12022,1.12043,1.12054,1.12006,1.12121,1.12118,1.12159,1.12064,55
2017-06-18 21:00:00,1.12043,1.1197,1.12065,1.1196,1.12118,1.12029,1.12166,1.12022,1263
2017-06-18 22:00:00,1.1197,1.12028,1.12029,1.1192,1.12029,1.12051,1.1206,1.1198,4067
2017-06-18 23:00:00,1.12028,1.12028,1.12055,1.12002,1.12051,1.12053,1.12079,1.12024,1592
2017-06-19 00:00:00,1.12028,1.11896,1.12041,1.11883,1.12053,1.1192,1.12065,1.11908,4296
2017-06-19 01:00:00,1.11896,1.11965,1.11984,1.11889,1.1192,1.1199,1.12007,1.11912,3890
2017-06-19 02:00:00,1.11965,1.11962,1.11991,1.11945,1.1199,1.11986,1.12015,1.11968,2275
2017-06-19 03:00:00,1.11962,1.11967,1.11981,1.11938,1.11986,1.11991,1.12002,1.11963,1663
2017-06-19 04:00:00,1.11967,1.11924,1.11975,1.11924,1.11991,1.11946,1.11998,1.11946,2202
2017-06-19 05:00:00,1.11924,1.11919,1.11956,1.11914,1.11946,1.11943,1.11979,1.11939,2897
2017-06-19 06:00:00,1.11919,1.12035,1.12066,1.11895,1.11943,1.12058,1.12091,1.11918,10367
2017-06-19 07:00:00,1.12035,1.11931,1.12035,1.11812,1.12058,1.11955,1.12057,1.11835,16085
2017-06-19 08:00:00,1.11931,1.1194,1.1197,1.11895,1.11955,1.11965,1.11994,1.11919,10201
2017-06-19 09:00:00,1.1194,1.11913,1.12006,1.11867,1.11965,1.11937,1.1203,1.11891,8527
2017-06-19 10:00:00,1.11913,1.12054,1.12056,1.11907,1.11937,1.12077,1.12077,1.11929,9371
2017-06-19 11:00:00,1.12054,1.11898,1.12118,1.11895,1.12077,1.11922,1.12141,1.11918,13817
2017-06-19 12:00:00,1.11898,1.11808,1.11987,1.11759,1.11922,1.11832,1.12011,1.11784,23762
2017-06-19 13:00:00,1.11808,1.11757,1.11835,1.11718,1.11832,1.1178,1.11857,1.11741,19105
2017-06-19 14:00:00,1.11757,1.11649,1.11785,1.11643,1.1178,1.11674,1.11809,1.11667,17984
2017-06-19 15:00:00,1.11649,1.11587,1.117,1.11578,1.11674,1.11611,1.11723,1.11602,15208
2017-06-19 16:00:00,1.11587,1.11579,1.11624,1.11545,1.11611,1.116,1.11647,1.11569,8697
2017-06-19 17:00:00,1.11579,1.11504,1.11589,1.1146,1.116,1.11527,1.11611,1.11481,7365
2017-06-19 18:00:00,1.11504,1.11473,1.11525,1.1142,1.11527,1.11496,1.11548,1.11443,6227
2017-06-19 19:00:00,1.11473,1.11473,1.11484,1.11439,1.11496,1.11497,1.11507,1.11464,4533
2017-06-19 20:00:00,1.11473,1.1146,1.11492,1.11457,1.11497,1.11497,1.11516,1.11485,2271
2017-06-19 21:00:00,1.1146,1.11489,1.11516,1.11427,1.11497,1.11516,1.1157,1.11489,11016
2017-06-19 22:00:00,1.11489,1.11504,1.1152,1.11455,1.11516,1.11537,1.11545,1.11481,3901
2017-06-19 23:00:00,1.11504,1.11434,1.11508,1.11397,1.11537,1.11458,1.11536,1.11421,2772
2017-06-20 00:00:00,1.11434,1.11437,1.11479,1.11424,1.11458,1.11461,1.11504,1.11448,4331
2017-06-20 01:00:00,1.11437,1.11542,1.1155,1.11437,1.11461,1.11566,1.11574,1.11462,4380
2017-06-20 02:00:00,1.11542,1.11551,1.11569,1.11524,1.11566,1.11574,1.11592,1.11547,3229
2017-06-20 03:00:00,1.11551,1.11549,1.11576,1.11524,1.11574,1.11571,1.11599,1.11548,2608
2017-06-20 04:00:00,1.11549,1.11544,1.11551,1.11523,1.11571,1.11569,1.11573,1.11545,2365
2017-06-20 05:00:00,1.11544,1.11579,1.11591,1.11525,1.11569,1.11602,1.11617,1.1155,3678
2017-06-20 06:00:00,1.11579,1.11515,1.11638,1.11505,1.11602,1.11539,1.11662,1.11529,9288
2017-06-20 07:00:00,1.11515,1.11611,1.11616,1.11415,1.11539,1.11635,1.11638,1.11439,21904
2017-06-20 08:00:00,1.11611,1.11572,1.11613,1.11489,1.11635,1.11596,1.11638,1.11511,11496
2017-06-20 09:00:00,1.11572,1.11585,1.11589,1.11507,1.11596,1.11609,1.11612,1.1153,8884
2017-06-20 10:00:00,1.11585,1.11517,1.11638,1.11508,1.11609,1.1154,1.11661,1.11532,12272
2017-06-20 11:00:00,1.11517,1.11471,1.11522,1.11401,1.1154,1.11495,1.11544,1.11425,13391
2017-06-20 12:00:00,1.11471,1.11495,1.11618,1.11472,1.11495,1.11519,1.11641,1.11495,21393
2017-06-20 13:00:00,1.11495,1.1135,1.11524,1.11333,1.11519,1.11375,1.11547,1.11354,21834
2017-06-20 14:00:00,1.1135,1.11255,1.11446,1.11245,1.11375,1.11278,1.11469,1.11269,23448
2017-06-20 15:00:00,1.11255,1.11228,1.11267,1.11187,1.11278,1.11251,1.11291,1.11209,16741
2017-06-20 16:00:00,1.11228,1.11234,1.11274,1.11178,1.11251,1.11258,1.11297,1.11201,9519
2017-06-20 17:00:00,1.11234,1.11241,1.11254,1.11192,1.11258,1.11264,1.11277,1.11213,6197
2017-06-20 18:00:00,1.11241,1.11272,1.11302,1.11223,1.11264,1.11297,1.11326,1.11246,7278
2017-06-20 19:00:00,1.11272,1.11247,1.11316,1.11244,1.11297,1.1127,1.11339,1.11266,7417
2017-06-20 20:00:00,1.11247,1.11317,1.11333,1.11245,1.1127,1.11357,1.11359,1.11267,3154
2017-06-20 21:00:00,1.11317,1.1133,1.1134,1.11282,1.11357,1.11358,1.11373,1.11328,5099
2017-06-20 22:00:00,1.1133,1.11338,1.11344,1.11303,1.11358,1.11363,1.11369,1.11329,2021
2017-06-20 23:00:00,1.11338,1.11353,1.1136,1.11324,1.11363,1.11378,1.11384,1.11347,1725
2017-06-21 00:00:00,1.11353,1.11344,1.11357,1.11316,1.11378,1.11366,1.1138,1.1134,3873
2017-06-21 01:00:00,1.11344,1.11334,1.11355,1.11323,1.11366,1.11357,1.11379,1.11348,2410
2017-06-21 02:00:00,1.11334,1.11333,1.11352,1.11325,1.11357,1.11358,1.11375,1.1135,1557
2017-06-21 03:00:00,1.11333,1.11348,1.11372,1.11327,1.11358,1.11373,1.11396,1.11351,2126
2017-06-21 04:00:00,1.11348,1.11323,1.11363,1.11315,1.11373,1.11347,1.11386,1.1134,2374
2017-06-21 05:00:00,1.11323,1.1129,1.11334,1.11272,1.11347,1.11314,1.11357,1.11295,3116
2017-06-21 06:00:00,1.1129,1.11302,1.11356,1.11273,1.11314,1.11327,1.11379,1.11297,8561
2017-06-21 07:00:00,1.11302,1.11306,1.11358,1.11284,1.11327,1.1133,1.11381,1.11307,13325
2017-06-21 08:00:00,1.11306,1.11414,1.11446,1.11262,1.1133,1.11438,1.11472,1.11286,13663
2017-06-21 09:00:00,1.11414,1.11434,1.1149,1.11363,1.11438,1.11457,1.11512,1.11387,12729
2017-06-21 10:00:00,1.11434,1.11485,1.11488,1.11406,1.11457,1.11508,1.11511,1.11428,11666
2017-06-21 11:00:00,1.11485,1.11404,1.11546,1.11386,1.11508,1.11429,1.11571,1.11409,19160
2017-06-21 12:00:00,1.11404,1.11469,1.11519,1.1139,1.11429,1.11493,1.11542,1.11414,16333
2017-06-21 13:00:00,1.11469,1.11384,1.11476,1.1129,1.11493,1.11411,1.11498,1.11313,17384
2017-06-21 14:00:00,1.11384,1.11408,1.11466,1.11336,1.11411,1.11432,1.11489,1.11359,19785
2017-06-21 15:00:00,1.11408,1.11416,1.11464,1.11371,1.11432,1.11439,1.11488,1.11395,13538
2017-06-21 16:00:00,1.11416,1.1146,1.11466,1.11397,1.11439,1.11484,1.11489,1.11417,9852
2017-06-21 17:00:00,1.1146,1.11501,1.11517,1.11435,1.11484,1.11525,1.11541,1.11459,8972
2017-06-21 18:00:00,1.11501,1.11613,1.11652,1.1149,1.11525,1.11637,1.11677,1.11515,8681
2017-06-21 19:00:00,1.11613,1.11645,1.11673,1.11605,1.11637,1.11669,1.11697,1.1163,5928
2017-06-21 20:00:00,1.11645,1.11671,1.11679,1.11609,1.11669,1.11711,1.11712,1.11633,3238
2017-06-21 21:00:00,1.11671,1.11667,1.11679,1.11606,1.11711,1.11694,1.11709,1.11653,6986
2017-06-21 22:00:00,1.11667,1.11655,1.1167,1.11639,1.11694,1.1168,1.11697,1.11665,1589
2017-06-21 23:00:00,1.11655,1.11655,1.11672,1.11635,1.1168,1.1168,1.11696,1.11658,2100
2017-06-22 00:00:00,1.11655,1.11621,1.11701,1.11592,1.1168,1.11646,1.11726,1.11615,4284
2017-06-22 01:00:00,1.11621,1.11641,1.11654,1.11611,1.11646,1.11665,1.11676,1.11633,5414
2017-06-22 02:00:00,1.11641,1.11665,1.11705,1.1163,1.11665,1.11689,1.11729,1.11654,4564
2017-06-22 03:00:00,1.11665,1.11673,1.11696,1.11663,1.11689,1.11697,1.1172,1.11685,3962
2017-06-22 04:00:00,1.11673,1.11698,1.11704,1.11665,1.11697,1.11721,1.11727,1.1169,2518
2017-06-22 05:00:00,1.11698,1.1175,1.1175,1.11675,1.11721,1.11773,1.11773,1.11698,5040
2017-06-22 06:00:00,1.1175,1.11707,1.11768,1.11669,1.11773,1.11731,1.11792,1.11693,9059
2017-06-22 07:00:00,1.11707,1.11611,1.11709,1.11533,1.11731,1.11636,1.11732,1.11557,15076
2017-06-22 08:00:00,1.11611,1.11671,1.11677,1.1157,1.11636,1.11694,1.11701,1.11594,13274
2017-06-22 09:00:00,1.11671,1.11642,1.11734,1.11637,1.11694,1.11665,1.11757,1.11661,12835
2017-06-22 10:00:00,1.11642,1.11643,1.11665,1.11592,1.11665,1.11667,1.11688,1.11616,10423
2017-06-22 11:00:00,1.11643,1.11644,1.11654,1.11558,1.11667,1.11668,1.11677,1.11581,11226
2017-06-22 12:00:00,1.11644,1.116,1.11713,1.11578,1.11668,1.11622,1.11736,1.11602,16849
2017-06-22 13:00:00,1.116,1.11586,1.1163,1.11513,1.11622,1.11611,1.11653,1.11537,18743
2017-06-22 14:00:00,1.11586,1.11557,1.11614,1.11495,1.11611,1.11581,1.11638,1.11519,20570
2017-06-22 15:00:00,1.11557,1.11457,1.116,1.11442,1.11581,1.11481,1.11623,1.11466,15802
2017-06-22 16:00:00,1.11457,1.11543,1.11549,1.11458,1.11481,1.11567,1.11572,1.11481,7491
2017-06-22 17:00:00,1.11543,1.1142,1.11564,1.11382,1.11567,1.11444,1.11588,1.11406,8687
2017-06-22 18:00:00,1.1142,1.11457,1.11493,1.11403,1.11444,1.11481,1.11517,1.11427,4957
2017-06-22 19:00:00,1.11457,1.11502,1.1154,1.11452,1.11481,1.11527,1.11562,1.11475,6860
2017-06-22 20:00:00,1.11502,1.11499,1.11529,1.11482,1.11527,1.11538,1.11552,1.11504,2531
2017-06-22 21:00:00,1.11499,1.11506,1.11522,1.11501,1.11538,1.11528,1.11556,1.11525,1716
2017-06-22 22:00:00,1.11506,1.11487,1.11511,1.11483,1.11528,1.11511,1.11538,1.11507,1325
2017-06-22 23:00:00,1.11487,1.11487,1.11496,1.11462,1.11511,1.11508,1.11521,1.11485,910
2017-06-23 00:00:00,1.11487,1.11484,1.11503,1.11441,1.11508,1.11506,1.11527,1.11465,3157
2017-06-23 01:00:00,1.11484,1.11587,1.11588,1.11456,1.11506,1.11611,1.11613,1.11481,3969
2017-06-23 02:00:00,1.11587,1.11576,1.11589,1.11535,1.11611,1.11598,1.11613,1.11557,2740
2017-06-23 03:00:00,1.11576,1.11618,1.11621,1.11565,1.11598,1.11641,1.11643,1.11587,2501
2017-06-23 04:00:00,1.11618,1.11606,1.1163,1.11602,1.11641,1.1163,1.11654,1.11626,3044
2017-06-23 05:00:00,1.11606,1.11628,1.11672,1.11606,1.1163,1.11652,1.11696,1.1163,2952
2017-06-23 06:00:00,1.11628,1.11715,1.11742,1.11623,1.11652,1.11738,1.11765,1.11646,9302
2017-06-23 07:00:00,1.11715,1.11747,1.11789,1.11675,1.11738,1.11772,1.11816,1.11697,16794
2017-06-23 08:00:00,1.11747,1.11703,1.1187,1.11699,1.11772,1.11727,1.11892,1.11722,14624
2017-06-23 09:00:00,1.11703,1.11692,1.11712,1.11604,1.11727,1.11716,1.11734,1.11628,11059
2017-06-23 10:00:00,1.11692,1.11653,1.11753,1.11635,1.11716,1.11677,1.11776,1.11659,10374
2017-06-23 11:00:00,1.11653,1.11721,1.11733,1.1161,1.11677,1.11745,1.11757,1.11634,9847
2017-06-23 12:00:00,1.11721,1.11751,1.11791,1.11691,1.11745,1.11775,1.11816,1.11715,13228
2017-06-23 13:00:00,1.11751,1.11943,1.11946,1.1174,1.11775,1.11972,1.11975,1.11764,14893
2017-06-23 14:00:00,1.11943,1.11987,1.12078,1.11843,1.11972,1.12011,1.12102,1.11866,22731
2017-06-23 15:00:00,1.11987,1.11952,1.12028,1.11948,1.12011,1.11975,1.12052,1.11972,10796
2017-06-23 16:00:00,1.11952,1.11958,1.11984,1.11917,1.11975,1.11982,1.12008,1.11941,4794
2017-06-23 17:00:00,1.11958,1.11968,1.1198,1.11938,1.11982,1.11991,1.12003,1.11962,4696
2017-06-23 18:00:00,1.11968,1.11958,1.12013,1.11956,1.11991,1.11982,1.12036,1.11977,4449
2017-06-23 19:00:00,1.11958,1.11961,1.11983,1.11947,1.11982,1.11985,1.12006,1.1197,3969
2017-06-23 20:00:00,1.11961,1.11911,1.1197,1.11899,1.11985,1.11946,1.11995,1.11945,2978
2017-06-25 19:00:00,1.11911,1.11955,1.11992,1.11884,1.11946,1.12006,1.12047,1.1198,100
2017-06-25 20:00:00,1.11955,1.11929,1.11994,1.11868,1.12006,1.12025,1.12055,1.11954,168
2017-06-25 21:00:00,1.11929,1.1189,1.11955,1.11852,1.12025,1.11992,1.12046,1.11932,632
2017-06-25 22:00:00,1.1189,1.11954,1.11975,1.11882,1.11992,1.11978,1.12012,1.11948,3654
2017-06-25 23:00:00,1.11954,1.11987,1.11988,1.11945,1.11978,1.1201,1.12011,1.1197,903
2017-06-26 00:00:00,1.11987,1.11953,1.1199,1.1194,1.1201,1.11978,1.12015,1.11964,3575
2017-06-26 01:00:00,1.11953,1.11892,1.11957,1.11886,1.11978,1.11917,1.11981,1.11911,4785
2017-06-26 02:00:00,1.11892,1.11938,1.11958,1.11889,1.11917,1.11963,1.11982,1.11914,3335
2017-06-26 03:00:00,1.11938,1.11953,1.11967,1.11888,1.11963,1.11978,1.1199,1.11913,2980
2017-06-26 04:00:00,1.11953,1.11906,1.11953,1.11893,1.11978,1.11928,1.11977,1.11916,1665
2017-06-26 05:00:00,1.11906,1.11914,1.11925,1.11876,1.11928,1.11938,1.1195,1.11898,2556
2017-06-26 06:00:00,1.11914,1.11907,1.1194,1.11835,1.11938,1.1193,1.11965,1.11859,8568
2017-06-26 07:00:00,1.11907,1.11997,1.12067,1.11888,1.1193,1.12022,1.12091,1.11912,17242
2017-06-26 08:00:00,1.11997,1.11846,1.12007,1.11806,1.12022,1.1187,1.1203,1.1183,18142
2017-06-26 09:00:00,1.11846,1.11761,1.11862,1.11746,1.1187,1.11784,1.11885,1.11769,13667
2017-06-26 10:00:00,1.11761,1.11786,1.11863,1.11752,1.11784,1.1181,1.11886,1.11776,13599
2017-06-26 11:00:00,1.11786,1.11804,1.1184,1.11707,1.1181,1.11828,1.11863,1.1173,12551
2017-06-26 12:00:00,1.11804,1.121,1.12188,1.11803,1.11828,1.12124,1.12212,1.11827,24528
2017-06-26 13:00:00,1.121,1.1202,1.12147,1.12018,1.12124,1.1204,1.12171,1.12039,17255
2017-06-26 14:00:00,1.1202,1.12018,1.12175,1.11986,1.1204,1.12042,1.12199,1.12011,20734
2017-06-26 15:00:00,1.12018,1.1195,1.12038,1.11877,1.12042,1.11973,1.12061,1.11901,16540
2017-06-26 16:00:00,1.1195,1.11864,1.11968,1.11808,1.11973,1.11888,1.11992,1.11832,9301
2017-06-26 17:00:00,1.11864,1.11904,1.11934,1.11859,1.11888,1.11926,1.11958,1.11883,7277
2017-06-26 18:00:00,1.11904,1.11799,1.11934,1.11746,1.11926,1.11822,1.11957,1.11767,8900
2017-06-26 19:00:00,1.11799,1.11793,1.11807,1.11761,1.11822,1.11816,1.11831,1.11784,4630
2017-06-26 20:00:00,1.11793,1.11805,1.11822,1.11782,1.11816,1.1183,1.11847,1.11805,2808
2017-06-26 21:00:00,1.11805,1.11822,1.11839,1.11787,1.1183,1.11845,1.11886,1.11828,5863
2017-06-26 22:00:00,1.11822,1.11792,1.11823,1.11788,1.11845,1.11819,1.1185,1.11816,1813
2017-06-26 23:00:00,1.11792,1.11818,1.11824,1.11779,1.11819,1.11842,1.11848,1.11802,1103
2017-06-27 00:00:00,1.11818,1.11829,1.11842,1.1179,1.11842,1.11853,1.11866,1.11814,3061
2017-06-27 01:00:00,1.11829,1.11815,1.11857,1.11797,1.11853,1.11838,1.11881,1.1182,3756
2017-06-27 02:00:00,1.11815,1.11866,1.11886,1.11793,1.11838,1.11889,1.11909,1.11818,3057
2017-06-27 03:00:00,1.11866,1.11899,1.11914,1.11859,1.11889,1.11924,1.11938,1.11882,2903
2017-06-27 04:00:00,1.11899,1.1189,1.119,1.11869,1.11924,1.11913,1.11924,1.11892,1503
2017-06-27 05:00:00,1.1189,1.11945,1.11954,1.11888,1.11913,1.1197,1.11978,1.11911,2822
2017-06-27 06:00:00,1.11945,1.11899,1.12028,1.11871,1.1197,1.11922,1.12052,1.11893,12478
2017-06-27 07:00:00,1.11899,1.11859,1.1192,1.11811,1.11922,1.11883,1.11943,1.11835,14443
2017-06-27 08:00:00,1.11859,1.12479,1.12539,1.11857,1.11883,1.12504,1.12562,1.11881,48623
2017-06-27 09:00:00,1.12479,1.12531,1.12641,1.12431,1.12504,1.12556,1.12664,1.12454,18799
2017-06-27 10:00:00,1.12531,1.12608,1.1265,1.12457,1.12556,1.12631,1.12675,1.1248,16667
2017-06-27 11:00:00,1.12608,1.12677,1.12737,1.12594,1.12631,1.12701,1.12761,1.12618,17892
2017-06-27 12:00:00,1.12677,1.12758,1.12829,1.12676,1.12701,1.12782,1.12853,1.127,19022
2017-06-27 13:00:00,1.12758,1.12871,1.13041,1.12757,1.12782,1.12902,1.13063,1.1278,25619
2017-06-27 14:00:00,1.12871,1.1285,1.12888,1.12735,1.12902,1.12874,1.12911,1.12758,20358
2017-06-27 15:00:00,1.1285,1.13255,1.13312,1.12828,1.12874,1.13278,1.13337,1.12852,25192
2017-06-27 16:00:00,1.13255,1.13107,1.13342,1.1305,1.13278,1.13131,1.13364,1.13074,20766
2017-06-27 17:00:00,1.13107,1.13311,1.13372,1.13054,1.13131,1.13334,1.13393,1.13077,23265
2017-06-27 18:00:00,1.13311,1.13452,1.13471,1.13305,1.13334,1.13476,1.13492,1.13326,12738
2017-06-27 19:00:00,1.13452,1.13476,1.13483,1.13429,1.13476,1.13501,1.13508,1.13454,9282
2017-06-27 20:00:00,1.13476,1.13366,1.13477,1.13352,1.13501,1.13408,1.13501,1.13383,5159
2017-06-27 21:00:00,1.13366,1.13331,1.13384,1.1328,1.13408,1.13364,1.13433,1.13312,10349
2017-06-27 22:00:00,1.13331,1.13419,1.13435,1.13324,1.13364,1.13444,1.1346,1.13363,4660
2017-06-27 23:00:00,1.13419,1.13357,1.13423,1.13349,1.13444,1.13381,1.13447,1.1337,3363
2017-06-28 00:00:00,1.13357,1.13386,1.13427,1.13348,1.13381,1.13409,1.13449,1.13372,6676
2017-06-28 01:00:00,1.13386,1.135,1.13544,1.13359,1.13409,1.13525,1.13568,1.13383,8315
2017-06-28 02:00:00,1.135,1.13503,1.13529,1.13457,1.13525,1.13527,1.13552,1.13481,7370
2017-06-28 03:00:00,1.13503,1.13476,1.13506,1.13463,1.13527,1.135,1.1353,1.13486,3761
2017-06-28 04:00:00,1.13476,1.13456,1.13523,1.13453,1.135,1.13479,1.13547,1.13476,4119
2017-06-28 05:00:00,1.13456,1.13614,1.13654,1.13441,1.13479,1.13638,1.13678,1.13464,8504
2017-06-28 06:00:00,1.13614,1.13519,1.13777,1.13514,1.13638,1.13544,1.13802,1.13537,25739
2017-06-28 07:00:00,1.13519,1.13772,1.13871,1.13509,1.13544,1.13795,1.13896,1.13533,33597
2017-06-28 08:00:00,1.13772,1.13594,1.13855,1.13589,1.13795,1.13617,1.13878,1.13612,28640
2017-06-28 09:00:00,1.13594,1.13596,1.13629,1.13524,1.13617,1.1362,1.13653,1.13546,21621
2017-06-28 10:00:00,1.13596,1.13575,1.13708,1.1354,1.1362,1.13597,1.13731,1.13563,15010
2017-06-28 11:00:00,1.13575,1.13736,1.13753,1.13546,1.13597,1.13761,1.13777,1.13569,18503
2017-06-28 12:00:00,1.13736,1.13302,1.13791,1.12897,1.13761,1.13326,1.13814,1.12927,73136
2017-06-28 13:00:00,1.13302,1.13644,1.13719,1.13271,1.13326,1.13672,1.13748,1.13293,55290
2017-06-28 14:00:00,1.13644,1.13618,1.13898,1.13601,1.13672,1.13642,1.13925,1.13625,47151
2017-06-28 15:00:00,1.13618,1.13635,1.13649,1.13482,1.13642,1.1366,1.13673,1.13505,26659
2017-06-28 16:00:00,1.13635,1.13769,1.13805,1.13618,1.1366,1.13793,1.13827,1.13641,11805
2017-06-28 17:00:00,1.13769,1.13756,1.13807,1.13724,1.13793,1.13779,1.13831,1.13747,9560
2017-06-28 18:00:00,1.13756,1.13789,1.13828,1.1375,1.13779,1.13814,1.13852,1.13773,8539
2017-06-28 19:00:00,1.13789,1.13808,1.13842,1.13749,1.13814,1.1383,1.13865,1.13773,6486
2017-06-28 20:00:00,1.13808,1.13747,1.13808,1.1374,1.1383,1.13782,1.1383,1.13775,3245
2017-06-28 21:00:00,1.13747,1.13739,1.13781,1.13721,1.13782,1.13777,1.13825,1.1377,7728
2017-06-28 22:00:00,1.13739,1.13762,1.13787,1.13732,1.13777,1.13788,1.13817,1.13759,3152
2017-06-28 23:00:00,1.13762,1.13772,1.13842,1.13762,1.13788,1.13797,1.13866,1.13785,2270
2017-06-29 00:00:00,1.13772,1.13859,1.13883,1.13758,1.13797,1.13883,1.13908,1.13782,5177
2017-06-29 01:00:00,1.13859,1.1404,1.14074,1.13839,1.13883,1.14064,1.141,1.13864,7271
2017-06-29 02:00:00,1.1404,1.1404,1.14182,1.14019,1.14064,1.14065,1.14207,1.14041,9395
2017-06-29 03:00:00,1.1404,1.14046,1.14087,1.14004,1.14065,1.14071,1.14112,1.14027,5094
2017-06-29 04:00:00,1.14046,1.14006,1.14066,1.13937,1.14071,1.14031,1.1409,1.1396,4274
2017-06-29 05:00:00,1.14006,1.14063,1.14069,1.13942,1.14031,1.14087,1.14093,1.13966,4898
2017-06-29 06:00:00,1.14063,1.14051,1.14142,1.13987,1.14087,1.14074,1.14166,1.14011,18900
2017-06-29 07:00:00,1.14051,1.14255,1.14315,1.14051,1.14074,1.1428,1.14338,1.14074,36195
2017-06-29 08:00:00,1.14255,1.14246,1.14339,1.14139,1.1428,1.14267,1.14363,1.14162,22879
2017-06-29 09:00:00,1.14246,1.14124,1.14255,1.13971,1.14267,1.14149,1.14276,1.13996,17842
2017-06-29 10:00:00,1.14124,1.1405,1.14149,1.13986,1.14149,1.14073,1.14172,1.14009,14892
2017-06-29 11:00:00,1.1405,1.14052,1.14064,1.13909,1.14073,1.14075,1.14088,1.13933,19085
2017-06-29 12:00:00,1.14052,1.13997,1.14164,1.1387,1.14075,1.1402,1.14187,1.13892,32224
2017-06-29 13:00:00,1.13997,1.13986,1.14148,1.1394,1.1402,1.1401,1.14168,1.13965,29229
2017-06-29 14:00:00,1.13986,1.14232,1.1427,1.13981,1.1401,1.14255,1.14295,1.14004,29481
2017-06-29 15:00:00,1.14232,1.14195,1.14309,1.14187,1.14255,1.14218,1.14334,1.14212,23564
2017-06-29 16:00:00,1.14195,1.14286,1.14304,1.14151,1.14218,1.14311,1.14327,1.14176,15599
2017-06-29 17:00:00,1.14286,1.14412,1.14439,1.14265,1.14311,1.14436,1.14461,1.14289,17945
2017-06-29 18:00:00,1.14412,1.14316,1.14441,1.14281,1.14436,1.1434,1.14465,1.14304,12503
2017-06-29 19:00:00,1.14316,1.14381,1.14445,1.14308,1.1434,1.14404,1.14467,1.14332,11147
2017-06-29 20:00:00,1.14381,1.14376,1.14416,1.14343,1.14404,1.14414,1.1444,1.14367,3897
2017-06-29 21:00:00,1.14376,1.14394,1.14424,1.14374,1.14414,1.1442,1.14462,1.14396,5982
2017-06-29 22:00:00,1.14394,1.14414,1.14443,1.14391,1.1442,1.1444,1.14467,1.1442,7800
2017-06-29 23:00:00,1.14414,1.14384,1.14419,1.14383,1.1444,1.14407,1.14442,1.14406,1452
2017-06-30 00:00:00,1.14384,1.14271,1.14418,1.14257,1.14407,1.14297,1.14441,1.14281,7437
2017-06-30 01:00:00,1.14271,1.14407,1.1443,1.14264,1.14297,1.14431,1.14454,1.1429,8926
2017-06-30 02:00:00,1.14407,1.14348,1.14433,1.14344,1.14431,1.14372,1.14457,1.14366,8649
2017-06-30 03:00:00,1.14348,1.14393,1.14421,1.14344,1.14372,1.14415,1.14445,1.14368,4587
2017-06-30 04:00:00,1.14393,1.14393,1.14416,1.14364,1.14415,1.14416,1.1444,1.14388,3069
2017-06-30 05:00:00,1.14393,1.14288,1.14402,1.14263,1.14416,1.14312,1.14426,1.14287,6021
2017-06-30 06:00:00,1.14288,1.14221,1.14404,1.14218,1.14312,1.14246,1.14426,1.14237,16660
2017-06-30 07:00:00,1.14221,1.14108,1.14287,1.14009,1.14246,1.14131,1.1431,1.14032,30951
2017-06-30 08:00:00,1.14108,1.14019,1.14144,1.13943,1.14131,1.14044,1.14168,1.13968,22387
2017-06-30 09:00:00,1.14019,1.14085,1.14091,1.1391,1.14044,1.14109,1.14115,1.13933,23293
2017-06-30 10:00:00,1.14085,1.14017,1.14106,1.13975,1.14109,1.14041,1.14131,1.13999,16414
2017-06-30 11:00:00,1.14017,1.14029,1.14117,1.14015,1.14041,1.14052,1.1414,1.14036,15523
2017-06-30 12:00:00,1.14029,1.14117,1.142,1.14029,1.14052,1.14141,1.14224,1.14051,26057
2017-06-30 13:00:00,1.14117,1.14183,1.14225,1.14108,1.14141,1.14209,1.14248,1.14132,23059
2017-06-30 14:00:00,1.14183,1.1403,1.14265,1.13944,1.14209,1.14053,1.14288,1.13967,30748
2017-06-30 15:00:00,1.1403,1.14101,1.14153,1.14029,1.14053,1.14124,1.14177,1.14053,20589
2017-06-30 16:00:00,1.14101,1.14114,1.14152,1.14051,1.14124,1.14138,1.14174,1.14075,9257
2017-06-30 17:00:00,1.14114,1.14136,1.14158,1.14097,1.14138,1.1416,1.14182,1.14121,6615
2017-06-30 18:00:00,1.14136,1.14182,1.14216,1.14075,1.1416,1.14206,1.14239,1.14098,9657
2017-06-30 19:00:00,1.14182,1.14204,1.14211,1.14138,1.14206,1.14228,1.14235,1.14162,9855
2017-06-30 20:00:00,1.14204,1.14162,1.14226,1.14162,1.14228,1.14254,1.14256,1.14204,5429
2017-07-02 19:00:00,1.14162,1.14144,1.14214,1.14123,1.14254,1.1426,1.14279,1.14181,227
2017-07-02 20:00:00,1.14144,1.14164,1.14192,1.14126,1.1426,1.14225,1.1426,1.1418,249
2017-07-02 21:00:00,1.14164,1.14195,1.14196,1.14147,1.14225,1.14238,1.14261,1.14186,1617
2017-07-02 22:00:00,1.14195,1.14239,1.14256,1.14178,1.14238,1.14266,1.14296,1.14222,2924
2017-07-02 23:00:00,1.14239,1.14221,1.14247,1.14199,1.14266,1.14245,1.14271,1.14223,1927
2017-07-03 00:00:00,1.14221,1.14162,1.14238,1.14148,1.14245,1.14184,1.14263,1.14171,4102
2017-07-03 01:00:00,1.14162,1.14152,1.14192,1.14134,1.14184,1.14176,1.14216,1.14159,4470
2017-07-03 02:00:00,1.14152,1.14126,1.14187,1.14112,1.14176,1.14151,1.14211,1.14135,4417
2017-07-03 03:00:00,1.14126,1.14032,1.14157,1.14029,1.14151,1.14055,1.14181,1.14052,4956
2017-07-03 04:00:00,1.14032,1.14119,1.14146,1.14026,1.14055,1.14143,1.1417,1.1405,3465
2017-07-03 05:00:00,1.14119,1.14066,1.1414,1.14065,1.14143,1.14091,1.14164,1.1409,4357
2017-07-03 06:00:00,1.14066,1.14105,1.14131,1.14025,1.14091,1.14129,1.14154,1.14047,14011
2017-07-03 07:00:00,1.14105,1.13936,1.14105,1.13912,1.14129,1.1396,1.1413,1.13935,21543
2017-07-03 08:00:00,1.13936,1.13778,1.13938,1.13759,1.1396,1.13803,1.13962,1.13782,18930
2017-07-03 09:00:00,1.13778,1.1372,1.13847,1.13717,1.13803,1.13744,1.1387,1.13741,13477
2017-07-03 10:00:00,1.1372,1.13737,1.13782,1.13697,1.13744,1.1376,1.13805,1.1372,12486
2017-07-03 11:00:00,1.13737,1.13634,1.13763,1.13603,1.1376,1.13657,1.13786,1.13628,14969
2017-07-03 12:00:00,1.13634,1.13667,1.13745,1.13608,1.13657,1.13691,1.13769,1.1363,15944
2017-07-03 13:00:00,1.13667,1.13706,1.13718,1.13568,1.13691,1.13732,1.13742,1.13591,19985
2017-07-03 14:00:00,1.13706,1.13669,1.13727,1.13574,1.13732,1.13691,1.1375,1.13609,26474
2017-07-03 15:00:00,1.13669,1.13656,1.13687,1.1355,1.13691,1.1368,1.13711,1.13574,17426
2017-07-03 16:00:00,1.13656,1.13562,1.13709,1.13539,1.1368,1.13586,1.13734,1.13562,10982
2017-07-03 17:00:00,1.13562,1.13601,1.13675,1.13553,1.13586,1.13623,1.13699,1.13578,4625
2017-07-03 18:00:00,1.13601,1.13573,1.13602,1.13555,1.13623,1.13597,1.13624,1.13578,2047
2017-07-03 19:00:00,1.13573,1.13616,1.13619,1.13566,1.13597,1.13641,1.13643,1.1359,2128
2017-07-03 20:00:00,1.13616,1.13619,1.13658,1.13611,1.13641,1.13657,1.13682,1.13636,3773
2017-07-03 21:00:00,1.13619,1.13625,1.13644,1.13543,1.13657,1.13657,1.13703,1.13603,10250
2017-07-03 22:00:00,1.13625,1.13658,1.13696,1.136,1.13657,1.13686,1.13724,1.13649,2376
2017-07-03 23:00:00,1.13658,1.13711,1.13724,1.13657,1.13686,1.13736,1.13748,1.13683,1712
2017-07-04 00:00:00,1.13711,1.13726,1.13758,1.13698,1.13736,1.1375,1.13783,1.1372,4935
2017-07-04 01:00:00,1.13726,1.1368,1.1373,1.13661,1.1375,1.13702,1.13755,1.13686,5490
2017-07-04 02:00:00,1.1368,1.13649,1.1369,1.13627,1.13702,1.13673,1.13713,1.13649,3983
2017-07-04 03:00:00,1.13649,1.13714,1.13726,1.13643,1.13673,1.13738,1.1375,1.13667,3166
2017-07-04 04:00:00,1.13714,1.13708,1.1373,1.13674,1.13738,1.13733,1.13754,1.13699,5212
2017-07-04 05:00:00,1.13708,1.13471,1.13715,1.13351,1.13733,1.13496,1.13739,1.13373,11961
2017-07-04 06:00:00,1.13471,1.13713,1.13716,1.13423,1.13496,1.13738,1.1374,1.13447,16944
2017-07-04 07:00:00,1.13713,1.13605,1.13734,1.13551,1.13738,1.13629,1.13757,1.13576,18879
2017-07-04 08:00:00,1.13605,1.13526,1.13627,1.1346,1.13629,1.13551,1.13649,1.13483,14111
2017-07-04 09:00:00,1.13526,1.13486,1.13533,1.13411,1.13551,1.13509,1.13555,1.13435,11651
2017-07-04 10:00:00,1.13486,1.13505,1.13518,1.13455,1.13509,1.1353,1.13541,1.13478,8209
2017-07-04 11:00:00,1.13505,1.13493,1.13506,1.13405,1.1353,1.13517,1.13528,1.1343,7667
2017-07-04 12:00:00,1.13493,1.13416,1.13543,1.13388,1.13517,1.1344,1.13567,1.13412,12912
2017-07-04 13:00:00,1.13416,1.13435,1.13469,1.13368,1.1344,1.13459,1.13493,1.13393,11890
2017-07-04 14:00:00,1.13435,1.13506,1.13529,1.13404,1.13459,1.1353,1.13551,1.13427,12157
2017-07-04 15:00:00,1.13506,1.13464,1.13516,1.13442,1.1353,1.13488,1.13541,1.13466,8687
2017-07-04 16:00:00,1.13464,1.13493,1.13504,1.1342,1.13488,1.13524,1.13535,1.13444,4090
2017-07-04 17:00:00,1.13493,1.135,1.13523,1.13448,1.13524,1.13526,1.13549,1.1348,9951
2017-07-04 18:00:00,1.135,1.13494,1.13518,1.13458,1.13526,1.13518,1.13542,1.13491,7204
2017-07-04 19:00:00,1.13494,1.13448,1.13498,1.13437,1.13518,1.13475,1.13528,1.13468,3038
2017-07-04 20:00:00,1.13448,1.13453,1.13467,1.13408,1.13475,1.13498,1.13555,1.13455,5041
2017-07-04 21:00:00,1.13453,1.13455,1.13475,1.13397,1.13498,1.13486,1.13526,1.13475,4692
2017-07-04 22:00:00,1.13455,1.13521,1.13546,1.13433,1.13486,1.13545,1.13571,1.13465,2258
2017-07-04 23:00:00,1.13521,1.13585,1.136,1.13505,1.13545,1.13608,1.13625,1.13528,2279
2017-07-05 00:00:00,1.13585,1.13576,1.13633,1.13532,1.13608,1.13599,1.13657,1.13556,4694
2017-07-05 01:00:00,1.13576,1.13653,1.13666,1.13544,1.13599,1.13677,1.13691,1.13567,5663
2017-07-05 02:00:00,1.13653,1.13616,1.13676,1.13601,1.13677,1.13639,1.13699,1.13624,5300
2017-07-05 03:00:00,1.13616,1.13577,1.13617,1.13557,1.13639,1.13601,1.1364,1.13579,2947
2017-07-05 04:00:00,1.13577,1.13533,1.13577,1.1352,1.13601,1.13557,1.13601,1.13545,2704
2017-07-05 05:00:00,1.13533,1.13521,1.1356,1.13485,1.13557,1.13545,1.13585,1.13509,4515
2017-07-05 06:00:00,1.13521,1.1359,1.13656,1.1352,1.13545,1.13613,1.1368,1.13544,13605
2017-07-05 07:00:00,1.1359,1.1362,1.13671,1.13569,1.13613,1.13644,1.13694,1.13591,21937
2017-07-05 08:00:00,1.1362,1.13406,1.13637,1.13395,1.13644,1.1343,1.1366,1.13419,16046
2017-07-05 09:00:00,1.13406,1.13229,1.1343,1.13163,1.1343,1.13253,1.13454,1.13187,27134
2017-07-05 10:00:00,1.13229,1.13201,1.13264,1.13112,1.13253,1.13226,1.13288,1.13137,15112
2017-07-05 11:00:00,1.13201,1.13311,1.13359,1.13185,1.13226,1.13335,1.13383,1.13208,13831
2017-07-05 12:00:00,1.13311,1.13193,1.13336,1.1317,1.13335,1.13218,1.1336,1.13193,15551
2017-07-05 13:00:00,1.13193,1.13286,1.13294,1.13169,1.13218,1.13313,1.13318,1.13192,18097
2017-07-05 14:00:00,1.13286,1.13279,1.13359,1.13244,1.13313,1.13302,1.13383,1.13267,25078
2017-07-05 15:00:00,1.13279,1.13345,1.13429,1.13263,1.13302,1.13368,1.13453,1.13286,14086
2017-07-05 16:00:00,1.13345,1.13373,1.13396,1.13284,1.13368,1.13396,1.1342,1.13308,8705
2017-07-05 17:00:00,1.13373,1.13393,1.13426,1.13341,1.13396,1.13422,1.1345,1.13363,7612
2017-07-05 18:00:00,1.13393,1.13399,1.13541,1.13215,1.13422,1.13422,1.13595,1.13238,27710
2017-07-05 19:00:00,1.13399,1.13409,1.13506,1.13368,1.13422,1.13433,1.1353,1.13393,10554
2017-07-05 20:00:00,1.13409,1.13489,1.13511,1.13407,1.13433,1.13529,1.13539,1.13431,3593
2017-07-05 21:00:00,1.13489,1.13495,1.13509,1.13461,1.13529,1.13522,1.13542,1.13495,6455
2017-07-05 22:00:00,1.13495,1.13521,1.13535,1.1349,1.13522,1.13546,1.13563,1.13516,3364
2017-07-05 23:00:00,1.13521,1.13453,1.13527,1.13449,1.13546,1.13477,1.13551,1.13472,2091
2017-07-06 00:00:00,1.13453,1.13407,1.13454,1.13343,1.13477,1.13429,1.13477,1.13368,5110
2017-07-06 01:00:00,1.13407,1.13312,1.13436,1.13289,1.13429,1.13335,1.1346,1.13313,6307
2017-07-06 02:00:00,1.13312,1.13364,1.13385,1.13287,1.13335,1.13388,1.1341,1.13311,5072
2017-07-06 03:00:00,1.13364,1.1337,1.13415,1.13359,1.13388,1.13394,1.1344,1.13382,3993
2017-07-06 04:00:00,1.1337,1.13379,1.13384,1.13357,1.13394,1.13404,1.13408,1.13382,1450
2017-07-06 05:00:00,1.13379,1.13369,1.13411,1.13364,1.13404,1.13394,1.13432,1.13388,4182
2017-07-06 06:00:00,1.13369,1.13407,1.13408,1.13299,1.13394,1.13431,1.13431,1.13323,8990
2017-07-06 07:00:00,1.13407,1.13507,1.13561,1.13402,1.13431,1.1353,1.13585,1.13426,17903
2017-07-06 08:00:00,1.13507,1.13479,1.13535,1.13428,1.1353,1.13502,1.13558,1.13452,14119
2017-07-06 09:00:00,1.13479,1.13631,1.1369,1.13431,1.13502,1.13653,1.13715,1.13455,28104
2017-07-06 10:00:00,1.13631,1.13646,1.13729,1.13562,1.13653,1.13671,1.13752,1.13587,19595
2017-07-06 11:00:00,1.13646,1.13855,1.13865,1.136,1.13671,1.13878,1.13889,1.13625,21211
2017-07-06 12:00:00,1.13855,1.13894,1.13967,1.13776,1.13878,1.13917,1.1399,1.13804,28750
2017-07-06 13:00:00,1.13894,1.13989,1.14007,1.13804,1.13917,1.14016,1.14031,1.13827,23133
2017-07-06 14:00:00,1.13989,1.14043,1.14049,1.13917,1.14016,1.14065,1.14073,1.13941,23957
2017-07-06 15:00:00,1.14043,1.14056,1.14059,1.13971,1.14065,1.1408,1.14083,1.13994,19431
2017-07-06 16:00:00,1.14056,1.14182,1.14186,1.14057,1.1408,1.14207,1.1421,1.1408,13177
2017-07-06 17:00:00,1.14182,1.1422,1.14235,1.14145,1.14207,1.14245,1.14258,1.1417,10054
2017-07-06 18:00:00,1.1422,1.14214,1.14229,1.14179,1.14245,1.14238,1.14252,1.14203,8681
2017-07-06 19:00:00,1.14214,1.14188,1.14223,1.14166,1.14238,1.14211,1.14247,1.14188,6967
2017-07-06 20:00:00,1.14188,1.14216,1.14236,1.14171,1.14211,1.14254,1.14268,1.14195,4730
2017-07-06 21:00:00,1.14216,1.14204,1.14234,1.14167,1.14254,1.14239,1.1426,1.14195,4151
2017-07-06 22:00:00,1.14204,1.1421,1.14233,1.14172,1.14239,1.14234,1.14258,1.14197,5553
2017-07-06 23:00:00,1.1421,1.142,1.14247,1.14181,1.14234,1.14224,1.1427,1.14206,4082
2017-07-07 00:00:00,1.142,1.14143,1.14208,1.14122,1.14224,1.14168,1.14232,1.14146,5498
2017-07-07 01:00:00,1.14143,1.14104,1.1423,1.14088,1.14168,1.14129,1.14254,1.14112,10270
2017-07-07 02:00:00,1.14104,1.14127,1.14131,1.14072,1.14129,1.1415,1.14154,1.14095,5802
2017-07-07 03:00:00,1.14127,1.14124,1.1415,1.14104,1.1415,1.14148,1.14174,1.14128,4723
2017-07-07 04:00:00,1.14124,1.14139,1.1419,1.14119,1.14148,1.14162,1.14214,1.14143,3544
2017-07-07 05:00:00,1.14139,1.14066,1.14175,1.14059,1.14162,1.14092,1.14199,1.14082,5349
2017-07-07 06:00:00,1.14066,1.14136,1.14182,1.14059,1.14092,1.1416,1.14205,1.14082,10847
2017-07-07 07:00:00,1.14136,1.14184,1.14263,1.14118,1.1416,1.14208,1.14292,1.14142,15961
2017-07-07 08:00:00,1.14184,1.14206,1.14236,1.1411,1.14208,1.14231,1.1426,1.14133,15231
2017-07-07 09:00:00,1.14206,1.14133,1.14241,1.14115,1.14231,1.14158,1.14264,1.14139,13584
2017-07-07 10:00:00,1.14133,1.14103,1.14148,1.14048,1.14158,1.14125,1.14171,1.14072,11782
2017-07-07 11:00:00,1.14103,1.14067,1.14183,1.14061,1.14125,1.1409,1.14207,1.14086,11399
2017-07-07 12:00:00,1.14067,1.14007,1.14389,1.13823,1.1409,1.14031,1.14412,1.13881,51851
2017-07-07 13:00:00,1.14007,1.13965,1.1404,1.13794,1.14031,1.13988,1.14064,1.13817,27987
2017-07-07 14:00:00,1.13965,1.13908,1.14004,1.13784,1.13988,1.13932,1.14028,1.13808,22530
2017-07-07 15:00:00,1.13908,1.1395,1.1395,1.13854,1.13932,1.13971,1.13973,1.13878,16058
2017-07-07 16:00:00,1.1395,1.14071,1.14076,1.1395,1.13971,1.14094,1.14099,1.13971,9181
2017-07-07 17:00:00,1.14071,1.14029,1.14097,1.14,1.14094,1.14052,1.14122,1.14024,6827
2017-07-07 18:00:00,1.14029,1.14019,1.14047,1.13997,1.14052,1.14043,1.14071,1.1402,4188
2017-07-07 19:00:00,1.14019,1.14036,1.14068,1.14004,1.14043,1.14058,1.14092,1.14027,5468
2017-07-07 20:00:00,1.14036,1.13992,1.14037,1.13956,1.14058,1.14027,1.14061,1.13995,2759
2017-07-09 19:00:00,1.13992,1.13946,1.13981,1.13877,1.14027,1.13998,1.14039,1.1396,108
2017-07-09 20:00:00,1.13946,1.13946,1.13976,1.13924,1.13998,1.14007,1.14021,1.13994,190
2017-07-09 21:00:00,1.13946,1.13977,1.1399,1.13889,1.14007,1.1401,1.14034,1.13963,1329
2017-07-09 22:00:00,1.13977,1.13989,1.14011,1.13957,1.1401,1.14014,1.14037,1.13993,2430
2017-07-09 23:00:00,1.13989,1.14023,1.14027,1.13983,1.14014,1.14046,1.14049,1.14008,1754
2017-07-10 00:00:00,1.14023,1.13995,1.14026,1.13967,1.14046,1.14019,1.14049,1.13991,3513
2017-07-10 01:00:00,1.13995,1.14068,1.14072,1.13983,1.14019,1.14092,1.14096,1.14007,4291
2017-07-10 02:00:00,1.14068,1.14039,1.14074,1.14032,1.14092,1.14063,1.14098,1.14055,3061
2017-07-10 03:00:00,1.14039,1.14034,1.14049,1.14006,1.14063,1.14059,1.14073,1.1403,2791
2017-07-10 04:00:00,1.14034,1.1403,1.14045,1.13993,1.14059,1.14052,1.14069,1.14016,2657
2017-07-10 05:00:00,1.1403,1.14079,1.14079,1.14007,1.14052,1.14104,1.14104,1.14031,3207
2017-07-10 06:00:00,1.14079,1.13976,1.14087,1.13959,1.14104,1.13999,1.14114,1.13984,10187
2017-07-10 07:00:00,1.13976,1.14149,1.14172,1.13955,1.13999,1.14173,1.14194,1.1398,16336
2017-07-10 08:00:00,1.14149,1.13946,1.14158,1.13916,1.14173,1.1397,1.14181,1.13938,14030
2017-07-10 09:00:00,1.13946,1.13842,1.13968,1.13811,1.1397,1.13866,1.13992,1.13834,12461
2017-07-10 10:00:00,1.13842,1.139,1.13928,1.13818,1.13866,1.13924,1.13952,1.13843,7661
2017-07-10 11:00:00,1.139,1.13873,1.13913,1.13805,1.13924,1.13897,1.13937,1.13829,12082
2017-07-10 12:00:00,1.13873,1.1391,1.13927,1.13818,1.13897,1.13934,1.13951,1.13842,12467
2017-07-10 13:00:00,1.1391,1.13907,1.13927,1.13839,1.13934,1.13931,1.1395,1.13863,12349
2017-07-10 14:00:00,1.13907,1.13868,1.13948,1.13856,1.13931,1.13891,1.13972,1.1388,16148
2017-07-10 15:00:00,1.13868,1.13946,1.13948,1.13836,1.13891,1.13967,1.13971,1.13858,12072
2017-07-10 16:00:00,1.13946,1.13944,1.14008,1.13933,1.13967,1.13968,1.14033,1.13957,5720
2017-07-10 17:00:00,1.13944,1.14048,1.14063,1.13944,1.13968,1.14072,1.14087,1.13968,6126
2017-07-10 18:00:00,1.14048,1.14022,1.14069,1.14014,1.14072,1.14043,1.14092,1.14036,4014
2017-07-10 19:00:00,1.14022,1.13989,1.14023,1.13968,1.14043,1.14012,1.14047,1.1399,4969
2017-07-10 20:00:00,1.13989,1.13982,1.13995,1.13967,1.14012,1.14008,1.14018,1.13991,3241
2017-07-10 21:00:00,1.13982,1.13963,1.13983,1.13922,1.14008,1.13991,1.14016,1.13974,3846
2017-07-10 22:00:00,1.13963,1.13953,1.13973,1.13924,1.13991,1.13978,1.14,1.13951,3047
2017-07-10 23:00:00,1.13953,1.13952,1.13968,1.13942,1.13978,1.13976,1.13993,1.13966,1452
2017-07-11 00:00:00,1.13952,1.13938,1.13968,1.13918,1.13976,1.13962,1.13991,1.13941,3742
2017-07-11 01:00:00,1.13938,1.13923,1.13963,1.13911,1.13962,1.13947,1.13987,1.13934,4451
2017-07-11 02:00:00,1.13923,1.13923,1.1395,1.13912,1.13947,1.13947,1.13974,1.13936,3012
2017-07-11 03:00:00,1.13923,1.13933,1.1394,1.13911,1.13947,1.13957,1.13964,1.13934,1880
2017-07-11 04:00:00,1.13933,1.13873,1.13936,1.1386,1.13957,1.13897,1.13958,1.13884,2863
2017-07-11 05:00:00,1.13873,1.13821,1.13876,1.1382,1.13897,1.13846,1.139,1.13844,4955
2017-07-11 06:00:00,1.13821,1.13895,1.13909,1.13816,1.13846,1.13919,1.13932,1.1384,8787
2017-07-11 07:00:00,1.13895,1.13891,1.1398,1.13839,1.13919,1.13915,1.14003,1.13862,16646
2017-07-11 08:00:00,1.13891,1.13951,1.13989,1.13889,1.13915,1.13973,1.14011,1.13914,11934
2017-07-11 09:00:00,1.13951,1.13939,1.13951,1.13905,1.13973,1.13963,1.13973,1.13928,9813
2017-07-11 10:00:00,1.13939,1.13948,1.13964,1.13889,1.13963,1.13971,1.13988,1.13912,7921
2017-07-11 11:00:00,1.13948,1.13932,1.13978,1.13927,1.13971,1.13956,1.14002,1.13951,9122
2017-07-11 12:00:00,1.13932,1.14006,1.1413,1.13931,1.13956,1.14032,1.14153,1.13955,19768
2017-07-11 13:00:00,1.14006,1.14069,1.14082,1.13923,1.14032,1.14093,1.14106,1.13947,16486
2017-07-11 14:00:00,1.14069,1.14183,1.14237,1.13938,1.14093,1.14206,1.1426,1.13963,21986
2017-07-11 15:00:00,1.14183,1.14289,1.14322,1.14135,1.14206,1.14312,1.14346,1.14157,20354
2017-07-11 16:00:00,1.14289,1.14383,1.14469,1.14274,1.14312,1.14408,1.14491,1.14297,16644
2017-07-11 17:00:00,1.14383,1.14656,1.14758,1.14384,1.14408,1.14679,1.14779,1.14408,18436
2017-07-11 18:00:00,1.14656,1.14753,1.14786,1.14648,1.14679,1.14777,1.14809,1.14672,11145
2017-07-11 19:00:00,1.14753,1.14625,1.14754,1.14612,1.14777,1.14648,1.14777,1.14636,7421
2017-07-11 20:00:00,1.14625,1.14647,1.14661,1.14596,1.14648,1.14684,1.14686,1.1462,3298
2017-07-11 21:00:00,1.14647,1.14631,1.14657,1.14607,1.14684,1.14658,1.14697,1.14643,7558
2017-07-11 22:00:00,1.14631,1.14684,1.14706,1.14611,1.14658,1.14708,1.1473,1.1464,4506
2017-07-11 23:00:00,1.14684,1.14728,1.1473,1.14654,1.14708,1.14752,1.14755,1.14677,2964
2017-07-12 00:00:00,1.14728,1.14753,1.1477,1.14709,1.14752,1.14777,1.14794,1.14732,6007
2017-07-12 01:00:00,1.14753,1.14702,1.1478,1.14692,1.14777,1.14727,1.14806,1.14718,6942
2017-07-12 02:00:00,1.14702,1.14805,1.14828,1.14692,1.14727,1.14828,1.14852,1.14716,5388
2017-07-12 03:00:00,1.14805,1.14792,1.14809,1.1472,1.14828,1.14817,1.14832,1.14745,4845
2017-07-12 04:00:00,1.14792,1.14845,1.14875,1.14736,1.14817,1.14869,1.149,1.14761,5513
2017-07-12 05:00:00,1.14845,1.14712,1.14885,1.14687,1.14869,1.14737,1.14909,1.14711,6017
2017-07-12 06:00:00,1.14712,1.14576,1.14753,1.14546,1.14737,1.14602,1.14779,1.14569,17222
2017-07-12 07:00:00,1.14576,1.1447,1.14632,1.14459,1.14602,1.14494,1.14657,1.14481,19389
2017-07-12 08:00:00,1.1447,1.14563,1.14622,1.14409,1.14494,1.14589,1.14647,1.14433,17127
2017-07-12 09:00:00,1.14563,1.14534,1.14599,1.14423,1.14589,1.14559,1.14623,1.14447,17341
2017-07-12 10:00:00,1.14534,1.1452,1.14594,1.14478,1.14559,1.14542,1.14616,1.14502,12484
2017-07-12 11:00:00,1.1452,1.14523,1.14608,1.14501,1.14542,1.14548,1.14633,1.14523,16524
2017-07-12 12:00:00,1.14523,1.14663,1.14785,1.1425,1.14548,1.14688,1.14809,1.14286,43645
2017-07-12 13:00:00,1.14663,1.14129,1.14679,1.14085,1.14688,1.14155,1.147,1.14109,44347
2017-07-12 14:00:00,1.14129,1.14176,1.14185,1.13905,1.14155,1.142,1.14208,1.13929,38549
2017-07-12 15:00:00,1.14176,1.14089,1.14264,1.14071,1.142,1.14114,1.14287,1.14094,23074
2017-07-12 16:00:00,1.14089,1.14197,1.14211,1.1408,1.14114,1.1422,1.14235,1.14104,12172
2017-07-12 17:00:00,1.14197,1.14175,1.14227,1.14109,1.1422,1.14198,1.14252,1.14133,10336
2017-07-12 18:00:00,1.14175,1.14139,1.1424,1.14126,1.14198,1.14163,1.14261,1.1415,8703
2017-07-12 19:00:00,1.14139,1.14192,1.14213,1.14113,1.14163,1.14217,1.14236,1.14136,7160
2017-07-12 20:00:00,1.14192,1.14097,1.14193,1.14091,1.14217,1.14132,1.14218,1.1412,3248
2017-07-12 21:00:00,1.14097,1.14114,1.14155,1.14103,1.14132,1.14143,1.14214,1.14136,3596
2017-07-12 22:00:00,1.14114,1.14149,1.14171,1.14103,1.14143,1.14173,1.14197,1.14131,3447
2017-07-12 23:00:00,1.14149,1.14174,1.1419,1.14128,1.14173,1.14197,1.14212,1.14152,1643
2017-07-13 00:00:00,1.14174,1.14287,1.14288,1.14157,1.14197,1.14309,1.14313,1.14182,6554
2017-07-13 01:00:00,1.14287,1.14332,1.14358,1.14282,1.14309,1.14356,1.14382,1.14307,5851
2017-07-13 02:00:00,1.14332,1.14359,1.14369,1.14308,1.14356,1.14384,1.14393,1.14332,4732
2017-07-13 03:00:00,1.14359,1.1433,1.14381,1.14326,1.14384,1.14354,1.14403,1.14351,5451
2017-07-13 04:00:00,1.1433,1.14364,1.14375,1.14325,1.14354,1.14389,1.14399,1.14349,3087
2017-07-13 05:00:00,1.14364,1.14461,1.14483,1.14342,1.14389,1.14484,1.14507,1.14366,4618
2017-07-13 06:00:00,1.14461,1.14456,1.14548,1.14423,1.14484,1.14479,1.14572,1.14448,14764
2017-07-13 07:00:00,1.14456,1.14203,1.14517,1.14118,1.14479,1.14227,1.1454,1.14142,19201
2017-07-13 08:00:00,1.14203,1.14023,1.14219,1.13944,1.14227,1.14047,1.14243,1.1397,20421
2017-07-13 09:00:00,1.14023,1.13947,1.14071,1.13843,1.14047,1.13973,1.14094,1.13867,20525
2017-07-13 10:00:00,1.13947,1.13872,1.14044,1.13749,1.13973,1.13893,1.14068,1.13773,20540
2017-07-13 11:00:00,1.13872,1.14092,1.14118,1.13694,1.13893,1.14117,1.14143,1.13715,41429
2017-07-13 12:00:00,1.14092,1.14152,1.14181,1.1401,1.14117,1.14176,1.14205,1.14034,25545
2017-07-13 13:00:00,1.14152,1.13977,1.14167,1.13973,1.14176,1.14001,1.1419,1.13995,16318
2017-07-13 14:00:00,1.13977,1.14025,1.14137,1.13896,1.14001,1.14049,1.14162,1.13916,22960
2017-07-13 15:00:00,1.14025,1.13828,1.14067,1.13827,1.14049,1.13852,1.14092,1.1385,16602
2017-07-13 16:00:00,1.13828,1.13894,1.13908,1.13814,1.13852,1.13918,1.13931,1.13838,8552
2017-07-13 17:00:00,1.13894,1.13963,1.13983,1.13882,1.13918,1.13987,1.14006,1.13904,8466
2017-07-13 18:00:00,1.13963,1.14031,1.14054,1.13952,1.13987,1.14055,1.14077,1.13976,8189
2017-07-13 19:00:00,1.14031,1.14056,1.14059,1.1401,1.14055,1.14081,1.14082,1.14034,5229
2017-07-13 20:00:00,1.14056,1.13952,1.14057,1.13947,1.14081,1.13988,1.14081,1.13971,3330
2017-07-13 21:00:00,1.13952,1.13988,1.14011,1.13961,1.13988,1.14017,1.14038,1.13989,3098
2017-07-13 22:00:00,1.13988,1.13945,1.14004,1.1394,1.14017,1.13968,1.1403,1.13964,2227
2017-07-13 23:00:00,1.13945,1.14033,1.1404,1.13944,1.13968,1.14058,1.14064,1.13968,2605
2017-07-14 00:00:00,1.14033,1.14006,1.14035,1.13903,1.14058,1.1403,1.14058,1.13928,4733
2017-07-14 01:00:00,1.14006,1.14012,1.14059,1.13957,1.1403,1.14033,1.14083,1.13982,5219
2017-07-14 02:00:00,1.14012,1.14071,1.14075,1.1399,1.14033,1.14095,1.14099,1.14013,4377
2017-07-14 03:00:00,1.14071,1.14092,1.14093,1.14051,1.14095,1.14117,1.14117,1.14075,2718
2017-07-14 04:00:00,1.14092,1.13996,1.14096,1.13996,1.14117,1.14019,1.1412,1.14019,2951
2017-07-14 05:00:00,1.13996,1.14087,1.14114,1.13996,1.14019,1.1411,1.14138,1.14019,4153
2017-07-14 06:00:00,1.14087,1.14146,1.14171,1.14034,1.1411,1.14171,1.14193,1.14056,12857
2017-07-14 07:00:00,1.14146,1.14155,1.14229,1.1408,1.14171,1.14179,1.14252,1.14103,15170
2017-07-14 08:00:00,1.14155,1.14068,1.14193,1.14064,1.14179,1.14091,1.14217,1.14088,10168
2017-07-14 09:00:00,1.14068,1.14136,1.14167,1.14062,1.14091,1.1416,1.14192,1.14086,12576
2017-07-14 10:00:00,1.14136,1.14132,1.14171,1.14102,1.1416,1.14155,1.14194,1.14126,7964
2017-07-14 11:00:00,1.14132,1.14157,1.14184,1.14099,1.14155,1.14181,1.14208,1.14122,10630
2017-07-14 12:00:00,1.14157,1.14605,1.14673,1.14122,1.14181,1.14628,1.14699,1.14147,45603
2017-07-14 13:00:00,1.14605,1.14578,1.14621,1.14348,1.14628,1.14602,1.14645,1.14374,32035
2017-07-14 14:00:00,1.14578,1.14433,1.14623,1.14345,1.14602,1.14456,1.14652,1.14369,30803
2017-07-14 15:00:00,1.14433,1.14504,1.14594,1.14433,1.14456,1.14528,1.14617,1.14455,17054
2017-07-14 16:00:00,1.14504,1.1458,1.1459,1.14486,1.14528,1.14606,1.14614,1.1451,10695
2017-07-14 17:00:00,1.1458,1.1466,1.14677,1.14559,1.14606,1.14684,1.14701,1.14582,7858
2017-07-14 18:00:00,1.1466,1.14646,1.14679,1.14612,1.14684,1.1467,1.14702,1.14634,6286
2017-07-14 19:00:00,1.14646,1.14697,1.14703,1.14635,1.1467,1.14719,1.14726,1.14659,6196
2017-07-14 20:00:00,1.14697,1.14642,1.14707,1.14642,1.14719,1.14702,1.14732,1.1467,3986
2017-07-16 19:00:00,1.14642,1.1468,1.14714,1.14597,1.14702,1.14761,1.14762,1.14686,95
2017-07-16 20:00:00,1.1468,1.14721,1.14723,1.14676,1.14761,1.14761,1.14782,1.14745,88
2017-07-16 21:00:00,1.14721,1.14672,1.14701,1.14628,1.14761,1.14728,1.14761,1.147,870
2017-07-16 22:00:00,1.14672,1.14687,1.14732,1.14645,1.14728,1.14716,1.14759,1.14684,7678
2017-07-16 23:00:00,1.14687,1.14731,1.14738,1.14685,1.14716,1.14756,1.14763,1.14711,2671
2017-07-17 00:00:00,1.14731,1.14636,1.14735,1.14627,1.14756,1.1466,1.14759,1.14651,4116
2017-07-17 01:00:00,1.14636,1.14608,1.14663,1.14591,1.1466,1.14634,1.14687,1.14615,5397
2017-07-17 02:00:00,1.14608,1.14599,1.1464,1.14557,1.14634,1.14623,1.14662,1.14581,4234
2017-07-17 03:00:00,1.14599,1.14622,1.14648,1.14587,1.14623,1.14646,1.14671,1.14607,3798
2017-07-17 04:00:00,1.14622,1.14602,1.14624,1.14572,1.14646,1.14626,1.14648,1.14595,1995
2017-07-17 05:00:00,1.14602,1.14602,1.14623,1.14557,1.14626,1.14627,1.14647,1.14581,2896
2017-07-17 06:00:00,1.14602,1.14526,1.14613,1.14456,1.14627,1.1455,1.14637,1.1448,13044
2017-07-17 07:00:00,1.14526,1.14398,1.14567,1.14336,1.1455,1.14422,1.14591,1.1436,18740
2017-07-17 08:00:00,1.14398,1.14469,1.14503,1.14382,1.14422,1.14495,1.14527,1.14407,12706
2017-07-17 09:00:00,1.14469,1.14582,1.1459,1.1444,1.14495,1.14605,1.14612,1.14463,11830
2017-07-17 10:00:00,1.14582,1.14577,1.14635,1.14542,1.14605,1.14602,1.14658,1.14565,10436
2017-07-17 11:00:00,1.14577,1.14626,1.14692,1.14577,1.14602,1.14649,1.14716,1.146,10613
2017-07-17 12:00:00,1.14626,1.14667,1.14699,1.14594,1.14649,1.14692,1.14722,1.14617,15368
2017-07-17 13:00:00,1.14667,1.14661,1.1467,1.14598,1.14692,1.14685,1.14693,1.14621,20268
2017-07-17 14:00:00,1.14661,1.14696,1.14859,1.14649,1.14685,1.14721,1.14885,1.14673,22755
2017-07-17 15:00:00,1.14696,1.1468,1.1476,1.14626,1.14721,1.14704,1.14784,1.14649,13533
2017-07-17 16:00:00,1.1468,1.1471,1.14747,1.14675,1.14704,1.14734,1.14771,1.14698,6346
2017-07-17 17:00:00,1.1471,1.14768,1.14797,1.1471,1.14734,1.14793,1.1482,1.14734,7326
2017-07-17 18:00:00,1.14768,1.14795,1.14798,1.14748,1.14793,1.14818,1.14821,1.14772,4981
2017-07-17 19:00:00,1.14795,1.14814,1.14835,1.14747,1.14818,1.14836,1.14858,1.14771,5971
2017-07-17 20:00:00,1.14814,1.14768,1.14821,1.14764,1.14836,1.14803,1.14846,1.1479,2917
2017-07-17 21:00:00,1.14768,1.14773,1.14794,1.14731,1.14803,1.14802,1.14835,1.14772,3285
2017-07-17 22:00:00,1.14773,1.14757,1.14787,1.14743,1.14802,1.1478,1.14813,1.14767,8165
2017-07-17 23:00:00,1.14757,1.14723,1.14781,1.14721,1.1478,1.14745,1.14806,1.14745,1911
2017-07-18 00:00:00,1.14723,1.1484,1.1486,1.14703,1.14745,1.14864,1.14886,1.14728,5527
2017-07-18 01:00:00,1.1484,1.15288,1.1531,1.14839,1.14864,1.15312,1.15333,1.14864,22471
2017-07-18 02:00:00,1.15288,1.15279,1.15367,1.15242,1.15312,1.15303,1.15391,1.15266,11465
2017-07-18 03:00:00,1.15279,1.15268,1.15344,1.15251,1.15303,1.15291,1.15369,1.15275,6797
2017-07-18 04:00:00,1.15268,1.15264,1.15291,1.15221,1.15291,1.15287,1.15316,1.15245,6493
2017-07-18 05:00:00,1.15264,1.1521,1.15341,1.15172,1.15287,1.15234,1.15365,1.152,8644
2017-07-18 06:00:00,1.1521,1.15255,1.15303,1.15118,1.15234,1.1528,1.15327,1.15143,22766
2017-07-18 07:00:00,1.15255,1.15274,1.15285,1.15101,1.1528,1.15299,1.15309,1.15125,24390
2017-07-18 08:00:00,1.15274,1.15243,1.1531,1.15159,1.15299,1.15269,1.15334,1.15183,24221
2017-07-18 09:00:00,1.15243,1.15508,1.15591,1.1518,1.15269,1.15533,1.15615,1.15204,26980
2017-07-18 10:00:00,1.15508,1.15564,1.1563,1.15485,1.15533,1.15589,1.15654,1.15509,19069
2017-07-18 11:00:00,1.15564,1.15487,1.1559,1.1544,1.15589,1.15511,1.15612,1.15463,18086
2017-07-18 12:00:00,1.15487,1.15548,1.15671,1.15438,1.15511,1.15572,1.15695,1.15462,33004
2017-07-18 13:00:00,1.15548,1.15784,1.15805,1.15527,1.15572,1.15809,1.15827,1.15552,25854
2017-07-18 14:00:00,1.15784,1.15795,1.15821,1.15716,1.15809,1.15818,1.15846,1.1574,21536
2017-07-18 15:00:00,1.15795,1.15768,1.15813,1.15671,1.15818,1.15792,1.15837,1.15694,15814
2017-07-18 16:00:00,1.15768,1.1562,1.15801,1.15573,1.15792,1.15642,1.15824,1.15594,13445
2017-07-18 17:00:00,1.1562,1.15612,1.15633,1.15518,1.15642,1.15636,1.15656,1.15542,9909
2017-07-18 18:00:00,1.15612,1.156,1.15645,1.15547,1.15636,1.15622,1.15669,1.15571,8334
2017-07-18 19:00:00,1.156,1.15561,1.1561,1.15509,1.15622,1.15586,1.15632,1.15533,6724
2017-07-18 20:00:00,1.15561,1.15514,1.15573,1.15506,1.15586,1.15549,1.15597,1.15544,2822
2017-07-18 21:00:00,1.15514,1.15524,1.15552,1.15513,1.15549,1.15548,1.15603,1.15546,2395
2017-07-18 22:00:00,1.15524,1.15494,1.15542,1.15491,1.15548,1.15519,1.15569,1.15517,4809
2017-07-18 23:00:00,1.15494,1.15467,1.15514,1.15466,1.15519,1.15492,1.15537,1.15491,3164
2017-07-19 00:00:00,1.15467,1.15435,1.15521,1.15421,1.15492,1.1546,1.15546,1.15445,5598
2017-07-19 01:00:00,1.15435,1.15405,1.15441,1.154,1.1546,1.15428,1.15464,1.15423,5285
2017-07-19 02:00:00,1.15405,1.15378,1.15431,1.15375,1.15428,1.15403,1.15456,1.15399,2972
2017-07-19 03:00:00,1.15378,1.15379,1.1539,1.15352,1.15403,1.154,1.15413,1.15375,4062
2017-07-19 04:00:00,1.15379,1.15365,1.15384,1.15358,1.154,1.15389,1.15409,1.15382,2331
2017-07-19 05:00:00,1.15365,1.15316,1.15367,1.15299,1.15389,1.15339,1.15391,1.15324,5065
2017-07-19 06:00:00,1.15316,1.15284,1.15466,1.15279,1.15339,1.15308,1.1549,1.15302,16012
2017-07-19 07:00:00,1.15284,1.1519,1.15381,1.15178,1.15308,1.15213,1.15404,1.15202,20876
2017-07-19 08:00:00,1.1519,1.15255,1.15265,1.15134,1.15213,1.15279,1.1529,1.15158,15845
2017-07-19 09:00:00,1.15255,1.15287,1.15367,1.15254,1.15279,1.15311,1.1539,1.15278,12388
2017-07-19 10:00:00,1.15287,1.15243,1.15366,1.15225,1.15311,1.15266,1.15389,1.1525,10015
2017-07-19 11:00:00,1.15243,1.15287,1.15296,1.15199,1.15266,1.15311,1.15319,1.15222,11459
2017-07-19 12:00:00,1.15287,1.15244,1.15374,1.15227,1.15311,1.15267,1.15398,1.15251,18413
2017-07-19 13:00:00,1.15244,1.15229,1.15354,1.15224,1.15267,1.15249,1.15378,1.15248,19900
2017-07-19 14:00:00,1.15229,1.15166,1.15276,1.15089,1.15249,1.1519,1.153,1.15111,20820
2017-07-19 15:00:00,1.15166,1.15165,1.15285,1.15118,1.1519,1.15189,1.1531,1.15141,16164
2017-07-19 16:00:00,1.15165,1.15198,1.15219,1.1513,1.15189,1.1522,1.15241,1.15153,8032
2017-07-19 17:00:00,1.15198,1.15159,1.15222,1.15158,1.1522,1.15184,1.15244,1.15182,6521
2017-07-19 18:00:00,1.15159,1.15171,1.15182,1.15122,1.15184,1.15194,1.15206,1.15146,6494
2017-07-19 19:00:00,1.15171,1.15162,1.15183,1.15136,1.15194,1.15186,1.15206,1.15159,5789
2017-07-19 20:00:00,1.15162,1.15134,1.15169,1.15117,1.15186,1.15171,1.15192,1.15142,3466
2017-07-19 21:00:00,1.15134,1.15165,1.15171,1.15111,1.15171,1.15194,1.15216,1.15143,4540
2017-07-19 22:00:00,1.15165,1.15262,1.1527,1.15158,1.15194,1.15287,1.15296,1.15189,4302
2017-07-19 23:00:00,1.15262,1.15276,1.15315,1.15262,1.15287,1.15299,1.1534,1.15287,2206
2017-07-20 00:00:00,1.15276,1.15219,1.15279,1.15216,1.15299,1.15243,1.15304,1.1524,3778
2017-07-20 01:00:00,1.15219,1.15159,1.15253,1.15116,1.15243,1.15183,1.15276,1.1514,7123
2017-07-20 02:00:00,1.15159,1.15223,1.15243,1.15132,1.15183,1.15247,1.15267,1.15156,7487
2017-07-20 03:00:00,1.15223,1.15056,1.1526,1.15039,1.15247,1.15081,1.15285,1.15062,10532
2017-07-20 04:00:00,1.15056,1.15109,1.15109,1.15053,1.15081,1.15132,1.15133,1.15077,4536
2017-07-20 05:00:00,1.15109,1.15102,1.15114,1.15031,1.15132,1.15127,1.15137,1.15055,5151
2017-07-20 06:00:00,1.15102,1.15215,1.15242,1.15075,1.15127,1.15237,1.15266,1.151,14229
2017-07-20 07:00:00,1.15215,1.14991,1.15218,1.14989,1.15237,1.15014,1.15243,1.15013,20962
2017-07-20 08:00:00,1.14991,1.15036,1.15057,1.14948,1.15014,1.1506,1.15081,1.1497,18887
2017-07-20 09:00:00,1.15036,1.15027,1.15062,1.14957,1.1506,1.1505,1.15086,1.1498,13796
2017-07-20 10:00:00,1.15027,1.1505,1.15111,1.14995,1.1505,1.15075,1.15135,1.15019,13267
2017-07-20 11:00:00,1.1505,1.14837,1.15121,1.14789,1.15075,1.14861,1.15145,1.1481,31862
2017-07-20 12:00:00,1.14837,1.15608,1.15694,1.14781,1.14861,1.15633,1.15719,1.14804,79647
2017-07-20 13:00:00,1.15608,1.15607,1.15728,1.15401,1.15633,1.1563,1.15751,1.15425,42814
2017-07-20 14:00:00,1.15607,1.16335,1.16575,1.15606,1.1563,1.16359,1.16602,1.15628,59167
2017-07-20 15:00:00,1.16335,1.16325,1.16459,1.16263,1.16359,1.16349,1.16482,1.16286,25610
2017-07-20 16:00:00,1.16325,1.16333,1.16387,1.1626,1.16349,1.16357,1.16411,1.16283,12275
2017-07-20 17:00:00,1.16333,1.16279,1.16365,1.1617,1.16357,1.16303,1.16389,1.16196,15024
2017-07-20 18:00:00,1.16279,1.16234,1.16286,1.16165,1.16303,1.16259,1.16308,1.1619,10567
2017-07-20 19:00:00,1.16234,1.16273,1.16297,1.16198,1.16259,1.16297,1.16319,1.16222,9166
2017-07-20 20:00:00,1.16273,1.16286,1.16325,1.16227,1.16297,1.16325,1.16351,1.16251,5530
2017-07-20 21:00:00,1.16286,1.16316,1.16336,1.16279,1.16325,1.16342,1.16386,1.1631,3377
2017-07-20 22:00:00,1.16316,1.16264,1.16347,1.16236,1.16342,1.16289,1.16372,1.16261,4265
2017-07-20 23:00:00,1.16264,1.16273,1.16306,1.16251,1.16289,1.16298,1.16331,1.16276,2269
2017-07-21 00:00:00,1.16273,1.16254,1.16288,1.16181,1.16298,1.16278,1.16312,1.16205,6670
2017-07-21 01:00:00,1.16254,1.16281,1.1629,1.1622,1.16278,1.16305,1.16314,1.16244,7065
2017-07-21 02:00:00,1.16281,1.16237,1.16353,1.16231,1.16305,1.16261,1.16378,1.16254,8970
2017-07-21 03:00:00,1.16237,1.16271,1.16286,1.16223,1.16261,1.16294,1.1631,1.16246,5241
2017-07-21 04:00:00,1.16271,1.16274,1.16293,1.16241,1.16294,1.16299,1.16316,1.16265,4359
2017-07-21 05:00:00,1.16274,1.16388,1.16388,1.16271,1.16299,1.16411,1.16412,1.16295,4701
2017-07-21 06:00:00,1.16388,1.16614,1.16758,1.16357,1.16411,1.16638,1.16783,1.16381,26874
2017-07-21 07:00:00,1.16614,1.16376,1.16726,1.16366,1.16638,1.164,1.1675,1.16389,23670
2017-07-21 08:00:00,1.16376,1.16482,1.16503,1.1635,1.164,1.16506,1.16525,1.16374,16051
2017-07-21 09:00:00,1.16482,1.16454,1.16575,1.16374,1.16506,1.16477,1.16598,1.16398,16300
2017-07-21 10:00:00,1.16454,1.16432,1.16509,1.16368,1.16477,1.16456,1.16533,1.16391,12863
2017-07-21 11:00:00,1.16432,1.16406,1.16502,1.1639,1.16456,1.16429,1.16525,1.16414,14367
2017-07-21 12:00:00,1.16406,1.16389,1.16467,1.16341,1.16429,1.16412,1.1649,1.16365,18335
2017-07-21 13:00:00,1.16389,1.16454,1.16511,1.16346,1.16412,1.16478,1.16535,1.16368,18638
2017-07-21 14:00:00,1.16454,1.16535,1.16658,1.16439,1.16478,1.16559,1.16681,1.16463,23433
2017-07-21 15:00:00,1.16535,1.16536,1.16568,1.16472,1.16559,1.1656,1.16592,1.16494,13849
2017-07-21 16:00:00,1.16536,1.1665,1.16694,1.16525,1.1656,1.16674,1.16718,1.16548,10262
2017-07-21 17:00:00,1.1665,1.16748,1.16817,1.16644,1.16674,1.16772,1.16843,1.16669,13253
2017-07-21 18:00:00,1.16748,1.16772,1.16799,1.16714,1.16772,1.16797,1.16821,1.16738,10118
2017-07-21 19:00:00,1.16772,1.16676,1.16779,1.16634,1.16797,1.167,1.16802,1.16657,7655
2017-07-21 20:00:00,1.16676,1.16622,1.16695,1.16591,1.167,1.16658,1.16718,1.1663,9543
2017-07-23 19:00:00,1.16622,1.1664,1.16663,1.16539,1.16658,1.16697,1.16719,1.16641,91
2017-07-23 20:00:00,1.1664,1.16588,1.16658,1.16588,1.16697,1.16692,1.16738,1.16661,93
2017-07-23 21:00:00,1.16588,1.16637,1.16678,1.166,1.16692,1.16711,1.16774,1.16682,891
2017-07-23 22:00:00,1.16637,1.16714,1.16729,1.1663,1.16711,1.16743,1.16758,1.16675,3878
2017-07-23 23:00:00,1.16714,1.16802,1.16807,1.16705,1.16743,1.16825,1.16831,1.1673,4305
2017-07-24 00:00:00,1.16802,1.16698,1.16831,1.16664,1.16825,1.16721,1.16855,1.16688,9278
2017-07-24 01:00:00,1.16698,1.1668,1.16701,1.16621,1.16721,1.16702,1.16725,1.16644,6001
2017-07-24 02:00:00,1.1668,1.16669,1.16691,1.16668,1.16702,1.16693,1.16714,1.16689,3236
2017-07-24 03:00:00,1.16669,1.16706,1.16743,1.16668,1.16693,1.16731,1.16766,1.16691,4256
2017-07-24 04:00:00,1.16706,1.16696,1.1673,1.16683,1.16731,1.16721,1.16754,1.16708,3180
2017-07-24 05:00:00,1.16696,1.16689,1.16741,1.1667,1.16721,1.16713,1.16765,1.16694,4329
2017-07-24 06:00:00,1.16689,1.16446,1.16709,1.16411,1.16713,1.16471,1.16733,1.16435,18994
2017-07-24 07:00:00,1.16446,1.16386,1.16603,1.1629,1.16471,1.16411,1.16627,1.16315,28663
2017-07-24 08:00:00,1.16386,1.16519,1.16532,1.16378,1.16411,1.1654,1.16557,1.16403,18491
2017-07-24 09:00:00,1.16519,1.16558,1.16563,1.16475,1.1654,1.16582,1.16587,1.165,17532
2017-07-24 10:00:00,1.16558,1.16477,1.16588,1.16447,1.16582,1.165,1.16611,1.16469,15383
2017-07-24 11:00:00,1.16477,1.16436,1.16513,1.16411,1.165,1.1646,1.16537,1.16434,12733
2017-07-24 12:00:00,1.16436,1.16546,1.16564,1.16422,1.1646,1.16569,1.16588,1.16444,14765
2017-07-24 13:00:00,1.16546,1.16366,1.16549,1.16322,1.16569,1.16395,1.16573,1.16347,17863
2017-07-24 14:00:00,1.16366,1.16422,1.16494,1.16332,1.16395,1.16447,1.16515,1.16355,18693
2017-07-24 15:00:00,1.16422,1.16413,1.16468,1.1636,1.16447,1.16437,1.16491,1.16382,14991
2017-07-24 16:00:00,1.16413,1.16368,1.16429,1.16245,1.16437,1.16392,1.16453,1.16271,9977
2017-07-24 17:00:00,1.16368,1.16393,1.16398,1.1629,1.16392,1.16417,1.16421,1.16314,7894
2017-07-24 18:00:00,1.16393,1.16421,1.16425,1.1636,1.16417,1.16445,1.16449,1.16383,6543
2017-07-24 19:00:00,1.16421,1.16425,1.16463,1.16414,1.16445,1.16448,1.16487,1.16438,4772
2017-07-24 20:00:00,1.16425,1.16378,1.16426,1.16367,1.16448,1.16424,1.16449,1.16413,2899
2017-07-24 21:00:00,1.16378,1.16358,1.16435,1.16293,1.16424,1.16385,1.16473,1.16351,7591
2017-07-24 22:00:00,1.16358,1.16363,1.16383,1.16339,1.16385,1.16388,1.16407,1.16368,4352
2017-07-24 23:00:00,1.16363,1.16376,1.16393,1.1635,1.16388,1.16398,1.16418,1.16372,2758
2017-07-25 00:00:00,1.16376,1.16365,1.16395,1.16297,1.16398,1.1639,1.16417,1.1632,6391
2017-07-25 01:00:00,1.16365,1.16397,1.16414,1.16337,1.1639,1.1642,1.16439,1.16362,4748
2017-07-25 02:00:00,1.16397,1.16523,1.16559,1.16378,1.1642,1.16547,1.16583,1.16402,6927
2017-07-25 03:00:00,1.16523,1.16553,1.16553,1.16508,1.16547,1.16577,1.16577,1.16531,2706
2017-07-25 04:00:00,1.16553,1.16608,1.16623,1.1655,1.16577,1.16632,1.16648,1.16572,5986
2017-07-25 05:00:00,1.16608,1.16619,1.16619,1.16509,1.16632,1.16644,1.16645,1.16535,3690
2017-07-25 06:00:00,1.16619,1.16602,1.1668,1.16566,1.16644,1.16626,1.16703,1.16589,13525
2017-07-25 07:00:00,1.16602,1.165,1.16609,1.16421,1.16626,1.16526,1.16633,1.16445,21582
2017-07-25 08:00:00,1.165,1.16526,1.16668,1.1648,1.16526,1.1655,1.16691,1.16503,19981
2017-07-25 09:00:00,1.16526,1.16535,1.16573,1.16476,1.1655,1.16558,1.16597,1.165,12551
2017-07-25 10:00:00,1.16535,1.165,1.16552,1.16461,1.16558,1.16523,1.16575,1.16483,12100
2017-07-25 11:00:00,1.165,1.16656,1.16657,1.16488,1.16523,1.1668,1.1668,1.16511,14109
2017-07-25 12:00:00,1.16656,1.16874,1.1698,1.16659,1.1668,1.16899,1.17005,1.1668,27900
2017-07-25 13:00:00,1.16874,1.16945,1.17111,1.16792,1.16899,1.16973,1.17136,1.16816,33628
2017-07-25 14:00:00,1.16945,1.166,1.16958,1.1656,1.16973,1.16624,1.16982,1.16582,28696
2017-07-25 15:00:00,1.166,1.16536,1.16698,1.16445,1.16624,1.1656,1.16721,1.1647,20752
2017-07-25 16:00:00,1.16536,1.16523,1.16574,1.16483,1.1656,1.16546,1.16597,1.16508,11582
2017-07-25 17:00:00,1.16523,1.16568,1.16601,1.1651,1.16546,1.16592,1.16626,1.16533,7063
2017-07-25 18:00:00,1.16568,1.16492,1.16579,1.16438,1.16592,1.16515,1.16602,1.16461,10834
2017-07-25 19:00:00,1.16492,1.16461,1.16522,1.16429,1.16515,1.16485,1.16546,1.16452,9697
2017-07-25 20:00:00,1.16461,1.16442,1.16481,1.16411,1.16485,1.16485,1.16506,1.16435,4638
2017-07-25 21:00:00,1.16442,1.16467,1.16477,1.16441,1.16485,1.16496,1.16523,1.16474,3416
2017-07-25 22:00:00,1.16467,1.1645,1.16474,1.16441,1.16496,1.16474,1.16499,1.16471,2155
2017-07-25 23:00:00,1.1645,1.16432,1.16461,1.16421,1.16474,1.16457,1.16485,1.16446,3374
2017-07-26 00:00:00,1.16432,1.16402,1.16441,1.16368,1.16457,1.16426,1.16465,1.16392,6871
2017-07-26 01:00:00,1.16402,1.16448,1.16464,1.16377,1.16426,1.16472,1.16488,1.16401,7027
2017-07-26 02:00:00,1.16448,1.16512,1.16529,1.16437,1.16472,1.16536,1.16552,1.16461,4560
2017-07-26 03:00:00,1.16512,1.16426,1.16524,1.16407,1.16536,1.16451,1.16548,1.16431,6203
2017-07-26 04:00:00,1.16426,1.16374,1.1648,1.16371,1.16451,1.16399,1.16504,1.16395,4240
2017-07-26 05:00:00,1.16374,1.1638,1.16403,1.16323,1.16399,1.16403,1.16427,1.16347,5047
2017-07-26 06:00:00,1.1638,1.16365,1.16428,1.16194,1.16403,1.1639,1.1645,1.16219,15637
2017-07-26 07:00:00,1.16365,1.16286,1.16445,1.16242,1.1639,1.1631,1.16468,1.16266,18670
2017-07-26 08:00:00,1.16286,1.16221,1.16326,1.16115,1.1631,1.16244,1.1635,1.16139,21663
2017-07-26 09:00:00,1.16221,1.16312,1.16318,1.16177,1.16244,1.16335,1.16342,1.16201,15284
2017-07-26 10:00:00,1.16312,1.16411,1.16504,1.16295,1.16335,1.16435,1.16528,1.16319,18195
2017-07-26 11:00:00,1.16411,1.16417,1.1649,1.16366,1.16435,1.16441,1.16511,1.1639,16578
2017-07-26 12:00:00,1.16417,1.164,1.16472,1.16372,1.16441,1.16424,1.16496,1.16396,15668
2017-07-26 13:00:00,1.164,1.16323,1.16545,1.16305,1.16424,1.16351,1.16569,1.16329,22492
2017-07-26 14:00:00,1.16323,1.16289,1.16381,1.16208,1.16351,1.16313,1.16405,1.1623,22974
2017-07-26 15:00:00,1.16289,1.16311,1.16386,1.1625,1.16313,1.16334,1.1641,1.16275,18351
2017-07-26 16:00:00,1.16311,1.16255,1.16365,1.16243,1.16334,1.16277,1.16389,1.16266,9047
2017-07-26 17:00:00,1.16255,1.16443,1.16524,1.16254,1.16277,1.16506,1.16548,1.16276,16117
2017-07-26 18:00:00,1.16443,1.17031,1.17067,1.16265,1.16506,1.17054,1.17095,1.163,64047
2017-07-26 19:00:00,1.17031,1.17206,1.17388,1.17031,1.17054,1.1723,1.17413,1.17055,38474
2017-07-26 20:00:00,1.17206,1.17324,1.17381,1.17192,1.1723,1.17376,1.1742,1.17216,7231
2017-07-26 21:00:00,1.17324,1.17459,1.17467,1.1731,1.17376,1.17488,1.17499,1.17341,8032
2017-07-26 22:00:00,1.17459,1.17331,1.17466,1.17315,1.17488,1.17358,1.17498,1.17339,5052
2017-07-26 23:00:00,1.17331,1.17303,1.17332,1.17257,1.17358,1.17328,1.1736,1.17279,3891
2017-07-27 00:00:00,1.17303,1.17283,1.17381,1.1724,1.17328,1.17308,1.17406,1.17265,10780
2017-07-27 01:00:00,1.17283,1.17389,1.17414,1.17203,1.17308,1.17414,1.17438,1.17226,9310
2017-07-27 02:00:00,1.17389,1.17449,1.17451,1.1736,1.17414,1.17474,1.17476,1.17384,8720
2017-07-27 03:00:00,1.17449,1.17551,1.17757,1.17411,1.17474,1.17574,1.17782,1.17436,13235
2017-07-27 04:00:00,1.17551,1.1748,1.17612,1.17446,1.17574,1.17503,1.17635,1.17471,9965
2017-07-27 05:00:00,1.1748,1.17381,1.17503,1.17338,1.17503,1.17407,1.17526,1.17362,9488
2017-07-27 06:00:00,1.17381,1.17282,1.17465,1.17261,1.17407,1.17306,1.17489,1.17284,20486
2017-07-27 07:00:00,1.17282,1.17225,1.17326,1.17135,1.17306,1.17248,1.1735,1.17159,25334
2017-07-27 08:00:00,1.17225,1.17272,1.17297,1.1711,1.17248,1.17296,1.1732,1.17133,19236
2017-07-27 09:00:00,1.17272,1.1719,1.17324,1.17164,1.17296,1.17214,1.17348,1.17187,15473
2017-07-27 10:00:00,1.1719,1.17037,1.17202,1.1702,1.17214,1.17061,1.17226,1.17044,17361
2017-07-27 11:00:00,1.17037,1.16919,1.17119,1.16861,1.17061,1.16944,1.17144,1.16885,17862
2017-07-27 12:00:00,1.16919,1.16956,1.17043,1.16884,1.16944,1.16981,1.17066,1.16909,22744
2017-07-27 13:00:00,1.16956,1.17037,1.17039,1.1689,1.16981,1.17061,1.17063,1.16914,22296
2017-07-27 14:00:00,1.17037,1.16644,1.1705,1.16615,1.17061,1.16668,1.17074,1.16637,29882
2017-07-27 15:00:00,1.16644,1.16539,1.16775,1.1653,1.16668,1.16563,1.16797,1.16554,21775
2017-07-27 16:00:00,1.16539,1.16633,1.16678,1.1649,1.16563,1.16657,1.16701,1.16514,15114
2017-07-27 17:00:00,1.16633,1.16735,1.16787,1.16585,1.16657,1.16759,1.1681,1.16608,20315
2017-07-27 18:00:00,1.16735,1.1682,1.16877,1.16639,1.16759,1.16845,1.169,1.16665,22782
2017-07-27 19:00:00,1.1682,1.1675,1.16828,1.16709,1.16845,1.16772,1.16852,1.16732,11448
2017-07-27 20:00:00,1.1675,1.1674,1.16781,1.16697,1.16772,1.16797,1.16806,1.16722,6982
2017-07-27 21:00:00,1.1674,1.16739,1.16777,1.167,1.16797,1.16767,1.16813,1.16756,5256
2017-07-27 22:00:00,1.16739,1.16829,1.16873,1.16738,1.16767,1.16855,1.16899,1.16765,5064
2017-07-27 23:00:00,1.16829,1.16885,1.16903,1.16801,1.16855,1.1691,1.16928,1.16825,2439
2017-07-28 00:00:00,1.16885,1.16748,1.16913,1.167,1.1691,1.16774,1.16936,1.16724,10341
2017-07-28 01:00:00,1.16748,1.16826,1.16833,1.167,1.16774,1.16851,1.16858,1.16725,10361
2017-07-28 02:00:00,1.16826,1.16918,1.16918,1.16793,1.16851,1.16942,1.16942,1.16817,5744
2017-07-28 03:00:00,1.16918,1.16823,1.16928,1.1682,1.16942,1.16847,1.16952,1.16844,5173
2017-07-28 04:00:00,1.16823,1.16841,1.16872,1.16807,1.16847,1.16864,1.16896,1.1683,4452
2017-07-28 05:00:00,1.16841,1.16928,1.16949,1.16841,1.16864,1.16952,1.16974,1.16864,6559
2017-07-28 06:00:00,1.16928,1.1696,1.17001,1.16864,1.16952,1.16985,1.17026,1.16888,14987
2017-07-28 07:00:00,1.1696,1.16955,1.17144,1.16903,1.16985,1.16978,1.17167,1.16925,23590
2017-07-28 08:00:00,1.16955,1.17048,1.17065,1.16953,1.16978,1.17072,1.17089,1.16977,19128
2017-07-28 09:00:00,1.17048,1.1715,1.17168,1.17042,1.17072,1.17174,1.17193,1.17066,16675
2017-07-28 10:00:00,1.1715,1.17058,1.17208,1.17033,1.17174,1.17082,1.17231,1.17056,14991
2017-07-28 11:00:00,1.17058,1.17174,1.17227,1.17033,1.17082,1.172,1.17251,1.17057,14081
2017-07-28 12:00:00,1.17174,1.17151,1.1752,1.17136,1.172,1.17176,1.17547,1.17161,39824
2017-07-28 13:00:00,1.17151,1.17267,1.17317,1.17138,1.17176,1.17297,1.17341,1.17163,29888
2017-07-28 14:00:00,1.17267,1.17462,1.17528,1.17257,1.17297,1.17486,1.17553,1.17282,32364
2017-07-28 15:00:00,1.17462,1.1754,1.1763,1.17403,1.17486,1.17563,1.17653,1.17426,31538
2017-07-28 16:00:00,1.1754,1.17395,1.17552,1.17368,1.17563,1.17418,1.17576,1.17393,10012
2017-07-28 17:00:00,1.17395,1.17459,1.17493,1.17394,1.17418,1.17482,1.17515,1.17418,7924
2017-07-28 18:00:00,1.17459,1.17602,1.17612,1.17421,1.17482,1.17627,1.17637,1.17445,7871
2017-07-28 19:00:00,1.17602,1.17575,1.17612,1.17516,1.17627,1.176,1.17637,1.17541,8400
2017-07-28 20:00:00,1.17575,1.17481,1.17584,1.17459,1.176,1.17513,1.17609,1.17511,5550
2017-07-30 19:00:00,1.17481,1.17443,1.17504,1.17343,1.17513,1.17549,1.17583,1.17409,112
2017-07-30 20:00:00,1.17443,1.17447,1.17447,1.1742,1.17549,1.17523,1.17549,1.1749,51
2017-07-30 21:00:00,1.17447,1.17516,1.17554,1.17447,1.17523,1.17572,1.1761,1.17517,1270
2017-07-30 22:00:00,1.17516,1.17583,1.17603,1.17457,1.17572,1.17611,1.17636,1.17517,11810
2017-07-30 23:00:00,1.17583,1.17458,1.17588,1.17442,1.17611,1.17482,1.17614,1.17467,4112
2017-07-31 00:00:00,1.17458,1.17417,1.1749,1.17333,1.17482,1.17442,1.17581,1.17358,11541
2017-07-31 01:00:00,1.17417,1.17386,1.17449,1.17366,1.17442,1.17409,1.17473,1.1739,7547
2017-07-31 02:00:00,1.17386,1.17342,1.17427,1.17341,1.17409,1.17367,1.1745,1.17365,4614
2017-07-31 03:00:00,1.17342,1.17312,1.17365,1.17304,1.17367,1.17337,1.17389,1.17327,4613
2017-07-31 04:00:00,1.17312,1.17354,1.17356,1.17302,1.17337,1.17377,1.1738,1.17326,2596
2017-07-31 05:00:00,1.17354,1.17446,1.17464,1.17304,1.17377,1.1747,1.17489,1.17327,4574
2017-07-31 06:00:00,1.17446,1.17363,1.17457,1.17233,1.1747,1.17388,1.17483,1.17256,15988
2017-07-31 07:00:00,1.17363,1.17237,1.17373,1.17221,1.17388,1.1726,1.17395,1.17244,16648
2017-07-31 08:00:00,1.17237,1.17313,1.17332,1.17223,1.1726,1.17338,1.17355,1.17246,11700
2017-07-31 09:00:00,1.17313,1.17329,1.17435,1.17265,1.17338,1.17353,1.17458,1.17289,15276
2017-07-31 10:00:00,1.17329,1.17303,1.17365,1.17288,1.17353,1.17328,1.17388,1.17311,9435
2017-07-31 11:00:00,1.17303,1.17266,1.17339,1.17244,1.17328,1.17289,1.17361,1.17267,10693
2017-07-31 12:00:00,1.17266,1.17326,1.17342,1.17221,1.17289,1.17349,1.17365,1.17246,12407
2017-07-31 13:00:00,1.17326,1.17472,1.17504,1.17304,1.17349,1.17501,1.17527,1.17328,16969
2017-07-31 14:00:00,1.17472,1.17882,1.17896,1.1745,1.17501,1.17905,1.17921,1.17474,29257
2017-07-31 15:00:00,1.17882,1.18247,1.18293,1.17826,1.17905,1.18273,1.18318,1.17851,27986
2017-07-31 16:00:00,1.18247,1.18097,1.18312,1.18044,1.18273,1.1812,1.18335,1.18068,19102
2017-07-31 17:00:00,1.18097,1.18129,1.18263,1.1807,1.1812,1.18154,1.18287,1.18094,13273
2017-07-31 18:00:00,1.18129,1.18295,1.18348,1.18119,1.18154,1.18318,1.18367,1.18144,11552
2017-07-31 19:00:00,1.18295,1.18354,1.18439,1.18277,1.18318,1.18377,1.18462,1.18299,12541
2017-07-31 20:00:00,1.18354,1.18403,1.18444,1.18296,1.18377,1.18428,1.18473,1.1832,6600
2017-07-31 21:00:00,1.18403,1.18345,1.18433,1.18342,1.18428,1.18371,1.18464,1.18369,8071
2017-07-31 22:00:00,1.18345,1.18297,1.18355,1.18281,1.18371,1.18322,1.1838,1.18307,4848
2017-07-31 23:00:00,1.18297,1.18197,1.18313,1.18193,1.18322,1.18222,1.18336,1.18217,4956
2017-08-01 00:00:00,1.18197,1.1826,1.18289,1.18185,1.18222,1.18285,1.18312,1.1821,9004
2017-08-01 01:00:00,1.1826,1.18284,1.18296,1.18186,1.18285,1.18307,1.1832,1.1821,7372
2017-08-01 02:00:00,1.18284,1.18267,1.18329,1.18251,1.18307,1.18289,1.18353,1.18275,7646
2017-08-01 03:00:00,1.18267,1.18252,1.18266,1.18218,1.18289,1.18276,1.18289,1.18242,3955
2017-08-01 04:00:00,1.18252,1.18296,1.18328,1.18233,1.18276,1.1832,1.18352,1.18256,7431
2017-08-01 05:00:00,1.18296,1.18191,1.18321,1.18184,1.1832,1.18216,1.18346,1.1821,5585
2017-08-01 06:00:00,1.18191,1.18197,1.18296,1.18102,1.18216,1.18221,1.18322,1.18125,13708
2017-08-01 07:00:00,1.18197,1.18182,1.18217,1.181,1.18221,1.18205,1.18241,1.18124,14650
2017-08-01 08:00:00,1.18182,1.18202,1.18321,1.18141,1.18205,1.18228,1.18346,1.18164,17544
2017-08-01 09:00:00,1.18202,1.18133,1.18228,1.1806,1.18228,1.18156,1.18255,1.18084,15560
2017-08-01 10:00:00,1.18133,1.18107,1.18167,1.18037,1.18156,1.18131,1.1819,1.18059,10435
2017-08-01 11:00:00,1.18107,1.18093,1.18215,1.18081,1.18131,1.18117,1.1824,1.18105,11977
2017-08-01 12:00:00,1.18093,1.18163,1.18184,1.18052,1.18117,1.18187,1.18209,1.18073,21105
2017-08-01 13:00:00,1.18163,1.18223,1.18279,1.18059,1.18187,1.18274,1.18304,1.18082,21125
2017-08-01 14:00:00,1.18223,1.18086,1.18381,1.17839,1.18274,1.1811,1.18405,1.17864,42253
2017-08-01 15:00:00,1.18086,1.17973,1.1813,1.17905,1.1811,1.17996,1.18154,1.17928,21528
2017-08-01 16:00:00,1.17973,1.18035,1.18046,1.17954,1.17996,1.18058,1.1807,1.17978,7820
2017-08-01 17:00:00,1.18035,1.18159,1.18365,1.18033,1.18058,1.18184,1.18382,1.18056,15725
2017-08-01 18:00:00,1.18159,1.18021,1.18187,1.17975,1.18184,1.18046,1.18211,1.17999,9487
2017-08-01 19:00:00,1.18021,1.17992,1.1804,1.17977,1.18046,1.18016,1.18064,1.18001,7293
2017-08-01 20:00:00,1.17992,1.18009,1.18021,1.17979,1.18016,1.18033,1.18049,1.18003,4023
2017-08-01 21:00:00,1.18009,1.18044,1.18066,1.17959,1.18033,1.18076,1.18122,1.1802,5044
2017-08-01 22:00:00,1.18044,1.18044,1.1812,1.18034,1.18076,1.18069,1.18144,1.18058,4389
2017-08-01 23:00:00,1.18044,1.18103,1.18119,1.18014,1.18069,1.18126,1.1814,1.18038,4317
2017-08-02 00:00:00,1.18103,1.1812,1.18165,1.18054,1.18126,1.18145,1.1819,1.18078,6268
2017-08-02 01:00:00,1.1812,1.17991,1.18131,1.17924,1.18145,1.18016,1.18156,1.1795,6714
2017-08-02 02:00:00,1.17991,1.18069,1.18079,1.17961,1.18016,1.18094,1.18103,1.17989,6840
2017-08-02 03:00:00,1.18069,1.18099,1.1816,1.18025,1.18094,1.18123,1.18183,1.18047,6222
2017-08-02 04:00:00,1.18099,1.18239,1.18277,1.18092,1.18123,1.18263,1.183,1.18115,11166
2017-08-02 05:00:00,1.18239,1.18224,1.1829,1.182,1.18263,1.18248,1.18314,1.18222,5058
2017-08-02 06:00:00,1.18224,1.18384,1.1843,1.1816,1.18248,1.18409,1.18455,1.18184,12614
2017-08-02 07:00:00,1.18384,1.18325,1.18397,1.18236,1.18409,1.18346,1.18422,1.18259,15155
2017-08-02 08:00:00,1.18325,1.18533,1.18675,1.18293,1.18346,1.18558,1.18698,1.18317,25184
2017-08-02 09:00:00,1.18533,1.18366,1.1858,1.18364,1.18558,1.1839,1.18603,1.18388,17204
2017-08-02 10:00:00,1.18366,1.18315,1.18371,1.1829,1.1839,1.18339,1.18395,1.18313,9624
2017-08-02 11:00:00,1.18315,1.1826,1.18365,1.18207,1.18339,1.18283,1.18388,1.18232,11240
2017-08-02 12:00:00,1.1826,1.18236,1.18375,1.1817,1.18283,1.18259,1.18398,1.18198,25798
2017-08-02 13:00:00,1.18236,1.18319,1.1833,1.18219,1.18259,1.18343,1.18354,1.18241,18595
2017-08-02 14:00:00,1.18319,1.18555,1.18569,1.18242,1.18343,1.18579,1.18595,1.18266,30671
2017-08-02 15:00:00,1.18555,1.18594,1.18702,1.18538,1.18579,1.18619,1.18727,1.18562,20541
2017-08-02 16:00:00,1.18594,1.18667,1.18699,1.1859,1.18619,1.18691,1.18723,1.18615,9960
2017-08-02 17:00:00,1.18667,1.18821,1.19092,1.18664,1.18691,1.18844,1.19121,1.18689,19630
2017-08-02 18:00:00,1.18821,1.18585,1.18823,1.18555,1.18844,1.18609,1.18847,1.18578,11792
2017-08-02 19:00:00,1.18585,1.18528,1.18599,1.18489,1.18609,1.18552,1.18623,1.18512,7459
2017-08-02 20:00:00,1.18528,1.18546,1.18566,1.18518,1.18552,1.18583,1.18589,1.18543,4338
2017-08-02 21:00:00,1.18546,1.18539,1.18592,1.18519,1.18583,1.18565,1.18624,1.18557,2956
2017-08-02 22:00:00,1.18539,1.18501,1.18571,1.18487,1.18565,1.18526,1.18596,1.18515,6606
2017-08-02 23:00:00,1.18501,1.18501,1.18521,1.18447,1.18526,1.18526,1.18545,1.1847,4093
2017-08-03 00:00:00,1.18501,1.18348,1.18509,1.18346,1.18526,1.18371,1.18534,1.18369,6289
2017-08-03 01:00:00,1.18348,1.18356,1.18463,1.18346,1.18371,1.18381,1.18485,1.18371,7169
2017-08-03 02:00:00,1.18356,1.18423,1.18427,1.1833,1.18381,1.18447,1.18451,1.18355,6929
2017-08-03 03:00:00,1.18423,1.18404,1.18477,1.18403,1.18447,1.18427,1.18501,1.18426,4328
2017-08-03 04:00:00,1.18404,1.18452,1.18468,1.18403,1.18427,1.18477,1.18492,1.18427,3035
2017-08-03 05:00:00,1.18452,1.18432,1.18558,1.18427,1.18477,1.18457,1.18583,1.18451,5475
2017-08-03 06:00:00,1.18432,1.18502,1.18524,1.18366,1.18457,1.18527,1.18547,1.1839,12185
2017-08-03 07:00:00,1.18502,1.18401,1.18557,1.1836,1.18527,1.18424,1.18583,1.18383,13449
2017-08-03 08:00:00,1.18401,1.1842,1.18423,1.18294,1.18424,1.18445,1.18446,1.18317,15298
2017-08-03 09:00:00,1.1842,1.18441,1.18494,1.18403,1.18445,1.18466,1.18518,1.18426,11849
2017-08-03 10:00:00,1.18441,1.18364,1.18464,1.18324,1.18466,1.1839,1.18488,1.18349,8637
2017-08-03 11:00:00,1.18364,1.18521,1.18575,1.18324,1.1839,1.18545,1.18597,1.1835,29438
2017-08-03 12:00:00,1.18521,1.18583,1.1873,1.18468,1.18545,1.18607,1.18756,1.18492,25395
2017-08-03 13:00:00,1.18583,1.18486,1.18583,1.18418,1.18607,1.18524,1.18607,1.18442,17235
2017-08-03 14:00:00,1.18486,1.18775,1.18919,1.18444,1.18524,1.188,1.18944,1.18464,36191
2017-08-03 15:00:00,1.18775,1.1878,1.18877,1.18723,1.188,1.18804,1.18902,1.18747,20020
2017-08-03 16:00:00,1.1878,1.1868,1.18831,1.18663,1.18804,1.18703,1.18855,1.18688,11031
2017-08-03 17:00:00,1.1868,1.18706,1.18709,1.18594,1.18703,1.1873,1.18732,1.18619,8340
2017-08-03 18:00:00,1.18706,1.18662,1.18766,1.18629,1.1873,1.18686,1.1879,1.18652,8387
2017-08-03 19:00:00,1.18662,1.18741,1.18877,1.1861,1.18686,1.18765,1.18901,1.18635,15989
2017-08-03 20:00:00,1.18741,1.18667,1.18803,1.18657,1.18765,1.18701,1.18823,1.18685,4587
2017-08-03 21:00:00,1.18667,1.18695,1.18723,1.18664,1.18701,1.18718,1.18755,1.18705,4402
2017-08-03 22:00:00,1.18695,1.18762,1.18793,1.18694,1.18718,1.18787,1.18819,1.18717,3258
2017-08-03 23:00:00,1.18762,1.18812,1.18844,1.18735,1.18787,1.18836,1.18868,1.18759,4305
2017-08-04 00:00:00,1.18812,1.18756,1.18845,1.18749,1.18836,1.1878,1.18869,1.18772,5751
2017-08-04 01:00:00,1.18756,1.18757,1.18782,1.187,1.1878,1.18781,1.18806,1.18723,6615
2017-08-04 02:00:00,1.18757,1.18736,1.18787,1.18708,1.18781,1.18761,1.18811,1.18732,5243
2017-08-04 03:00:00,1.18736,1.18784,1.18784,1.1873,1.18761,1.18807,1.18807,1.18754,3321
2017-08-04 04:00:00,1.18784,1.18785,1.18874,1.18763,1.18807,1.1881,1.18898,1.18787,5536
2017-08-04 05:00:00,1.18785,1.18829,1.18857,1.18766,1.1881,1.18856,1.18881,1.18788,4734
2017-08-04 06:00:00,1.18829,1.18839,1.18843,1.18727,1.18856,1.18863,1.18866,1.18753,8147
2017-08-04 07:00:00,1.18839,1.1881,1.18882,1.18749,1.18863,1.18835,1.18905,1.18773,13207
2017-08-04 08:00:00,1.1881,1.18811,1.18869,1.18794,1.18835,1.18834,1.18892,1.18817,7956
2017-08-04 09:00:00,1.18811,1.18811,1.18839,1.18763,1.18834,1.18835,1.18863,1.18786,8073
2017-08-04 10:00:00,1.18811,1.18691,1.1882,1.1869,1.18835,1.18715,1.18842,1.18712,8044
2017-08-04 11:00:00,1.18691,1.18757,1.18757,1.1862,1.18715,1.18781,1.18781,1.18643,10209
2017-08-04 12:00:00,1.18757,1.18288,1.18758,1.1824,1.18781,1.18312,1.18782,1.18264,51807
2017-08-04 13:00:00,1.18288,1.17923,1.18446,1.17902,1.18312,1.17946,1.18471,1.17927,35372
2017-08-04 14:00:00,1.17923,1.17488,1.17923,1.1727,1.17946,1.17512,1.17948,1.17295,50258
2017-08-04 15:00:00,1.17488,1.17523,1.17636,1.1744,1.17512,1.17547,1.1766,1.17464,19576
2017-08-04 16:00:00,1.17523,1.17529,1.17576,1.17352,1.17547,1.17553,1.17598,1.17376,13353
2017-08-04 17:00:00,1.17529,1.17533,1.17629,1.17488,1.17553,1.17557,1.17652,1.17512,10214
2017-08-04 18:00:00,1.17533,1.17629,1.17662,1.17505,1.17557,1.17654,1.17685,1.17529,8745
2017-08-04 19:00:00,1.17629,1.17797,1.17805,1.17629,1.17654,1.17819,1.17828,1.17655,9570
2017-08-04 20:00:00,1.17797,1.1772,1.1782,1.17675,1.17819,1.17757,1.17843,1.17709,5355
2017-08-06 19:00:00,1.1772,1.1771,1.17786,1.17677,1.17757,1.17792,1.17871,1.17734,193
2017-08-06 20:00:00,1.1771,1.17701,1.17726,1.17698,1.17792,1.17768,1.17775,1.17741,205
2017-08-06 21:00:00,1.17701,1.17734,1.17741,1.17692,1.17768,1.1777,1.17798,1.17738,1084
2017-08-06 22:00:00,1.17734,1.1785,1.1792,1.17692,1.1777,1.17877,1.17954,1.17725,8836
2017-08-06 23:00:00,1.1785,1.17759,1.17907,1.17756,1.17877,1.17784,1.17937,1.17781,6042
2017-08-07 00:00:00,1.17759,1.17848,1.17914,1.17756,1.17784,1.17872,1.17938,1.1778,9365
2017-08-07 01:00:00,1.17848,1.17917,1.17921,1.17831,1.17872,1.17941,1.17944,1.17855,7591
2017-08-07 02:00:00,1.17917,1.17924,1.17991,1.17904,1.17941,1.17948,1.18016,1.17928,4616
2017-08-07 03:00:00,1.17924,1.17974,1.18008,1.17919,1.17948,1.17999,1.18032,1.17942,3152
2017-08-07 04:00:00,1.17974,1.17939,1.17994,1.17939,1.17999,1.17962,1.18018,1.17962,2539
2017-08-07 05:00:00,1.17939,1.17836,1.17955,1.17828,1.17962,1.17861,1.17979,1.17852,3632
2017-08-07 06:00:00,1.17836,1.17841,1.1792,1.17799,1.17861,1.17863,1.17941,1.17823,10433
2017-08-07 07:00:00,1.17841,1.18089,1.1813,1.17769,1.17863,1.18111,1.18155,1.17793,20048
2017-08-07 08:00:00,1.18089,1.17972,1.18109,1.1795,1.18111,1.17996,1.18132,1.17973,14871
2017-08-07 09:00:00,1.17972,1.18012,1.18042,1.17887,1.17996,1.18036,1.18066,1.17911,11095
2017-08-07 10:00:00,1.18012,1.17969,1.18041,1.17936,1.18036,1.17992,1.18061,1.17961,9212
2017-08-07 11:00:00,1.17969,1.18013,1.18073,1.17929,1.17992,1.18036,1.18097,1.17951,12444
2017-08-07 12:00:00,1.18013,1.17855,1.18035,1.17851,1.18036,1.17878,1.18058,1.17874,14481
2017-08-07 13:00:00,1.17855,1.17908,1.17933,1.17818,1.17878,1.17932,1.17957,1.17841,14515
2017-08-07 14:00:00,1.17908,1.17934,1.17973,1.17818,1.17932,1.17958,1.17998,1.17842,16384
2017-08-07 15:00:00,1.17934,1.17862,1.1795,1.17846,1.17958,1.17886,1.17974,1.1787,9520
2017-08-07 16:00:00,1.17862,1.17875,1.17894,1.17802,1.17886,1.17899,1.17917,1.17826,4943
2017-08-07 17:00:00,1.17875,1.17902,1.17954,1.17875,1.17899,1.17926,1.17977,1.17898,5669
2017-08-07 18:00:00,1.17902,1.17932,1.17941,1.17863,1.17926,1.17957,1.17965,1.17885,5273
2017-08-07 19:00:00,1.17932,1.17928,1.17956,1.17878,1.17957,1.17953,1.1798,1.17902,6201
2017-08-07 20:00:00,1.17928,1.17928,1.17959,1.1791,1.17953,1.17969,1.17982,1.17934,3064
2017-08-07 21:00:00,1.17928,1.17942,1.17969,1.17883,1.17969,1.17965,1.18004,1.17941,10440
2017-08-07 22:00:00,1.17942,1.1791,1.18001,1.17901,1.17965,1.17934,1.18024,1.17925,4984
2017-08-07 23:00:00,1.1791,1.17986,1.18006,1.1791,1.17934,1.18009,1.1803,1.17934,2315
2017-08-08 00:00:00,1.17986,1.18012,1.18041,1.1797,1.18009,1.18037,1.18063,1.17993,4276
2017-08-08 01:00:00,1.18012,1.18151,1.18229,1.1801,1.18037,1.18173,1.18252,1.18034,9360
2017-08-08 02:00:00,1.18151,1.18121,1.18164,1.18055,1.18173,1.18144,1.18188,1.1808,5639
2017-08-08 03:00:00,1.18121,1.1806,1.18152,1.18054,1.18144,1.18084,1.18175,1.18079,4096
2017-08-08 04:00:00,1.1806,1.18104,1.18143,1.1806,1.18084,1.18127,1.18166,1.18083,3652
2017-08-08 05:00:00,1.18104,1.18071,1.18141,1.18038,1.18127,1.18095,1.18165,1.18061,4476
2017-08-08 06:00:00,1.18071,1.18041,1.18119,1.18007,1.18095,1.18065,1.18143,1.1803,9142
2017-08-08 07:00:00,1.18041,1.18062,1.1817,1.18015,1.18065,1.18086,1.18194,1.18039,11854
2017-08-08 08:00:00,1.18062,1.1807,1.18145,1.18044,1.18086,1.18094,1.1817,1.18067,8507
2017-08-08 09:00:00,1.1807,1.18095,1.18133,1.18054,1.18094,1.1812,1.18156,1.18078,7978
2017-08-08 10:00:00,1.18095,1.18144,1.18173,1.18064,1.1812,1.18169,1.18198,1.18089,8637
2017-08-08 11:00:00,1.18144,1.18075,1.18159,1.18044,1.18169,1.18098,1.18182,1.18068,9401
2017-08-08 12:00:00,1.18075,1.18135,1.18165,1.18058,1.18098,1.1816,1.18188,1.18081,12068
2017-08-08 13:00:00,1.18135,1.1809,1.18149,1.18055,1.1816,1.18114,1.18172,1.18079,12601
2017-08-08 14:00:00,1.1809,1.17374,1.18111,1.17312,1.18114,1.17396,1.18135,1.17336,40039
2017-08-08 15:00:00,1.17374,1.17232,1.17499,1.17139,1.17396,1.17255,1.17521,1.17165,22990
2017-08-08 16:00:00,1.17232,1.17513,1.17531,1.17201,1.17255,1.17536,1.17554,1.17225,16881
2017-08-08 17:00:00,1.17513,1.17625,1.17686,1.17492,1.17536,1.17649,1.17711,1.17513,13243
2017-08-08 18:00:00,1.17625,1.1751,1.1763,1.17496,1.17649,1.17534,1.17655,1.1752,8252
2017-08-08 19:00:00,1.1751,1.17481,1.17521,1.17391,1.17534,1.17504,1.17544,1.17415,12736
2017-08-08 20:00:00,1.17481,1.17513,1.1758,1.17458,1.17504,1.17549,1.17604,1.17482,6161
2017-08-08 21:00:00,1.17513,1.17485,1.17539,1.17435,1.17549,1.17512,1.17606,1.17478,7552
2017-08-08 22:00:00,1.17485,1.17581,1.1761,1.17423,1.17512,1.17606,1.17636,1.17454,6539
2017-08-08 23:00:00,1.17581,1.17531,1.17628,1.17512,1.17606,1.17555,1.17652,1.17535,4130
2017-08-09 00:00:00,1.17531,1.17422,1.17542,1.17324,1.17555,1.17446,1.17566,1.17348,12557
2017-08-09 01:00:00,1.17422,1.17347,1.17482,1.1728,1.17446,1.17371,1.17507,1.17304,10738
2017-08-09 02:00:00,1.17347,1.17332,1.174,1.17176,1.17371,1.17357,1.17424,1.17198,11551
2017-08-09 03:00:00,1.17332,1.1732,1.17351,1.17269,1.17357,1.17344,1.17373,1.17293,6415
2017-08-09 04:00:00,1.1732,1.17364,1.17386,1.17314,1.17344,1.17388,1.1741,1.17338,4297
2017-08-09 05:00:00,1.17364,1.17398,1.17437,1.17348,1.17388,1.17422,1.17462,1.1737,5026
2017-08-09 06:00:00,1.17398,1.17439,1.17538,1.17339,1.17422,1.17463,1.17563,1.17363,15186
2017-08-09 07:00:00,1.17439,1.17416,1.1761,1.17349,1.17463,1.1744,1.17633,1.17372,21365
2017-08-09 08:00:00,1.17416,1.17308,1.17419,1.1721,1.1744,1.17332,1.17443,1.17233,21318
2017-08-09 09:00:00,1.17308,1.17391,1.1752,1.17286,1.17332,1.17415,1.17543,1.1731,16841
2017-08-09 10:00:00,1.17391,1.17352,1.17508,1.17315,1.17415,1.17376,1.17531,1.17341,12533
2017-08-09 11:00:00,1.17352,1.17382,1.17407,1.17307,1.17376,1.17406,1.17431,1.17331,13106
2017-08-09 12:00:00,1.17382,1.17438,1.17462,1.17245,1.17406,1.17463,1.17487,1.17269,29013
2017-08-09 13:00:00,1.17438,1.17105,1.1745,1.16876,1.17463,1.1713,1.17473,1.16903,37692
2017-08-09 14:00:00,1.17105,1.17422,1.17485,1.17074,1.1713,1.17445,1.17509,1.17099,32091
2017-08-09 15:00:00,1.17422,1.17469,1.17475,1.1729,1.17445,1.17493,1.17498,1.17314,15027
2017-08-09 16:00:00,1.17469,1.17433,1.17485,1.17347,1.17493,1.17457,1.1751,1.17369,8849
2017-08-09 17:00:00,1.17433,1.17511,1.17577,1.17385,1.17457,1.17535,1.17601,1.17409,11295
2017-08-09 18:00:00,1.17511,1.17508,1.17607,1.17492,1.17535,1.17532,1.1763,1.17515,9223
2017-08-09 19:00:00,1.17508,1.17548,1.17553,1.17485,1.17532,1.17571,1.17577,1.17508,6217
2017-08-09 20:00:00,1.17548,1.17559,1.17598,1.17523,1.17571,1.17593,1.17622,1.17547,4795
2017-08-09 21:00:00,1.17559,1.17585,1.17598,1.17542,1.17593,1.17611,1.1763,1.17577,5442
2017-08-09 22:00:00,1.17585,1.17613,1.1769,1.17549,1.17611,1.17639,1.17719,1.17577,4488
2017-08-09 23:00:00,1.17613,1.1762,1.17623,1.17566,1.17639,1.17644,1.17647,1.1759,2664
2017-08-10 00:00:00,1.1762,1.1756,1.17626,1.17504,1.17644,1.17584,1.1765,1.17527,8934
2017-08-10 01:00:00,1.1756,1.17525,1.17613,1.17466,1.17584,1.17549,1.17636,1.17489,8367
2017-08-10 02:00:00,1.17525,1.17471,1.17539,1.17403,1.17549,1.17495,1.17562,1.17426,6214
2017-08-10 03:00:00,1.17471,1.17375,1.17477,1.17318,1.17495,1.17399,1.17501,1.17343,5882
2017-08-10 04:00:00,1.17375,1.17348,1.17383,1.1731,1.17399,1.17372,1.17406,1.17334,5067
2017-08-10 05:00:00,1.17348,1.17328,1.17377,1.17255,1.17372,1.17352,1.17401,1.17279,7242
2017-08-10 06:00:00,1.17328,1.17305,1.17397,1.1729,1.17352,1.1733,1.17421,1.17311,10769
2017-08-10 07:00:00,1.17305,1.17193,1.17346,1.17144,1.1733,1.17218,1.1737,1.17168,19301
2017-08-10 08:00:00,1.17193,1.17217,1.17342,1.17186,1.17218,1.17242,1.17363,1.17209,14227
2017-08-10 09:00:00,1.17217,1.17103,1.1722,1.17069,1.17242,1.17127,1.17244,1.17092,14627
2017-08-10 10:00:00,1.17103,1.17227,1.17243,1.1703,1.17127,1.17251,1.17266,1.17054,12903
2017-08-10 11:00:00,1.17227,1.17242,1.17244,1.17121,1.17251,1.17265,1.17266,1.17145,12328
2017-08-10 12:00:00,1.17242,1.17402,1.17471,1.17234,1.17265,1.17427,1.17497,1.17258,26228
2017-08-10 13:00:00,1.17402,1.17351,1.17478,1.17293,1.17427,1.17375,1.17503,1.17317,25535
2017-08-10 14:00:00,1.17351,1.17484,1.1758,1.17165,1.17375,1.17507,1.17604,1.17189,38797
2017-08-10 15:00:00,1.17484,1.17497,1.17566,1.17397,1.17507,1.1752,1.17589,1.17421,19422
2017-08-10 16:00:00,1.17497,1.17554,1.1761,1.17474,1.1752,1.17578,1.17633,1.17497,15233
2017-08-10 17:00:00,1.17554,1.17545,1.17589,1.17506,1.17578,1.17568,1.17614,1.17529,10584
2017-08-10 18:00:00,1.17545,1.17689,1.17744,1.17514,1.17568,1.1771,1.17775,1.17538,10636
2017-08-10 19:00:00,1.17689,1.17724,1.17844,1.17684,1.1771,1.17748,1.17865,1.17706,14012
2017-08-10 20:00:00,1.17724,1.17714,1.17785,1.17705,1.17748,1.17746,1.17809,1.17727,5419
2017-08-10 21:00:00,1.17714,1.17704,1.1772,1.17658,1.17746,1.17732,1.17778,1.17689,8798
2017-08-10 22:00:00,1.17704,1.17646,1.17705,1.1764,1.17732,1.17668,1.17733,1.17665,3697
2017-08-10 23:00:00,1.17646,1.1769,1.17695,1.17625,1.17668,1.17713,1.17719,1.1765,2376
2017-08-11 00:00:00,1.1769,1.1771,1.17757,1.17666,1.17713,1.17734,1.1778,1.17691,5023
2017-08-11 01:00:00,1.1771,1.17689,1.17747,1.1764,1.17734,1.17711,1.1777,1.17664,7691
2017-08-11 02:00:00,1.17689,1.17676,1.17691,1.17604,1.17711,1.177,1.17715,1.17627,5882
2017-08-11 03:00:00,1.17676,1.17741,1.17746,1.17657,1.177,1.17765,1.17771,1.1768,5416
2017-08-11 04:00:00,1.17741,1.17734,1.17752,1.17708,1.17765,1.17759,1.17777,1.17731,4309
2017-08-11 05:00:00,1.17734,1.17632,1.17781,1.17629,1.17759,1.17656,1.17806,1.17653,6991
2017-08-11 06:00:00,1.17632,1.17583,1.17681,1.1754,1.17656,1.17607,1.17705,1.17562,13285
2017-08-11 07:00:00,1.17583,1.17521,1.17602,1.17486,1.17607,1.17546,1.17626,1.17509,14067
2017-08-11 08:00:00,1.17521,1.17543,1.17638,1.17497,1.17546,1.17568,1.17662,1.17521,11687
2017-08-11 09:00:00,1.17543,1.17569,1.17571,1.17476,1.17568,1.17594,1.17595,1.17496,8251
2017-08-11 10:00:00,1.17569,1.17588,1.17729,1.17543,1.17594,1.1761,1.17752,1.17566,10275
2017-08-11 11:00:00,1.17588,1.17575,1.17716,1.17566,1.1761,1.176,1.17738,1.17589,10061
2017-08-11 12:00:00,1.17575,1.18151,1.18342,1.17528,1.176,1.18176,1.18367,1.1755,48444
2017-08-11 13:00:00,1.18151,1.17971,1.18289,1.17758,1.18176,1.17995,1.18313,1.17783,41837
2017-08-11 14:00:00,1.17971,1.17913,1.18088,1.17854,1.17995,1.17938,1.18112,1.17878,24403
2017-08-11 15:00:00,1.17913,1.18092,1.18097,1.1785,1.17938,1.18116,1.1812,1.17873,18414
2017-08-11 16:00:00,1.18092,1.18193,1.18209,1.18044,1.18116,1.18217,1.18233,1.18068,15130
2017-08-11 17:00:00,1.18193,1.18361,1.18465,1.18193,1.18217,1.18384,1.18491,1.18218,18468
2017-08-11 18:00:00,1.18361,1.18223,1.18381,1.18193,1.18384,1.18247,1.18404,1.18215,11960
2017-08-11 19:00:00,1.18223,1.18237,1.18281,1.18191,1.18247,1.18261,1.18304,1.18214,8894
2017-08-11 20:00:00,1.18237,1.18199,1.18242,1.18169,1.18261,1.18233,1.18265,1.18231,3917
2017-08-13 19:00:00,1.18199,1.18174,1.18211,1.18101,1.18233,1.18257,1.18281,1.18165,97
2017-08-13 20:00:00,1.18174,1.18138,1.18243,1.18127,1.18257,1.18248,1.18314,1.18209,148
2017-08-13 21:00:00,1.18138,1.18217,1.18262,1.18168,1.18248,1.18271,1.18345,1.18228,1345
2017-08-13 22:00:00,1.18217,1.18204,1.18233,1.18176,1.18271,1.18229,1.18269,1.18203,3389
2017-08-13 23:00:00,1.18204,1.18242,1.18255,1.1818,1.18229,1.18265,1.18278,1.18201,3188
2017-08-14 00:00:00,1.18242,1.18179,1.18281,1.18174,1.18265,1.18203,1.18306,1.18196,9487
2017-08-14 01:00:00,1.18179,1.18283,1.18336,1.18157,1.18203,1.18307,1.1836,1.18181,6854
2017-08-14 02:00:00,1.18283,1.18263,1.18327,1.18259,1.18307,1.18286,1.18351,1.18282,4818
2017-08-14 03:00:00,1.18263,1.18258,1.18304,1.18237,1.18286,1.1828,1.18328,1.18261,3829
2017-08-14 04:00:00,1.18258,1.18173,1.18263,1.18166,1.1828,1.18197,1.18287,1.18189,4915
2017-08-14 05:00:00,1.18173,1.18184,1.18202,1.18085,1.18197,1.1821,1.18229,1.18109,6656
2017-08-14 06:00:00,1.18184,1.18296,1.18317,1.1809,1.1821,1.18319,1.1834,1.18114,13123
2017-08-14 07:00:00,1.18296,1.18068,1.18375,1.17994,1.18319,1.18093,1.18397,1.18017,18325
2017-08-14 08:00:00,1.18068,1.18025,1.18086,1.17909,1.18093,1.1805,1.18109,1.17933,15472
2017-08-14 09:00:00,1.18025,1.1797,1.18062,1.17957,1.1805,1.17994,1.18085,1.17981,12079
2017-08-14 10:00:00,1.1797,1.17979,1.18031,1.17902,1.17994,1.18004,1.18054,1.17926,10168
2017-08-14 11:00:00,1.17979,1.17912,1.17988,1.17861,1.18004,1.17935,1.18009,1.17884,11363
2017-08-14 12:00:00,1.17912,1.17944,1.17988,1.17902,1.17935,1.17967,1.18013,1.17926,15084
2017-08-14 13:00:00,1.17944,1.17899,1.18008,1.17836,1.17967,1.17924,1.18032,1.17859,17538
2017-08-14 14:00:00,1.17899,1.17811,1.179,1.17687,1.17924,1.17835,1.17924,1.1771,22387
2017-08-14 15:00:00,1.17811,1.17849,1.17868,1.17734,1.17835,1.17873,1.17891,1.17757,12677
2017-08-14 16:00:00,1.17849,1.17921,1.17949,1.17741,1.17873,1.17943,1.17973,1.17764,8061
2017-08-14 17:00:00,1.17921,1.17723,1.1794,1.17709,1.17943,1.17747,1.17963,1.17732,9307
2017-08-14 18:00:00,1.17723,1.1782,1.17851,1.1772,1.17747,1.17844,1.17874,1.17743,9346
2017-08-14 19:00:00,1.1782,1.17837,1.17878,1.17804,1.17844,1.17861,1.17899,1.17827,5900
2017-08-14 20:00:00,1.17837,1.17777,1.17872,1.17767,1.17861,1.1782,1.17896,1.17793,5126
2017-08-14 21:00:00,1.17777,1.17749,1.17791,1.17725,1.1782,1.17776,1.17836,1.17768,6803
2017-08-14 22:00:00,1.17749,1.17772,1.17793,1.17741,1.17776,1.17796,1.1782,1.17766,2509
2017-08-14 23:00:00,1.17772,1.17745,1.17794,1.17672,1.17796,1.17769,1.17813,1.17697,2603
2017-08-15 00:00:00,1.17745,1.17801,1.17885,1.1774,1.17769,1.17825,1.17909,1.17764,8731
2017-08-15 01:00:00,1.17801,1.17841,1.17915,1.178,1.17825,1.17866,1.17938,1.17824,7516
2017-08-15 02:00:00,1.17841,1.17818,1.1785,1.17804,1.17866,1.17842,1.17872,1.17828,3908
2017-08-15 03:00:00,1.17818,1.1781,1.17832,1.17789,1.17842,1.17831,1.17852,1.17813,2368
2017-08-15 04:00:00,1.1781,1.17763,1.17854,1.17756,1.17831,1.17784,1.17875,1.17781,4435
2017-08-15 05:00:00,1.17763,1.17594,1.17785,1.17587,1.17784,1.1762,1.17809,1.17614,7720
2017-08-15 06:00:00,1.17594,1.17419,1.1763,1.17347,1.1762,1.17444,1.17654,1.1737,18253
2017-08-15 07:00:00,1.17419,1.17452,1.17461,1.17195,1.17444,1.17476,1.17486,1.1722,20702
2017-08-15 08:00:00,1.17452,1.17553,1.1768,1.1743,1.17476,1.17575,1.17706,1.17452,17945
2017-08-15 09:00:00,1.17553,1.17486,1.17625,1.17484,1.17575,1.1751,1.17648,1.17508,14238
2017-08-15 10:00:00,1.17486,1.17487,1.17513,1.17378,1.1751,1.17511,1.17536,1.174,12184
2017-08-15 11:00:00,1.17487,1.17383,1.17565,1.17328,1.17511,1.17408,1.17589,1.17351,15280
2017-08-15 12:00:00,1.17383,1.16908,1.17438,1.1686,1.17408,1.16931,1.17462,1.16884,41014
2017-08-15 13:00:00,1.16908,1.17061,1.17233,1.16889,1.16931,1.17086,1.17257,1.16914,26239
2017-08-15 14:00:00,1.17061,1.17176,1.17183,1.16997,1.17086,1.172,1.17207,1.17022,22297
2017-08-15 15:00:00,1.17176,1.17349,1.17378,1.17133,1.172,1.17373,1.17402,1.17156,17516
2017-08-15 16:00:00,1.17349,1.1736,1.17371,1.17283,1.17373,1.17385,1.17394,1.17307,8924
2017-08-15 17:00:00,1.1736,1.17373,1.17421,1.17355,1.17385,1.17398,1.17446,1.17377,8442
2017-08-15 18:00:00,1.17373,1.17328,1.17378,1.1726,1.17398,1.17352,1.17401,1.17283,8281
2017-08-15 19:00:00,1.17328,1.17382,1.17393,1.17315,1.17352,1.17407,1.17417,1.17338,6689
2017-08-15 20:00:00,1.17382,1.17328,1.17388,1.17309,1.17407,1.17364,1.17412,1.17335,3795
2017-08-15 21:00:00,1.17328,1.17336,1.17362,1.17322,1.17364,1.17367,1.17397,1.17354,4844
2017-08-15 22:00:00,1.17336,1.17363,1.1738,1.17281,1.17367,1.17387,1.17403,1.17308,3184
2017-08-15 23:00:00,1.17363,1.17393,1.17424,1.17358,1.17387,1.17416,1.17447,1.1738,2489
2017-08-16 00:00:00,1.17393,1.17368,1.17444,1.17351,1.17416,1.17392,1.17469,1.17375,6177
2017-08-16 01:00:00,1.17368,1.17377,1.17409,1.17331,1.17392,1.174,1.17433,1.17354,8604
2017-08-16 02:00:00,1.17377,1.17353,1.17405,1.17349,1.174,1.17377,1.17429,1.17371,6325
2017-08-16 03:00:00,1.17353,1.17383,1.17391,1.17348,1.17377,1.17407,1.17415,1.17371,3831
2017-08-16 04:00:00,1.17383,1.17414,1.17424,1.17368,1.17407,1.17438,1.17448,1.17392,3859
2017-08-16 05:00:00,1.17414,1.17403,1.17465,1.17362,1.17438,1.17426,1.17488,1.17387,7283
2017-08-16 06:00:00,1.17403,1.17297,1.17407,1.17227,1.17426,1.1732,1.1743,1.17251,13066
2017-08-16 07:00:00,1.17297,1.17145,1.1757,1.17128,1.1732,1.17169,1.17594,1.17153,29352
2017-08-16 08:00:00,1.17145,1.17245,1.17379,1.169,1.17169,1.17271,1.17404,1.16924,38206
2017-08-16 09:00:00,1.17245,1.17225,1.17386,1.17216,1.17271,1.17249,1.1741,1.17238,17435
2017-08-16 10:00:00,1.17225,1.17006,1.1723,1.16942,1.17249,1.1703,1.17254,1.16965,20547
2017-08-16 11:00:00,1.17006,1.17104,1.17142,1.1697,1.1703,1.17127,1.17167,1.16994,17642
2017-08-16 12:00:00,1.17104,1.17019,1.17196,1.17004,1.17127,1.17043,1.17219,1.17027,26648
2017-08-16 13:00:00,1.17019,1.16936,1.17055,1.16797,1.17043,1.16958,1.17079,1.16822,29487
2017-08-16 14:00:00,1.16936,1.17016,1.17153,1.16922,1.16958,1.1704,1.17176,1.16945,22752
2017-08-16 15:00:00,1.17016,1.17006,1.17082,1.16921,1.1704,1.17029,1.17106,1.16945,19530
2017-08-16 16:00:00,1.17006,1.17005,1.17033,1.16901,1.17029,1.17029,1.17056,1.16923,11358
2017-08-16 17:00:00,1.17005,1.17315,1.17417,1.16994,1.17029,1.17366,1.1744,1.17017,25805
2017-08-16 18:00:00,1.17315,1.17673,1.17778,1.17297,1.17366,1.17698,1.178,1.17324,48695
2017-08-16 19:00:00,1.17673,1.17681,1.17723,1.17613,1.17698,1.17706,1.17744,1.17636,11513
2017-08-16 20:00:00,1.17681,1.17645,1.17707,1.17643,1.17706,1.17685,1.17731,1.17672,4355
2017-08-16 21:00:00,1.17645,1.17702,1.1771,1.17641,1.17685,1.17729,1.17743,1.17675,6731
2017-08-16 22:00:00,1.17702,1.17761,1.17784,1.17684,1.17729,1.17787,1.17812,1.1772,4018
2017-08-16 23:00:00,1.17761,1.17726,1.17786,1.17687,1.17787,1.17751,1.17806,1.17711,2694
2017-08-17 00:00:00,1.17726,1.17667,1.17736,1.17639,1.17751,1.1769,1.1776,1.17663,6974
2017-08-17 01:00:00,1.17667,1.17875,1.17878,1.17658,1.1769,1.179,1.17902,1.17681,14631
2017-08-17 02:00:00,1.17875,1.17812,1.17888,1.17764,1.179,1.17837,1.17911,1.17788,6586
2017-08-17 03:00:00,1.17812,1.17763,1.17822,1.17735,1.17837,1.17788,1.17845,1.1776,5629
2017-08-17 04:00:00,1.17763,1.17781,1.1781,1.17763,1.17788,1.17805,1.17834,1.17787,3754
2017-08-17 05:00:00,1.17781,1.17778,1.17886,1.17745,1.17805,1.17803,1.17909,1.17768,7961
2017-08-17 06:00:00,1.17778,1.17621,1.17791,1.17618,1.17803,1.17646,1.17814,1.17642,12591
2017-08-17 07:00:00,1.17621,1.1755,1.17648,1.17498,1.17646,1.17573,1.17669,1.17521,16114
2017-08-17 08:00:00,1.1755,1.17321,1.1755,1.1729,1.17573,1.17347,1.17572,1.17313,18567
2017-08-17 09:00:00,1.17321,1.17055,1.17363,1.17025,1.17347,1.17079,1.17387,1.17048,16970
2017-08-17 10:00:00,1.17055,1.16964,1.17075,1.16891,1.17079,1.16987,1.171,1.16914,19498
2017-08-17 11:00:00,1.16964,1.16984,1.17129,1.1661,1.16987,1.17008,1.17155,1.16634,49385
2017-08-17 12:00:00,1.16984,1.16924,1.17031,1.16805,1.17008,1.16948,1.17054,1.16829,33866
2017-08-17 13:00:00,1.16924,1.17261,1.17276,1.16914,1.16948,1.17286,1.173,1.16936,27385
2017-08-17 14:00:00,1.17261,1.17441,1.17464,1.17136,1.17286,1.17464,1.17487,1.1716,53554
2017-08-17 15:00:00,1.17441,1.17342,1.17444,1.17307,1.17464,1.17364,1.17468,1.17332,21506
2017-08-17 16:00:00,1.17342,1.174,1.17526,1.17311,1.17364,1.17423,1.17551,1.17334,16069
2017-08-17 17:00:00,1.174,1.17402,1.17506,1.17377,1.17423,1.17426,1.1753,1.174,14109
2017-08-17 18:00:00,1.17402,1.17386,1.17505,1.17384,1.17426,1.17411,1.17529,1.17408,9166
2017-08-17 19:00:00,1.17386,1.17266,1.1746,1.17257,1.17411,1.1729,1.17483,1.17281,14325
2017-08-17 20:00:00,1.17266,1.1723,1.17322,1.17169,1.1729,1.17258,1.17346,1.17193,5534
2017-08-17 21:00:00,1.1723,1.17236,1.17274,1.17152,1.17258,1.17294,1.17326,1.17204,7586
2017-08-17 22:00:00,1.17236,1.17255,1.17297,1.1723,1.17294,1.17281,1.17323,1.17258,2985
2017-08-17 23:00:00,1.17255,1.17146,1.17289,1.17073,1.17281,1.1717,1.17314,1.17098,4279
2017-08-18 00:00:00,1.17146,1.17269,1.17291,1.17088,1.1717,1.17293,1.17314,1.17113,12926
2017-08-18 01:00:00,1.17269,1.17309,1.17341,1.17224,1.17293,1.17333,1.17365,1.17248,10254
2017-08-18 02:00:00,1.17309,1.1728,1.17354,1.17279,1.17333,1.17305,1.17377,1.17303,6287
2017-08-18 03:00:00,1.1728,1.17295,1.17349,1.17279,1.17305,1.17319,1.17372,1.17304,5180
2017-08-18 04:00:00,1.17295,1.17361,1.17387,1.1729,1.17319,1.17385,1.1741,1.17314,6492
2017-08-18 05:00:00,1.17361,1.17317,1.17398,1.17315,1.17385,1.17337,1.17421,1.17337,7830
2017-08-18 06:00:00,1.17317,1.17363,1.17402,1.17244,1.17337,1.17387,1.17426,1.17267,15361
2017-08-18 07:00:00,1.17363,1.17254,1.17578,1.17199,1.17387,1.17279,1.17602,1.17223,27523
2017-08-18 08:00:00,1.17254,1.17461,1.1748,1.17225,1.17279,1.17485,1.17502,1.17248,17290
2017-08-18 09:00:00,1.17461,1.17338,1.17734,1.17338,1.17485,1.17358,1.1776,1.17358,23953
2017-08-18 10:00:00,1.17338,1.17475,1.17519,1.17334,1.17358,1.17498,1.17541,1.17352,14189
2017-08-18 11:00:00,1.17475,1.17335,1.175,1.17302,1.17498,1.17359,1.17523,1.17324,14132
2017-08-18 12:00:00,1.17335,1.17475,1.17489,1.17332,1.17359,1.17498,1.17513,1.17353,18050
2017-08-18 13:00:00,1.17475,1.17413,1.17538,1.17348,1.17498,1.17443,1.1756,1.17372,27262
2017-08-18 14:00:00,1.17413,1.1748,1.17601,1.17359,1.17443,1.17505,1.17625,1.17383,36334
2017-08-18 15:00:00,1.1748,1.17466,1.1754,1.17283,1.17505,1.1749,1.17563,1.17305,41145
2017-08-18 16:00:00,1.17466,1.17482,1.17541,1.1742,1.1749,1.17505,1.17565,1.17443,26188
2017-08-18 17:00:00,1.17482,1.1752,1.17532,1.17396,1.17505,1.17543,1.17553,1.17418,15963
2017-08-18 18:00:00,1.1752,1.17575,1.17596,1.17507,1.17543,1.17599,1.17619,1.17528,9011
2017-08-18 19:00:00,1.17575,1.17621,1.17665,1.17572,1.17599,1.17646,1.17689,1.17597,8095
2017-08-18 20:00:00,1.17621,1.17576,1.17649,1.1757,1.17646,1.17613,1.17672,1.17613,6059
2017-08-20 19:00:00,1.17576,1.1761,1.17622,1.175,1.17613,1.17681,1.17688,1.17601,45
2017-08-20 20:00:00,1.1761,1.17564,1.176,1.17553,1.17681,1.17641,1.17683,1.17628,100
2017-08-20 21:00:00,1.17564,1.17564,1.17595,1.175,1.17641,1.17594,1.17672,1.1759,609
2017-08-20 22:00:00,1.17564,1.17528,1.17585,1.17523,1.17594,1.17553,1.17614,1.17548,4942
2017-08-20 23:00:00,1.17528,1.1755,1.17559,1.1749,1.17553,1.17573,1.17584,1.17512,3468
2017-08-21 00:00:00,1.1755,1.17505,1.17562,1.17495,1.17573,1.17528,1.17586,1.17519,6053
2017-08-21 01:00:00,1.17505,1.1757,1.17585,1.175,1.17528,1.17593,1.17609,1.17524,7913
2017-08-21 02:00:00,1.1757,1.17586,1.17617,1.17554,1.17593,1.17609,1.17641,1.17577,4915
2017-08-21 03:00:00,1.17586,1.17535,1.17586,1.17504,1.17609,1.17558,1.1761,1.17527,4376
2017-08-21 04:00:00,1.17535,1.17501,1.1757,1.175,1.17558,1.17525,1.17595,1.17525,4481
2017-08-21 05:00:00,1.17501,1.17447,1.17542,1.17438,1.17525,1.17472,1.17566,1.17461,5194
2017-08-21 06:00:00,1.17447,1.17368,1.17471,1.1734,1.17472,1.17392,1.17495,1.17363,11516
2017-08-21 07:00:00,1.17368,1.1739,1.17409,1.17298,1.17392,1.17413,1.17432,1.17323,14982
2017-08-21 08:00:00,1.1739,1.17398,1.17485,1.17375,1.17413,1.17423,1.17508,1.17398,9947
2017-08-21 09:00:00,1.17398,1.17386,1.17443,1.17355,1.17423,1.17409,1.17466,1.17379,8869
2017-08-21 10:00:00,1.17386,1.1757,1.17572,1.17362,1.17409,1.17595,1.17595,1.17386,9895
2017-08-21 11:00:00,1.1757,1.17633,1.17686,1.17562,1.17595,1.17657,1.1771,1.17583,12991
2017-08-21 12:00:00,1.17633,1.1779,1.17821,1.1758,1.17657,1.17813,1.17843,1.17604,18728
2017-08-21 13:00:00,1.1779,1.17872,1.17889,1.1776,1.17813,1.17896,1.17914,1.17783,19679
2017-08-21 14:00:00,1.17872,1.18136,1.18185,1.17871,1.17896,1.18161,1.18211,1.17894,32113
2017-08-21 15:00:00,1.18136,1.18115,1.1824,1.18099,1.18161,1.18139,1.18264,1.18123,20847
2017-08-21 16:00:00,1.18115,1.18229,1.18233,1.18083,1.18139,1.18251,1.18255,1.18107,10850
2017-08-21 17:00:00,1.18229,1.18178,1.1827,1.18152,1.18251,1.18201,1.18294,1.18175,8987
2017-08-21 18:00:00,1.18178,1.18113,1.18216,1.18085,1.18201,1.18137,1.1824,1.18106,8601
2017-08-21 19:00:00,1.18113,1.18084,1.18123,1.18064,1.18137,1.18107,1.18144,1.18084,6035
2017-08-21 20:00:00,1.18084,1.18112,1.18162,1.18063,1.18107,1.18159,1.18188,1.18085,4190
2017-08-21 21:00:00,1.18112,1.18121,1.18149,1.18078,1.18159,1.18147,1.18205,1.18135,5138
2017-08-21 22:00:00,1.18121,1.18081,1.18163,1.18072,1.18147,1.18106,1.18197,1.18097,3355
2017-08-21 23:00:00,1.18081,1.18103,1.18144,1.1807,1.18106,1.18127,1.18167,1.18095,3287
2017-08-22 00:00:00,1.18103,1.18132,1.18162,1.18093,1.18127,1.18156,1.18187,1.18117,5758
2017-08-22 01:00:00,1.18132,1.1812,1.18232,1.18104,1.18156,1.18145,1.18257,1.1813,7207
2017-08-22 02:00:00,1.1812,1.18042,1.18122,1.18031,1.18145,1.18065,1.18146,1.18055,4863
2017-08-22 03:00:00,1.18042,1.1807,1.18074,1.18016,1.18065,1.18096,1.18098,1.1804,4631
2017-08-22 04:00:00,1.1807,1.18055,1.1809,1.1805,1.18096,1.18078,1.18114,1.18074,4110
2017-08-22 05:00:00,1.18055,1.18007,1.18059,1.17946,1.18078,1.18031,1.18083,1.1797,6430
2017-08-22 06:00:00,1.18007,1.17893,1.18054,1.17893,1.18031,1.17916,1.18078,1.17916,13144
2017-08-22 07:00:00,1.17893,1.17922,1.17929,1.17828,1.17916,1.17943,1.17953,1.17852,14189
2017-08-22 08:00:00,1.17922,1.17702,1.17921,1.17645,1.17943,1.17731,1.17943,1.1767,17175
2017-08-22 09:00:00,1.17702,1.17542,1.17711,1.17538,1.17731,1.17567,1.17734,1.1756,15874
2017-08-22 10:00:00,1.17542,1.17524,1.17577,1.1744,1.17567,1.17546,1.176,1.17463,13513
2017-08-22 11:00:00,1.17524,1.17672,1.17683,1.17463,1.17546,1.17696,1.17706,1.17487,18770
2017-08-22 12:00:00,1.17672,1.17605,1.17718,1.17521,1.17696,1.17629,1.17741,1.17545,18772
2017-08-22 13:00:00,1.17605,1.17526,1.17677,1.17502,1.17629,1.17552,1.17699,1.17526,22831
2017-08-22 14:00:00,1.17526,1.17616,1.17655,1.1749,1.17552,1.1764,1.17679,1.17514,23303
2017-08-22 15:00:00,1.17616,1.17608,1.17708,1.17602,1.1764,1.17632,1.17733,1.17626,15895
2017-08-22 16:00:00,1.17608,1.1763,1.177,1.17593,1.17632,1.17654,1.17723,1.17613,8693
2017-08-22 17:00:00,1.1763,1.1752,1.17636,1.17514,1.17654,1.17543,1.17658,1.17537,8043
2017-08-22 18:00:00,1.1752,1.17503,1.17535,1.1747,1.17543,1.17527,1.17559,1.17493,6653
2017-08-22 19:00:00,1.17503,1.17588,1.17599,1.17484,1.17527,1.17611,1.17621,1.17509,7066
2017-08-22 20:00:00,1.17588,1.17587,1.1763,1.17564,1.17611,1.17635,1.17653,1.17588,5892
2017-08-22 21:00:00,1.17587,1.17639,1.17642,1.1757,1.17635,1.17664,1.17681,1.17614,6854
2017-08-22 22:00:00,1.17639,1.17633,1.17649,1.17583,1.17664,1.17658,1.17675,1.17615,2576
2017-08-22 23:00:00,1.17633,1.17605,1.17651,1.17597,1.17658,1.17629,1.17675,1.17622,2375
2017-08-23 00:00:00,1.17605,1.17482,1.17606,1.17479,1.17629,1.17507,1.17631,1.17503,6668
2017-08-23 01:00:00,1.17482,1.17567,1.17578,1.17466,1.17507,1.17589,1.176,1.1749,6034
2017-08-23 02:00:00,1.17567,1.17635,1.17636,1.1753,1.17589,1.17658,1.17659,1.17552,6193
2017-08-23 03:00:00,1.17635,1.17593,1.17648,1.17578,1.17658,1.17618,1.17672,1.17601,6326
2017-08-23 04:00:00,1.17593,1.17568,1.17608,1.1756,1.17618,1.17593,1.1763,1.17579,3843
2017-08-23 05:00:00,1.17568,1.17576,1.17605,1.1756,1.17593,1.176,1.17627,1.17584,3161
2017-08-23 06:00:00,1.17576,1.17555,1.17591,1.17498,1.176,1.1758,1.17615,1.17522,9641
2017-08-23 07:00:00,1.17555,1.17801,1.17829,1.17385,1.1758,1.17827,1.17854,1.17415,28355
2017-08-23 08:00:00,1.17801,1.17889,1.17913,1.17742,1.17827,1.17912,1.17937,1.17766,15229
2017-08-23 09:00:00,1.17889,1.17782,1.1793,1.17746,1.17912,1.17805,1.17954,1.17769,9994
2017-08-23 10:00:00,1.17782,1.17805,1.17842,1.17755,1.17805,1.17828,1.17866,1.17778,7314
2017-08-23 11:00:00,1.17805,1.17987,1.17997,1.17806,1.17828,1.1801,1.1802,1.17829,13074
2017-08-23 12:00:00,1.17987,1.17938,1.18068,1.17912,1.1801,1.17959,1.18092,1.17936,15050
2017-08-23 13:00:00,1.17938,1.17966,1.17977,1.17858,1.17959,1.17992,1.18001,1.17882,17098
2017-08-23 14:00:00,1.17966,1.18145,1.18187,1.17963,1.17992,1.18169,1.18211,1.1799,23640
2017-08-23 15:00:00,1.18145,1.18003,1.18157,1.17986,1.18169,1.18028,1.18181,1.1801,14446
2017-08-23 16:00:00,1.18003,1.17999,1.18038,1.17966,1.18028,1.18023,1.18061,1.1799,9521
2017-08-23 17:00:00,1.17999,1.18111,1.1815,1.17999,1.18023,1.18132,1.18174,1.18024,11023
2017-08-23 18:00:00,1.18111,1.18192,1.18221,1.18058,1.18132,1.18213,1.18246,1.18082,13069
2017-08-23 19:00:00,1.18192,1.18166,1.18221,1.18143,1.18213,1.1819,1.18244,1.18165,10046
2017-08-23 20:00:00,1.18166,1.18053,1.18189,1.18045,1.1819,1.18078,1.18212,1.18072,5541
2017-08-23 21:00:00,1.18053,1.18084,1.18105,1.18052,1.18078,1.18111,1.18137,1.18087,4422
2017-08-23 22:00:00,1.18084,1.18102,1.18122,1.18061,1.18111,1.18128,1.18146,1.18091,3194
2017-08-23 23:00:00,1.18102,1.18146,1.18167,1.18102,1.18128,1.1817,1.18193,1.18127,3101
2017-08-24 00:00:00,1.18146,1.18081,1.18162,1.18066,1.1817,1.18105,1.18188,1.18088,6644
2017-08-24 01:00:00,1.18081,1.18003,1.18085,1.17995,1.18105,1.18026,1.1811,1.18018,9084
2017-08-24 02:00:00,1.18003,1.18042,1.18055,1.17933,1.18026,1.18067,1.18077,1.17955,6435
2017-08-24 03:00:00,1.18042,1.18011,1.18042,1.17955,1.18067,1.18035,1.18066,1.1798,5693
2017-08-24 04:00:00,1.18011,1.18012,1.18023,1.17976,1.18035,1.18036,1.18048,1.18,4638
2017-08-24 05:00:00,1.18012,1.1804,1.18068,1.17996,1.18036,1.18064,1.18092,1.1802,5279
2017-08-24 06:00:00,1.1804,1.17902,1.18053,1.17865,1.18064,1.17926,1.18076,1.17889,13805
2017-08-24 07:00:00,1.17902,1.17919,1.17957,1.17866,1.17926,1.17943,1.17981,1.17891,15443
2017-08-24 08:00:00,1.17919,1.17862,1.17976,1.1783,1.17943,1.17885,1.17999,1.17854,14153
2017-08-24 09:00:00,1.17862,1.179,1.17951,1.1785,1.17885,1.17925,1.17975,1.1787,12040
2017-08-24 10:00:00,1.179,1.17907,1.17914,1.17836,1.17925,1.17931,1.17938,1.17859,10015
2017-08-24 11:00:00,1.17907,1.1806,1.18091,1.17894,1.17931,1.18085,1.18115,1.17917,14049
2017-08-24 12:00:00,1.1806,1.17981,1.18092,1.17932,1.18085,1.18005,1.18115,1.17957,19595
2017-08-24 13:00:00,1.17981,1.17997,1.1804,1.17902,1.18005,1.18025,1.18064,1.17926,18119
2017-08-24 14:00:00,1.17997,1.18035,1.18048,1.17865,1.18025,1.1806,1.18072,1.17889,24380
2017-08-24 15:00:00,1.18035,1.18002,1.18063,1.1797,1.1806,1.18027,1.18088,1.17994,22061
2017-08-24 16:00:00,1.18002,1.18034,1.18092,1.17966,1.18027,1.18055,1.18115,1.17992,12076
2017-08-24 17:00:00,1.18034,1.18104,1.18135,1.18035,1.18055,1.18128,1.18159,1.18055,8820
2017-08-24 18:00:00,1.18104,1.18043,1.18126,1.18011,1.18128,1.18066,1.18149,1.18034,7335
2017-08-24 19:00:00,1.18043,1.18002,1.1805,1.17964,1.18066,1.18026,1.18074,1.17987,8105
2017-08-24 20:00:00,1.18002,1.17974,1.1802,1.17973,1.18026,1.18003,1.18043,1.18001,4066
2017-08-24 21:00:00,1.17974,1.17987,1.18004,1.17971,1.18003,1.18015,1.18035,1.17998,2518
2017-08-24 22:00:00,1.17987,1.18025,1.18026,1.17983,1.18015,1.1805,1.18052,1.18014,2647
2017-08-24 23:00:00,1.18025,1.17965,1.1803,1.17949,1.1805,1.17987,1.18054,1.17974,3643
2017-08-25 00:00:00,1.17965,1.17955,1.17983,1.17912,1.17987,1.17978,1.18007,1.17935,4868
2017-08-25 01:00:00,1.17955,1.17893,1.17967,1.17865,1.17978,1.17915,1.1799,1.1789,7326
2017-08-25 02:00:00,1.17893,1.17935,1.17938,1.17871,1.17915,1.17957,1.17962,1.17896,4554
2017-08-25 03:00:00,1.17935,1.17957,1.17989,1.17912,1.17957,1.17982,1.18013,1.17936,5616
2017-08-25 04:00:00,1.17957,1.17969,1.17973,1.17939,1.17982,1.17993,1.17997,1.17962,3582
2017-08-25 05:00:00,1.17969,1.17956,1.17989,1.17933,1.17993,1.17981,1.18014,1.17957,4343
2017-08-25 06:00:00,1.17956,1.17902,1.17961,1.17878,1.17981,1.17927,1.17984,1.17901,7376
2017-08-25 07:00:00,1.17902,1.17792,1.17904,1.17721,1.17927,1.17817,1.17928,1.17744,16157
2017-08-25 08:00:00,1.17792,1.17952,1.18003,1.17787,1.17817,1.17977,1.18027,1.17813,13539
2017-08-25 09:00:00,1.17952,1.1803,1.18038,1.17944,1.17977,1.18054,1.18061,1.17967,9099
2017-08-25 10:00:00,1.1803,1.18162,1.18272,1.18011,1.18054,1.18185,1.18295,1.18034,15032
2017-08-25 11:00:00,1.18162,1.18141,1.1822,1.1812,1.18185,1.18165,1.18243,1.18143,11654
2017-08-25 12:00:00,1.18141,1.18042,1.18152,1.17989,1.18165,1.18066,1.18176,1.18017,17590
2017-08-25 13:00:00,1.18042,1.17964,1.18137,1.17842,1.18066,1.17996,1.18159,1.17868,23384
2017-08-25 14:00:00,1.17964,1.18697,1.18737,1.17912,1.17996,1.18721,1.18761,1.17947,68479
2017-08-25 15:00:00,1.18697,1.18717,1.18833,1.18672,1.18721,1.18741,1.18856,1.18693,26475
2017-08-25 16:00:00,1.18717,1.18856,1.18858,1.18713,1.18741,1.1888,1.18881,1.18737,12478
2017-08-25 17:00:00,1.18856,1.18814,1.18888,1.18798,1.1888,1.18837,1.1891,1.18821,9277
2017-08-25 18:00:00,1.18814,1.18782,1.18817,1.1871,1.18837,1.18807,1.1884,1.18734,9063
2017-08-25 19:00:00,1.18782,1.19234,1.19406,1.18629,1.18807,1.19258,1.19431,1.18657,54102
2017-08-25 20:00:00,1.19234,1.19185,1.19334,1.19152,1.19258,1.1924,1.19359,1.19181,7910
2017-08-27 19:00:00,1.19185,1.1951,1.19626,1.19252,1.1924,1.19551,1.1969,1.1932,590
2017-08-27 20:00:00,1.1951,1.1942,1.19527,1.19382,1.19551,1.1951,1.19622,1.19447,532
2017-08-27 21:00:00,1.1942,1.19424,1.1945,1.19383,1.1951,1.19459,1.19494,1.19441,1025
2017-08-27 22:00:00,1.19424,1.19508,1.19571,1.19382,1.19459,1.19534,1.19595,1.19425,7315
2017-08-27 23:00:00,1.19508,1.195,1.19584,1.19485,1.19534,1.19523,1.19609,1.19509,4479
2017-08-28 00:00:00,1.195,1.19285,1.19507,1.19211,1.19523,1.19309,1.19531,1.19234,9891
2017-08-28 01:00:00,1.19285,1.19255,1.19293,1.19204,1.19309,1.19279,1.19318,1.19227,7391
2017-08-28 02:00:00,1.19255,1.19242,1.19261,1.19191,1.19279,1.19267,1.19286,1.19213,5092
2017-08-28 03:00:00,1.19242,1.19204,1.19244,1.19198,1.19267,1.19229,1.19268,1.19221,4003
2017-08-28 04:00:00,1.19204,1.19192,1.19223,1.19191,1.19229,1.19217,1.19248,1.19215,4476
2017-08-28 05:00:00,1.19192,1.1933,1.19336,1.19158,1.19217,1.19354,1.19361,1.19183,7765
2017-08-28 06:00:00,1.1933,1.19313,1.19362,1.19233,1.19354,1.19338,1.19386,1.19257,8493
2017-08-28 07:00:00,1.19313,1.19244,1.19414,1.19201,1.19338,1.19267,1.19437,1.19225,10118
2017-08-28 08:00:00,1.19244,1.19297,1.19365,1.19186,1.19267,1.1932,1.19387,1.19209,8379
2017-08-28 09:00:00,1.19297,1.19322,1.19358,1.19273,1.1932,1.19346,1.19381,1.19297,6337
2017-08-28 10:00:00,1.19322,1.19358,1.19391,1.19314,1.19346,1.19381,1.19414,1.19337,6964
2017-08-28 11:00:00,1.19358,1.19241,1.19362,1.1923,1.19381,1.19267,1.19383,1.19253,14158
2017-08-28 12:00:00,1.19241,1.19337,1.19373,1.19207,1.19267,1.19361,1.19397,1.1923,15916
2017-08-28 13:00:00,1.19337,1.19349,1.19389,1.19249,1.19361,1.19372,1.19413,1.19272,17379
2017-08-28 14:00:00,1.19349,1.19538,1.19567,1.19343,1.19372,1.19562,1.19589,1.19367,18589
2017-08-28 15:00:00,1.19538,1.19708,1.19745,1.19507,1.19562,1.19732,1.19769,1.19532,21143
2017-08-28 16:00:00,1.19708,1.19753,1.19828,1.19709,1.19732,1.19777,1.1985,1.19732,12885
2017-08-28 17:00:00,1.19753,1.19763,1.19795,1.19723,1.19777,1.19785,1.19818,1.19747,10478
2017-08-28 18:00:00,1.19763,1.19778,1.19827,1.19759,1.19785,1.19801,1.1985,1.19783,9058
2017-08-28 19:00:00,1.19778,1.19726,1.19786,1.19716,1.19801,1.19749,1.19809,1.1974,6766
2017-08-28 20:00:00,1.19726,1.19774,1.19777,1.19725,1.19749,1.198,1.19802,1.19749,3781
2017-08-28 21:00:00,1.19774,1.19769,1.19825,1.19718,1.198,1.19794,1.19873,1.19745,7738
2017-08-28 22:00:00,1.19769,1.19669,1.1985,1.19615,1.19794,1.19694,1.19875,1.19641,14203
2017-08-28 23:00:00,1.19669,1.1963,1.19685,1.19544,1.19694,1.19654,1.19709,1.19568,7844
2017-08-29 00:00:00,1.1963,1.19638,1.19716,1.19612,1.19654,1.19662,1.19737,1.19636,12084
2017-08-29 01:00:00,1.19638,1.19674,1.19715,1.19612,1.19662,1.19699,1.19738,1.19636,6324
2017-08-29 02:00:00,1.19674,1.19687,1.19703,1.1964,1.19699,1.1971,1.19728,1.19663,4759
2017-08-29 03:00:00,1.19687,1.19678,1.19719,1.19651,1.1971,1.19702,1.19742,1.19674,6044
2017-08-29 04:00:00,1.19678,1.19734,1.19759,1.19678,1.19702,1.19758,1.19782,1.19701,4508
2017-08-29 05:00:00,1.19734,1.19807,1.19809,1.19706,1.19758,1.1983,1.19832,1.1973,5562
2017-08-29 06:00:00,1.19807,1.20153,1.20174,1.19725,1.1983,1.20178,1.20197,1.19748,29206
2017-08-29 07:00:00,1.20153,1.20458,1.20462,1.20101,1.20178,1.20482,1.20485,1.20123,45068
2017-08-29 08:00:00,1.20458,1.2059,1.20693,1.20401,1.20482,1.20613,1.20716,1.20423,33154
2017-08-29 09:00:00,1.2059,1.20383,1.20655,1.20361,1.20613,1.20405,1.20677,1.20384,22201
2017-08-29 10:00:00,1.20383,1.20339,1.20527,1.20306,1.20405,1.20362,1.20549,1.20329,17228
2017-08-29 11:00:00,1.20339,1.2041,1.20463,1.20315,1.20362,1.20435,1.20487,1.20338,18698
2017-08-29 12:00:00,1.2041,1.20279,1.20582,1.20269,1.20435,1.20303,1.20605,1.20292,26130
2017-08-29 13:00:00,1.20279,1.20242,1.20331,1.2019,1.20303,1.20268,1.20354,1.20213,26651
2017-08-29 14:00:00,1.20242,1.20246,1.20266,1.20079,1.20268,1.2027,1.2029,1.20103,39093
2017-08-29 15:00:00,1.20246,1.20238,1.2037,1.20155,1.2027,1.20262,1.20393,1.20179,28569
2017-08-29 16:00:00,1.20238,1.20149,1.2024,1.20093,1.20262,1.20171,1.20264,1.20116,14813
2017-08-29 17:00:00,1.20149,1.19999,1.20193,1.19947,1.20171,1.20022,1.20217,1.19971,16149
2017-08-29 18:00:00,1.19999,1.19902,1.20006,1.19807,1.20022,1.19924,1.20028,1.19832,20265
2017-08-29 19:00:00,1.19902,1.19674,1.19958,1.19665,1.19924,1.19697,1.19981,1.19686,16675
2017-08-29 20:00:00,1.19674,1.19709,1.19783,1.1945,1.19697,1.19737,1.19806,1.19473,9223
2017-08-29 21:00:00,1.19709,1.19665,1.19722,1.19616,1.19737,1.19695,1.19771,1.1965,4991
2017-08-29 22:00:00,1.19665,1.19733,1.19768,1.19656,1.19695,1.19757,1.1979,1.19685,5255
2017-08-29 23:00:00,1.19733,1.19687,1.1975,1.19619,1.19757,1.1971,1.19771,1.19643,5670
2017-08-30 00:00:00,1.19687,1.19736,1.19777,1.19659,1.1971,1.1976,1.198,1.19681,6036
2017-08-30 01:00:00,1.19736,1.19741,1.19768,1.19655,1.1976,1.19764,1.19788,1.19679,11421
2017-08-30 02:00:00,1.19741,1.19755,1.19779,1.19728,1.19764,1.1978,1.19802,1.19751,4209
2017-08-30 03:00:00,1.19755,1.1981,1.1982,1.19744,1.1978,1.19835,1.19845,1.19768,4318
2017-08-30 04:00:00,1.1981,1.19725,1.19831,1.19716,1.19835,1.19748,1.19855,1.1974,4445
2017-08-30 05:00:00,1.19725,1.19639,1.19737,1.1963,1.19748,1.19663,1.19761,1.19655,8020
2017-08-30 06:00:00,1.19639,1.19535,1.19669,1.19402,1.19663,1.1956,1.1969,1.19427,23397
2017-08-30 07:00:00,1.19535,1.19554,1.19679,1.19372,1.1956,1.19577,1.19702,1.19394,26840
2017-08-30 08:00:00,1.19554,1.19428,1.19559,1.19394,1.19577,1.19453,1.19581,1.19417,13744
2017-08-30 09:00:00,1.19428,1.195,1.19536,1.1938,1.19453,1.19522,1.19557,1.19401,12147
2017-08-30 10:00:00,1.195,1.19474,1.19516,1.19411,1.19522,1.19497,1.19539,1.19433,8062
2017-08-30 11:00:00,1.19474,1.19258,1.19487,1.19229,1.19497,1.19281,1.19511,1.19254,18971
2017-08-30 12:00:00,1.19258,1.19173,1.19305,1.1892,1.19281,1.19195,1.19329,1.18949,39508
2017-08-30 13:00:00,1.19173,1.19115,1.19368,1.19072,1.19195,1.1914,1.19391,1.19094,27045
2017-08-30 14:00:00,1.19115,1.19112,1.19192,1.1894,1.1914,1.19134,1.19217,1.18963,26278
2017-08-30 15:00:00,1.19112,1.19255,1.19277,1.18981,1.19134,1.19279,1.193,1.19004,24198
2017-08-30 16:00:00,1.19255,1.19032,1.19256,1.18974,1.19279,1.19056,1.19279,1.18996,16072
2017-08-30 17:00:00,1.19032,1.18976,1.19031,1.18902,1.19056,1.18997,1.19054,1.18926,13698
2017-08-30 18:00:00,1.18976,1.18892,1.19003,1.18816,1.18997,1.18915,1.19026,1.18839,13029
2017-08-30 19:00:00,1.18892,1.18887,1.18938,1.18851,1.18915,1.1891,1.18959,1.18875,7030
2017-08-30 20:00:00,1.18887,1.18824,1.18886,1.18795,1.1891,1.18854,1.18909,1.18819,3947
2017-08-30 21:00:00,1.18824,1.18923,1.18941,1.18809,1.18854,1.18957,1.18981,1.18838,3716
2017-08-30 22:00:00,1.18923,1.1895,1.18956,1.18877,1.18957,1.18973,1.18979,1.18902,6813
2017-08-30 23:00:00,1.1895,1.18895,1.18957,1.1887,1.18973,1.18918,1.18979,1.18894,3945
2017-08-31 00:00:00,1.18895,1.18921,1.18958,1.18851,1.18918,1.18944,1.18981,1.18875,7403
2017-08-31 01:00:00,1.18921,1.18764,1.1896,1.18703,1.18944,1.18787,1.18986,1.18727,10485
2017-08-31 02:00:00,1.18764,1.18766,1.18818,1.18725,1.18787,1.18789,1.18841,1.1875,7558
2017-08-31 03:00:00,1.18766,1.18731,1.18798,1.18702,1.18789,1.18755,1.1882,1.18726,6618
2017-08-31 04:00:00,1.18731,1.18777,1.18811,1.18726,1.18755,1.188,1.18834,1.1875,4305
2017-08-31 05:00:00,1.18777,1.18721,1.18797,1.18694,1.188,1.18745,1.18821,1.18718,5783
2017-08-31 06:00:00,1.18721,1.18894,1.18943,1.18657,1.18745,1.18919,1.18968,1.18681,16506
2017-08-31 07:00:00,1.18894,1.189,1.19023,1.18827,1.18919,1.18924,1.19047,1.18849,19147
2017-08-31 08:00:00,1.189,1.18954,1.18959,1.18797,1.18924,1.18983,1.18989,1.1882,11429
2017-08-31 09:00:00,1.18954,1.18764,1.19047,1.187,1.18983,1.18787,1.19069,1.18722,17862
2017-08-31 10:00:00,1.18764,1.18596,1.18779,1.18431,1.18787,1.18619,1.18803,1.18454,26287
2017-08-31 11:00:00,1.18596,1.18363,1.18613,1.18329,1.18619,1.18388,1.18636,1.18353,18494
2017-08-31 12:00:00,1.18363,1.18422,1.18518,1.18219,1.18388,1.18446,1.18542,1.18242,27290
2017-08-31 13:00:00,1.18422,1.18526,1.18595,1.18346,1.18446,1.18551,1.18616,1.18368,20738
2017-08-31 14:00:00,1.18526,1.18888,1.18976,1.18482,1.18551,1.18912,1.18998,1.18504,35081
2017-08-31 15:00:00,1.18888,1.18921,1.19074,1.18715,1.18912,1.18945,1.19096,1.18738,37151
2017-08-31 16:00:00,1.18921,1.18794,1.18945,1.18692,1.18945,1.18817,1.18969,1.18715,18512
2017-08-31 17:00:00,1.18794,1.18907,1.18933,1.18776,1.18817,1.18931,1.18955,1.18797,12265
2017-08-31 18:00:00,1.18907,1.19022,1.19088,1.18887,1.18931,1.19047,1.19109,1.1891,16087
2017-08-31 19:00:00,1.19022,1.19041,1.19052,1.18936,1.19047,1.19063,1.19071,1.18958,13068
2017-08-31 20:00:00,1.19041,1.19081,1.19119,1.19018,1.19063,1.1911,1.19141,1.19041,4878
2017-08-31 21:00:00,1.19081,1.19185,1.19197,1.19052,1.1911,1.19224,1.1924,1.19093,8499
2017-08-31 22:00:00,1.19185,1.1912,1.19218,1.19107,1.19224,1.19144,1.19243,1.19129,5992
2017-08-31 23:00:00,1.1912,1.19081,1.19137,1.19067,1.19144,1.19105,1.1916,1.1909,5057
2017-09-01 00:00:00,1.19081,1.19088,1.19097,1.19046,1.19105,1.1911,1.19121,1.19069,6875
2017-09-01 01:00:00,1.19088,1.19064,1.19102,1.19029,1.1911,1.19088,1.19126,1.19054,5289
2017-09-01 02:00:00,1.19064,1.19043,1.19117,1.19035,1.19088,1.19067,1.19139,1.19059,4656
2017-09-01 03:00:00,1.19043,1.19003,1.19077,1.18994,1.19067,1.19026,1.19101,1.19018,4925
2017-09-01 04:00:00,1.19003,1.18963,1.19027,1.18941,1.19026,1.18987,1.19051,1.18965,4355
2017-09-01 05:00:00,1.18963,1.18937,1.18964,1.18863,1.18987,1.18961,1.18988,1.18889,6348
2017-09-01 06:00:00,1.18937,1.18842,1.19039,1.18815,1.18961,1.18865,1.19062,1.18838,12395
2017-09-01 07:00:00,1.18842,1.18847,1.18891,1.18779,1.18865,1.18869,1.18914,1.18802,10029
2017-09-01 08:00:00,1.18847,1.1892,1.19008,1.18812,1.18869,1.18941,1.19031,1.18835,12234
2017-09-01 09:00:00,1.1892,1.18938,1.19039,1.18902,1.18941,1.18961,1.19061,1.18924,10613
2017-09-01 10:00:00,1.18938,1.19137,1.19287,1.18929,1.18961,1.1916,1.19317,1.18951,19403
2017-09-01 11:00:00,1.19137,1.19149,1.19238,1.1909,1.1916,1.19173,1.19262,1.19112,14251
2017-09-01 12:00:00,1.19149,1.19051,1.19787,1.1892,1.19173,1.19075,1.1981,1.18944,74496
2017-09-01 13:00:00,1.19051,1.18643,1.19198,1.1863,1.19075,1.18687,1.19222,1.18654,52395
2017-09-01 14:00:00,1.18643,1.1877,1.18939,1.1848,1.18687,1.18794,1.18962,1.18509,42804
2017-09-01 15:00:00,1.1877,1.18762,1.18883,1.18619,1.18794,1.18786,1.18904,1.18641,24841
2017-09-01 16:00:00,1.18762,1.18567,1.18871,1.18541,1.18786,1.18591,1.18894,1.18564,18473
2017-09-01 17:00:00,1.18567,1.18666,1.18694,1.18559,1.18591,1.1869,1.18717,1.18581,14049
2017-09-01 18:00:00,1.18666,1.18653,1.18744,1.18615,1.1869,1.18676,1.18768,1.18636,9723
2017-09-01 19:00:00,1.18653,1.18637,1.1868,1.18615,1.18676,1.18662,1.18701,1.18638,5589
2017-09-01 20:00:00,1.18637,1.18602,1.1864,1.18575,1.18662,1.1864,1.18662,1.18599,4024
2017-09-03 19:00:00,1.18602,1.18814,1.18896,1.18518,1.1864,1.18864,1.18932,1.18551,405
2017-09-03 20:00:00,1.18814,1.18832,1.18864,1.18747,1.18864,1.18862,1.18912,1.18792,338
2017-09-03 21:00:00,1.18832,1.18782,1.18836,1.18738,1.18862,1.18811,1.18903,1.18772,1616
2017-09-03 22:00:00,1.18782,1.18773,1.18834,1.18713,1.18811,1.18798,1.18857,1.18759,4924
2017-09-03 23:00:00,1.18773,1.18809,1.18832,1.18762,1.18798,1.18832,1.18855,1.18786,4529
2017-09-04 00:00:00,1.18809,1.18792,1.18852,1.18769,1.18832,1.18816,1.18875,1.18793,8423
2017-09-04 01:00:00,1.18792,1.18824,1.18889,1.18767,1.18816,1.18847,1.18912,1.1879,8386
2017-09-04 02:00:00,1.18824,1.18828,1.18845,1.1877,1.18847,1.18849,1.18869,1.18794,4917
2017-09-04 03:00:00,1.18828,1.18789,1.18851,1.18782,1.18849,1.18811,1.18876,1.18806,6035
2017-09-04 04:00:00,1.18789,1.18808,1.18835,1.18775,1.18811,1.18832,1.18858,1.18798,3394
2017-09-04 05:00:00,1.18808,1.18841,1.18865,1.18798,1.18832,1.18864,1.18889,1.18821,5334
2017-09-04 06:00:00,1.18841,1.18935,1.19025,1.1881,1.18864,1.18959,1.1905,1.18835,18992
2017-09-04 07:00:00,1.18935,1.18981,1.19001,1.18834,1.18959,1.19004,1.19026,1.18857,11275
2017-09-04 08:00:00,1.18981,1.19175,1.19198,1.18888,1.19004,1.19198,1.19219,1.18909,13786
2017-09-04 09:00:00,1.19175,1.19141,1.1921,1.19067,1.19198,1.19164,1.19233,1.1909,8757
2017-09-04 10:00:00,1.19141,1.19097,1.19163,1.19,1.19164,1.1912,1.19186,1.19023,7823
2017-09-04 11:00:00,1.19097,1.19088,1.19143,1.19012,1.1912,1.19111,1.19167,1.19036,6848
2017-09-04 12:00:00,1.19088,1.18955,1.19099,1.1888,1.19111,1.1898,1.19124,1.18902,9739
2017-09-04 13:00:00,1.18955,1.19024,1.19052,1.18948,1.1898,1.19047,1.19076,1.1897,9388
2017-09-04 14:00:00,1.19024,1.19112,1.19125,1.18941,1.19047,1.19135,1.1915,1.18965,9204
2017-09-04 15:00:00,1.19112,1.19149,1.19187,1.1908,1.19135,1.19174,1.19211,1.19104,7618
2017-09-04 16:00:00,1.19149,1.18878,1.19188,1.18877,1.19174,1.18907,1.19211,1.18904,8933
2017-09-04 17:00:00,1.18878,1.19003,1.19026,1.18876,1.18907,1.19034,1.19074,1.18904,5045
2017-09-04 18:00:00,1.19003,1.19001,1.19014,1.1891,1.19034,1.19042,1.19047,1.18943,5311
2017-09-04 19:00:00,1.19001,1.18969,1.19009,1.1892,1.19042,1.18993,1.19044,1.18955,4940
2017-09-04 20:00:00,1.18969,1.18916,1.18989,1.18883,1.18993,1.19025,1.19059,1.18956,6015
2017-09-04 21:00:00,1.18916,1.18945,1.18958,1.18905,1.19025,1.18994,1.19031,1.18979,6015
2017-09-04 22:00:00,1.18945,1.18971,1.18982,1.18925,1.18994,1.18999,1.19018,1.1897,2428
2017-09-04 23:00:00,1.18971,1.18918,1.18971,1.18888,1.18999,1.18942,1.18999,1.18912,3477
2017-09-05 00:00:00,1.18918,1.18988,1.19007,1.18908,1.18942,1.19009,1.1903,1.18932,7258
2017-09-05 01:00:00,1.18988,1.18967,1.1904,1.18912,1.19009,1.18988,1.19063,1.18937,11427
2017-09-05 02:00:00,1.18967,1.19049,1.19086,1.18967,1.18988,1.19072,1.1911,1.18988,12209
2017-09-05 03:00:00,1.19049,1.19054,1.19095,1.19029,1.19072,1.19077,1.19118,1.19052,9616
2017-09-05 04:00:00,1.19054,1.19045,1.19101,1.19038,1.19077,1.19068,1.19126,1.1906,7065
2017-09-05 05:00:00,1.19045,1.1904,1.19078,1.19012,1.19068,1.19062,1.19099,1.19035,6103
2017-09-05 06:00:00,1.1904,1.19016,1.19077,1.18908,1.19062,1.19041,1.191,1.1893,14746
2017-09-05 07:00:00,1.19016,1.18781,1.19067,1.18671,1.19041,1.18804,1.19092,1.18694,22704
2017-09-05 08:00:00,1.18781,1.18836,1.18871,1.18742,1.18804,1.18859,1.18896,1.18766,13802
2017-09-05 09:00:00,1.18836,1.18809,1.18845,1.18754,1.18859,1.18832,1.18869,1.18777,10253
2017-09-05 10:00:00,1.18809,1.18965,1.19059,1.18805,1.18832,1.18988,1.19083,1.18828,13933
2017-09-05 11:00:00,1.18965,1.1888,1.18967,1.18762,1.18988,1.18903,1.1899,1.18784,14615
2017-09-05 12:00:00,1.1888,1.18994,1.19034,1.18881,1.18903,1.19018,1.19057,1.18904,22358
2017-09-05 13:00:00,1.18994,1.1887,1.18998,1.18854,1.19018,1.189,1.1902,1.18878,18997
2017-09-05 14:00:00,1.1887,1.19173,1.19397,1.18867,1.189,1.19196,1.1942,1.18892,36052
2017-09-05 15:00:00,1.19173,1.19103,1.19237,1.18982,1.19196,1.19127,1.1926,1.19007,22967
2017-09-05 16:00:00,1.19103,1.1902,1.19221,1.19001,1.19127,1.19043,1.19244,1.19024,20163
2017-09-05 17:00:00,1.1902,1.18952,1.19141,1.18937,1.19043,1.18976,1.19165,1.1896,16916
2017-09-05 18:00:00,1.18952,1.19189,1.19207,1.18947,1.18976,1.19211,1.19229,1.18971,13582
2017-09-05 19:00:00,1.19189,1.19171,1.19291,1.19153,1.19211,1.19194,1.19314,1.19176,13045
2017-09-05 20:00:00,1.19171,1.19101,1.1919,1.19091,1.19194,1.1917,1.19214,1.19119,4679
2017-09-05 21:00:00,1.19101,1.19122,1.19145,1.19079,1.1917,1.19158,1.19212,1.19107,8955
2017-09-05 22:00:00,1.19122,1.19194,1.19213,1.19123,1.19158,1.19216,1.19238,1.19158,3494
2017-09-05 23:00:00,1.19194,1.19226,1.19234,1.19164,1.19216,1.19249,1.19255,1.19189,2025
2017-09-06 00:00:00,1.19226,1.19206,1.19235,1.19143,1.19249,1.19228,1.19259,1.19168,6386
2017-09-06 01:00:00,1.19206,1.19074,1.19232,1.19019,1.19228,1.19097,1.19254,1.19042,8663
2017-09-06 02:00:00,1.19074,1.19109,1.19127,1.19049,1.19097,1.19132,1.1915,1.19072,5629
2017-09-06 03:00:00,1.19109,1.19092,1.19138,1.1908,1.19132,1.19116,1.19162,1.19103,6020
2017-09-06 04:00:00,1.19092,1.1913,1.19142,1.19054,1.19116,1.19154,1.19166,1.19077,4478
2017-09-06 05:00:00,1.1913,1.19249,1.19283,1.19084,1.19154,1.1928,1.19306,1.19106,7271
2017-09-06 06:00:00,1.19249,1.19206,1.19253,1.19119,1.1928,1.19231,1.19281,1.19144,12344
2017-09-06 07:00:00,1.19206,1.19329,1.19398,1.19191,1.19231,1.19353,1.19419,1.19214,15406
2017-09-06 08:00:00,1.19329,1.19428,1.19485,1.19318,1.19353,1.19451,1.19508,1.19342,15211
2017-09-06 09:00:00,1.19428,1.19343,1.19484,1.19299,1.19451,1.19364,1.19508,1.19321,15993
2017-09-06 10:00:00,1.19343,1.19276,1.19465,1.19228,1.19364,1.193,1.19488,1.19252,13567
2017-09-06 11:00:00,1.19276,1.19307,1.19307,1.1918,1.193,1.1933,1.1933,1.19202,14185
2017-09-06 12:00:00,1.19307,1.19305,1.19395,1.19262,1.1933,1.19328,1.19419,1.19287,18380
2017-09-06 13:00:00,1.19305,1.19232,1.1933,1.19191,1.19328,1.19268,1.19353,1.19214,18495
2017-09-06 14:00:00,1.19232,1.19385,1.19441,1.19126,1.19268,1.19409,1.19464,1.1915,47482
2017-09-06 15:00:00,1.19385,1.19397,1.19481,1.19339,1.19409,1.19419,1.19504,1.19363,21793
2017-09-06 16:00:00,1.19397,1.19255,1.19494,1.19101,1.19419,1.19279,1.19514,1.19125,28224
2017-09-06 17:00:00,1.19255,1.19174,1.19273,1.19132,1.19279,1.19197,1.19297,1.19156,18547
2017-09-06 18:00:00,1.19174,1.19112,1.1924,1.19094,1.19197,1.19134,1.19264,1.19116,15593
2017-09-06 19:00:00,1.19112,1.19141,1.19156,1.19066,1.19134,1.19166,1.19179,1.19091,9642
2017-09-06 20:00:00,1.19141,1.19156,1.19204,1.19105,1.19166,1.19183,1.19223,1.19129,3046
2017-09-06 21:00:00,1.19156,1.19192,1.19219,1.19126,1.19183,1.19237,1.19258,1.19176,5513
2017-09-06 22:00:00,1.19192,1.19242,1.19249,1.19167,1.19237,1.19266,1.19273,1.19226,2027
2017-09-06 23:00:00,1.19242,1.19254,1.19265,1.19199,1.19266,1.19277,1.19287,1.19223,4119
2017-09-07 00:00:00,1.19254,1.19219,1.19336,1.19213,1.19277,1.1924,1.1936,1.19238,8891
2017-09-07 01:00:00,1.19219,1.19227,1.19232,1.1918,1.1924,1.19251,1.19257,1.19203,5707
2017-09-07 02:00:00,1.19227,1.19244,1.19272,1.19212,1.19251,1.19267,1.19294,1.19236,6154
2017-09-07 03:00:00,1.19244,1.19248,1.1927,1.19194,1.19267,1.1927,1.19293,1.19217,4889
2017-09-07 04:00:00,1.19248,1.19233,1.19258,1.19222,1.1927,1.19255,1.19281,1.19245,2543
2017-09-07 05:00:00,1.19233,1.19216,1.19262,1.1921,1.19255,1.19241,1.19286,1.19233,4564
2017-09-07 06:00:00,1.19216,1.19268,1.19271,1.1913,1.19241,1.19291,1.19295,1.19153,11491
2017-09-07 07:00:00,1.19268,1.19523,1.19567,1.19254,1.19291,1.19547,1.19591,1.19278,20306
2017-09-07 08:00:00,1.19523,1.19581,1.19694,1.19427,1.19547,1.19605,1.19718,1.19449,17995
2017-09-07 09:00:00,1.19581,1.19794,1.19817,1.19562,1.19605,1.19816,1.1984,1.19584,14881
2017-09-07 10:00:00,1.19794,1.19853,1.19931,1.19741,1.19816,1.19876,1.19955,1.19764,11866
2017-09-07 11:00:00,1.19853,1.19726,1.199,1.19614,1.19876,1.1975,1.19969,1.19647,23555
2017-09-07 12:00:00,1.19726,1.20413,1.20519,1.19279,1.1975,1.20436,1.20546,1.1931,92105
2017-09-07 13:00:00,1.20413,1.1999,1.20585,1.19713,1.20436,1.20015,1.20608,1.19741,66910
2017-09-07 14:00:00,1.1999,1.20093,1.20177,1.19955,1.20015,1.20118,1.202,1.19977,29874
2017-09-07 15:00:00,1.20093,1.20254,1.20308,1.20006,1.20118,1.20279,1.20333,1.20028,27898
2017-09-07 16:00:00,1.20254,1.19882,1.20285,1.19836,1.20279,1.19905,1.20309,1.19859,23289
2017-09-07 17:00:00,1.19882,1.19985,1.20027,1.19881,1.19905,1.20009,1.20051,1.19905,15591
2017-09-07 18:00:00,1.19985,1.20027,1.20082,1.19915,1.20009,1.20051,1.20105,1.19938,13415
2017-09-07 19:00:00,1.20027,1.20186,1.20193,1.19997,1.20051,1.2021,1.20213,1.2002,12261
2017-09-07 20:00:00,1.20186,1.20215,1.20281,1.20159,1.2021,1.2028,1.20299,1.20182,6293
2017-09-07 21:00:00,1.20215,1.20178,1.20244,1.2017,1.2028,1.20204,1.20281,1.20195,6335
2017-09-07 22:00:00,1.20178,1.20178,1.20215,1.20171,1.20204,1.20203,1.20239,1.20196,3211
2017-09-07 23:00:00,1.20178,1.2027,1.20283,1.20168,1.20203,1.20292,1.20307,1.2019,4183
2017-09-08 00:00:00,1.2027,1.20338,1.20351,1.2023,1.20292,1.20362,1.20373,1.20253,9754
2017-09-08 01:00:00,1.20338,1.20229,1.20349,1.20223,1.20362,1.20252,1.20373,1.20246,7563
2017-09-08 02:00:00,1.20229,1.20701,1.20887,1.20222,1.20252,1.20726,1.2091,1.20245,20398
2017-09-08 03:00:00,1.20701,1.20703,1.20802,1.20621,1.20726,1.20726,1.20825,1.20641,11704
2017-09-08 04:00:00,1.20703,1.20687,1.20714,1.20596,1.20726,1.20711,1.20737,1.20621,7256
2017-09-08 05:00:00,1.20687,1.20784,1.20913,1.20682,1.20711,1.20807,1.20937,1.20708,23914
2017-09-08 06:00:00,1.20784,1.20637,1.20855,1.20501,1.20807,1.2066,1.20875,1.20524,27915
2017-09-08 07:00:00,1.20637,1.20475,1.20655,1.20353,1.2066,1.20498,1.20678,1.20375,26037
2017-09-08 08:00:00,1.20475,1.20623,1.20684,1.20399,1.20498,1.20646,1.20707,1.20422,20898
2017-09-08 09:00:00,1.20623,1.20591,1.20635,1.20496,1.20646,1.20613,1.20658,1.20517,16131
2017-09-08 10:00:00,1.20591,1.2068,1.20726,1.20573,1.20613,1.20703,1.20749,1.20597,17681
2017-09-08 11:00:00,1.2068,1.20651,1.20692,1.20505,1.20703,1.20674,1.20714,1.20527,19563
2017-09-08 12:00:00,1.20651,1.20412,1.20667,1.20333,1.20674,1.20435,1.20689,1.20357,25709
2017-09-08 13:00:00,1.20412,1.20261,1.20498,1.20227,1.20435,1.20286,1.20521,1.20249,25044
2017-09-08 14:00:00,1.20261,1.20156,1.20385,1.20135,1.20286,1.20181,1.20408,1.20157,33118
2017-09-08 15:00:00,1.20156,1.20383,1.20409,1.20156,1.20181,1.20408,1.20432,1.20178,20054
2017-09-08 16:00:00,1.20383,1.20253,1.20429,1.20218,1.20408,1.20276,1.20452,1.20241,13116
2017-09-08 17:00:00,1.20253,1.20305,1.20316,1.20243,1.20276,1.20327,1.20338,1.20264,9010
2017-09-08 18:00:00,1.20305,1.20257,1.20313,1.20238,1.20327,1.20282,1.20337,1.20261,8030
2017-09-08 19:00:00,1.20257,1.20251,1.20371,1.2025,1.20282,1.20273,1.20395,1.20272,9548
2017-09-08 20:00:00,1.20251,1.20338,1.20376,1.20249,1.20273,1.20421,1.2043,1.20272,3538
2017-09-10 19:00:00,1.20338,1.20104,1.20244,1.20104,1.20421,1.20146,1.20312,1.20146,150
2017-09-10 20:00:00,1.20104,1.20138,1.20195,1.20099,1.20146,1.20232,1.20292,1.20142,205
2017-09-10 21:00:00,1.20138,1.20221,1.20244,1.20138,1.20232,1.20255,1.20287,1.20205,445
2017-09-10 22:00:00,1.20221,1.20177,1.20233,1.2011,1.20255,1.20202,1.20262,1.20139,4604
2017-09-10 23:00:00,1.20177,1.2016,1.20196,1.20099,1.20202,1.20183,1.20218,1.20125,3500
2017-09-11 00:00:00,1.2016,1.20112,1.2019,1.20095,1.20183,1.20134,1.20212,1.20119,7555
2017-09-11 01:00:00,1.20112,1.20053,1.20156,1.19978,1.20134,1.20077,1.2018,1.20002,10018
2017-09-11 02:00:00,1.20053,1.20159,1.20173,1.20032,1.20077,1.20183,1.20197,1.20056,6186
2017-09-11 03:00:00,1.20159,1.20129,1.20182,1.20094,1.20183,1.20153,1.20203,1.20118,3967
2017-09-11 04:00:00,1.20129,1.20064,1.20138,1.20031,1.20153,1.20088,1.20162,1.20055,4861
2017-09-11 05:00:00,1.20064,1.20146,1.20172,1.20042,1.20088,1.2017,1.20194,1.20065,6072
2017-09-11 06:00:00,1.20146,1.20068,1.20176,1.20009,1.2017,1.20092,1.20201,1.20031,14905
2017-09-11 07:00:00,1.20068,1.20135,1.20156,1.1992,1.20092,1.20158,1.20178,1.19944,22748
2017-09-11 08:00:00,1.20135,1.20202,1.20285,1.20107,1.20158,1.20225,1.20307,1.20129,12550
2017-09-11 09:00:00,1.20202,1.20119,1.20246,1.2009,1.20225,1.20142,1.20268,1.20113,10674
2017-09-11 10:00:00,1.20119,1.201,1.20209,1.2008,1.20142,1.20123,1.20231,1.20103,9201
2017-09-11 11:00:00,1.201,1.19968,1.20131,1.19888,1.20123,1.1999,1.20154,1.19913,14995
2017-09-11 12:00:00,1.19968,1.19834,1.20035,1.1978,1.1999,1.19857,1.20058,1.19802,22470
2017-09-11 13:00:00,1.19834,1.19869,1.19901,1.19704,1.19857,1.19893,1.19924,1.19725,20796
2017-09-11 14:00:00,1.19869,1.19816,1.19919,1.19784,1.19893,1.1984,1.19943,1.19805,20089
2017-09-11 15:00:00,1.19816,1.19622,1.19859,1.19594,1.1984,1.19644,1.19881,1.19616,19001
2017-09-11 16:00:00,1.19622,1.19685,1.1969,1.1956,1.19644,1.19709,1.19714,1.19583,10730
2017-09-11 17:00:00,1.19685,1.19619,1.19698,1.19577,1.19709,1.19642,1.19721,1.19601,14126
2017-09-11 18:00:00,1.19619,1.19614,1.19686,1.1961,1.19642,1.19637,1.19709,1.19632,8212
2017-09-11 19:00:00,1.19614,1.19514,1.19624,1.19482,1.19637,1.19538,1.19648,1.19504,9021
2017-09-11 20:00:00,1.19514,1.19503,1.19545,1.19468,1.19538,1.19541,1.1957,1.19489,2884
2017-09-11 21:00:00,1.19503,1.19542,1.19542,1.19496,1.19541,1.19566,1.19573,1.19528,3642
2017-09-11 22:00:00,1.19542,1.19613,1.19623,1.19537,1.19566,1.19638,1.19649,1.19562,3747
2017-09-11 23:00:00,1.19613,1.19567,1.19632,1.19567,1.19638,1.19591,1.19656,1.1959,2507
2017-09-12 00:00:00,1.19567,1.1946,1.196,1.19446,1.19591,1.19483,1.19624,1.1947,10034
2017-09-12 01:00:00,1.1946,1.19537,1.19548,1.19459,1.19483,1.1956,1.1957,1.19483,5884
2017-09-12 02:00:00,1.19537,1.19601,1.19613,1.19514,1.1956,1.19625,1.19637,1.19537,4514
2017-09-12 03:00:00,1.19601,1.19535,1.19623,1.19528,1.19625,1.19559,1.19647,1.19551,5009
2017-09-12 04:00:00,1.19535,1.19546,1.19584,1.19524,1.19559,1.19568,1.19608,1.19547,3199
2017-09-12 05:00:00,1.19546,1.19578,1.19593,1.19455,1.19568,1.19602,1.19618,1.19479,6049
2017-09-12 06:00:00,1.19578,1.19746,1.19766,1.19549,1.19602,1.19766,1.19791,1.1957,18433
2017-09-12 07:00:00,1.19746,1.19734,1.19771,1.19642,1.19766,1.19757,1.19794,1.19666,16406
2017-09-12 08:00:00,1.19734,1.19569,1.19737,1.19528,1.19757,1.19593,1.1976,1.19552,20047
2017-09-12 09:00:00,1.19569,1.19606,1.19636,1.19485,1.19593,1.19628,1.19658,1.19508,15169
2017-09-12 10:00:00,1.19606,1.19355,1.19637,1.19306,1.19628,1.19378,1.19659,1.19329,20061
2017-09-12 11:00:00,1.19355,1.19307,1.19374,1.19251,1.19378,1.19332,1.19398,1.19274,18328
2017-09-12 12:00:00,1.19307,1.19285,1.19415,1.19266,1.19332,1.19309,1.19439,1.1929,26164
2017-09-12 13:00:00,1.19285,1.19452,1.19505,1.19284,1.19309,1.19475,1.19525,1.19309,20699
2017-09-12 14:00:00,1.19452,1.19525,1.19673,1.19411,1.19475,1.19549,1.19696,1.19433,25319
2017-09-12 15:00:00,1.19525,1.19666,1.19713,1.195,1.19549,1.1969,1.19733,1.19523,18090
2017-09-12 16:00:00,1.19666,1.19617,1.19727,1.19549,1.1969,1.19639,1.1975,1.19572,15637
2017-09-12 17:00:00,1.19617,1.19589,1.19655,1.19534,1.19639,1.19613,1.19679,1.19558,12321
2017-09-12 18:00:00,1.19589,1.19684,1.19718,1.19577,1.19613,1.19708,1.19741,1.19599,11207
2017-09-12 19:00:00,1.19684,1.19655,1.19707,1.19588,1.19708,1.19679,1.19731,1.19612,10264
2017-09-12 20:00:00,1.19655,1.19654,1.19668,1.19608,1.19679,1.19681,1.19692,1.19632,3077
2017-09-12 21:00:00,1.19654,1.19644,1.19679,1.19583,1.19681,1.19662,1.19708,1.19609,6246
2017-09-12 22:00:00,1.19644,1.19708,1.1971,1.19628,1.19662,1.19732,1.19736,1.19651,2299
2017-09-12 23:00:00,1.19708,1.19701,1.19717,1.19632,1.19732,1.19724,1.1974,1.19654,3611
2017-09-13 00:00:00,1.19701,1.19688,1.19725,1.19656,1.19724,1.19711,1.19749,1.19676,9098
2017-09-13 01:00:00,1.19688,1.1983,1.1992,1.19683,1.19711,1.19853,1.19944,1.19707,7510
2017-09-13 02:00:00,1.1983,1.19839,1.19869,1.19761,1.19853,1.19863,1.19895,1.19784,8308
2017-09-13 03:00:00,1.19839,1.19814,1.19843,1.19745,1.19863,1.19837,1.19865,1.1977,7037
2017-09-13 04:00:00,1.19814,1.19823,1.19886,1.19795,1.19837,1.19846,1.19911,1.19818,6187
2017-09-13 05:00:00,1.19823,1.1978,1.19825,1.19739,1.19846,1.19803,1.19848,1.19762,5153
2017-09-13 06:00:00,1.1978,1.19727,1.19887,1.19709,1.19803,1.19751,1.1991,1.19732,16197
2017-09-13 07:00:00,1.19727,1.19836,1.19887,1.19675,1.19751,1.1986,1.1991,1.19697,16335
2017-09-13 08:00:00,1.19836,1.1978,1.19938,1.19775,1.1986,1.19803,1.19962,1.19798,15280
2017-09-13 09:00:00,1.1978,1.19712,1.19821,1.19634,1.19803,1.19735,1.19845,1.19657,11859
2017-09-13 10:00:00,1.19712,1.19854,1.19854,1.19696,1.19735,1.19876,1.19877,1.19719,10022
2017-09-13 11:00:00,1.19854,1.19841,1.19866,1.19779,1.19876,1.19864,1.1989,1.19803,9005
2017-09-13 12:00:00,1.19841,1.19727,1.19886,1.19687,1.19864,1.19751,1.19909,1.19709,20977
2017-09-13 13:00:00,1.19727,1.19367,1.19735,1.19367,1.19751,1.19391,1.1976,1.19388,25568
2017-09-13 14:00:00,1.19367,1.19151,1.19392,1.19032,1.19391,1.19175,1.19417,1.19057,32886
2017-09-13 15:00:00,1.19151,1.18973,1.19173,1.18832,1.19175,1.18996,1.19197,1.18854,25906
2017-09-13 16:00:00,1.18973,1.18801,1.18998,1.18789,1.18996,1.18824,1.19021,1.18813,11824
2017-09-13 17:00:00,1.18801,1.18849,1.18946,1.18783,1.18824,1.18873,1.18969,1.18807,18593
2017-09-13 18:00:00,1.18849,1.18731,1.18851,1.1872,1.18873,1.18754,1.18874,1.18742,9215
2017-09-13 19:00:00,1.18731,1.18832,1.18847,1.1872,1.18754,1.18856,1.1887,1.18742,8688
2017-09-13 20:00:00,1.18832,1.18841,1.18866,1.18791,1.18856,1.18869,1.18891,1.18814,3504
2017-09-13 21:00:00,1.18841,1.18858,1.18898,1.18787,1.18869,1.18901,1.18934,1.18849,3862
2017-09-13 22:00:00,1.18858,1.18927,1.18929,1.18839,1.18901,1.18951,1.18952,1.18862,1947
2017-09-13 23:00:00,1.18927,1.18869,1.18931,1.18851,1.18951,1.18892,1.18956,1.18874,1415
2017-09-14 00:00:00,1.18869,1.18816,1.18903,1.18804,1.18892,1.18839,1.18927,1.18827,6883
2017-09-14 01:00:00,1.18816,1.18746,1.18821,1.18693,1.18839,1.18769,1.18845,1.18716,9001
2017-09-14 02:00:00,1.18746,1.18747,1.18845,1.18715,1.18769,1.18767,1.18868,1.18738,6993
2017-09-14 03:00:00,1.18747,1.1874,1.18782,1.18695,1.18767,1.18763,1.18805,1.18718,4289
2017-09-14 04:00:00,1.1874,1.1877,1.18782,1.18717,1.18763,1.18793,1.18806,1.18741,3869
2017-09-14 05:00:00,1.1877,1.18744,1.18769,1.18647,1.18793,1.18767,1.18794,1.18671,5303
2017-09-14 06:00:00,1.18744,1.18834,1.1886,1.18667,1.18767,1.18858,1.18884,1.18692,15975
2017-09-14 07:00:00,1.18834,1.19047,1.19088,1.1879,1.18858,1.19069,1.1911,1.18812,18991
2017-09-14 08:00:00,1.19047,1.19036,1.19048,1.18929,1.19069,1.19058,1.19069,1.18952,12267
2017-09-14 09:00:00,1.19036,1.18944,1.19062,1.18904,1.19058,1.18967,1.19084,1.18927,10520
2017-09-14 10:00:00,1.18944,1.19003,1.19035,1.18932,1.18967,1.19026,1.19057,1.18955,10025
2017-09-14 11:00:00,1.19003,1.18909,1.19016,1.18767,1.19026,1.18934,1.19039,1.18792,30761
2017-09-14 12:00:00,1.18909,1.18915,1.1908,1.18361,1.18934,1.18937,1.19102,1.18385,70149
2017-09-14 13:00:00,1.18915,1.1882,1.18971,1.18672,1.18937,1.18844,1.18996,1.18696,38451
2017-09-14 14:00:00,1.1882,1.1872,1.18964,1.18696,1.18844,1.18743,1.18987,1.18719,25118
2017-09-14 15:00:00,1.1872,1.18849,1.18875,1.18691,1.18743,1.18873,1.18898,1.18712,20460
2017-09-14 16:00:00,1.18849,1.18827,1.18879,1.18735,1.18873,1.1885,1.18901,1.18758,9677
2017-09-14 17:00:00,1.18827,1.19169,1.19212,1.18822,1.1885,1.19192,1.19235,1.18844,18849
2017-09-14 18:00:00,1.19169,1.19119,1.19189,1.19108,1.19192,1.19142,1.19213,1.1913,11172
2017-09-14 19:00:00,1.19119,1.19042,1.19131,1.19014,1.19142,1.19066,1.19152,1.19037,8594
2017-09-14 20:00:00,1.19042,1.1917,1.19191,1.19019,1.19066,1.19197,1.19215,1.19043,5691
2017-09-14 21:00:00,1.1917,1.19131,1.19198,1.19097,1.19197,1.19151,1.19228,1.1913,6280
2017-09-14 22:00:00,1.19131,1.19177,1.19218,1.19048,1.19151,1.19201,1.19242,1.19079,7648
2017-09-14 23:00:00,1.19177,1.19202,1.1921,1.1914,1.19201,1.19225,1.19233,1.19165,4537
2017-09-15 00:00:00,1.19202,1.1907,1.19227,1.19062,1.19225,1.19094,1.1925,1.19086,9217
2017-09-15 01:00:00,1.1907,1.19047,1.19107,1.18999,1.19094,1.19069,1.19131,1.19022,7121
2017-09-15 02:00:00,1.19047,1.19141,1.19171,1.19044,1.19069,1.19165,1.19195,1.19067,5520
2017-09-15 03:00:00,1.19141,1.19074,1.1915,1.19033,1.19165,1.19098,1.19172,1.19057,5813
2017-09-15 04:00:00,1.19074,1.19113,1.1912,1.19032,1.19098,1.19137,1.19143,1.19056,5008
2017-09-15 05:00:00,1.19113,1.19187,1.19197,1.19089,1.19137,1.19211,1.19221,1.19112,6106
2017-09-15 06:00:00,1.19187,1.19222,1.19283,1.19039,1.19211,1.19246,1.19308,1.19063,19509
2017-09-15 07:00:00,1.19222,1.19198,1.1929,1.19117,1.19246,1.1922,1.19314,1.1914,18309
2017-09-15 08:00:00,1.19198,1.19282,1.19389,1.19122,1.1922,1.19305,1.19411,1.19143,17906
2017-09-15 09:00:00,1.19282,1.19367,1.19548,1.19255,1.19305,1.19391,1.19571,1.19277,30853
2017-09-15 10:00:00,1.19367,1.19496,1.19506,1.19358,1.19391,1.19519,1.19529,1.1938,16324
2017-09-15 11:00:00,1.19496,1.19477,1.19621,1.19474,1.19519,1.195,1.19645,1.19496,15409
2017-09-15 12:00:00,1.19477,1.19728,1.19862,1.19473,1.195,1.19751,1.19888,1.19496,36623
2017-09-15 13:00:00,1.19728,1.19754,1.19857,1.19625,1.19751,1.19776,1.19879,1.1965,23426
2017-09-15 14:00:00,1.19754,1.19621,1.19773,1.19583,1.19776,1.19645,1.19797,1.19606,28075
2017-09-15 15:00:00,1.19621,1.19572,1.19664,1.1953,1.19645,1.19595,1.19687,1.19553,18499
2017-09-15 16:00:00,1.19572,1.19442,1.19703,1.19389,1.19595,1.19465,1.19727,1.19412,14492
2017-09-15 17:00:00,1.19442,1.19352,1.19448,1.19295,1.19465,1.19376,1.19473,1.19314,9460
2017-09-15 18:00:00,1.19352,1.19396,1.19418,1.19284,1.19376,1.1942,1.19441,1.19307,8909
2017-09-15 19:00:00,1.19396,1.19444,1.19451,1.19337,1.1942,1.19465,1.19475,1.1936,7313
2017-09-15 20:00:00,1.19444,1.19394,1.196,1.1936,1.19465,1.19478,1.19623,1.19457,5498
2017-09-17 19:00:00,1.19394,1.19278,1.19356,1.19278,1.19478,1.19388,1.19461,1.19336,130
2017-09-17 20:00:00,1.19278,1.19198,1.19278,1.19179,1.19388,1.19225,1.19388,1.19224,111
2017-09-17 21:00:00,1.19198,1.19334,1.19346,1.19188,1.19225,1.19364,1.19394,1.19214,546
2017-09-17 22:00:00,1.19334,1.19415,1.19492,1.19332,1.19364,1.19441,1.19517,1.19364,4759
2017-09-17 23:00:00,1.19415,1.19367,1.19453,1.19326,1.19441,1.19391,1.19476,1.19349,2565
2017-09-18 00:00:00,1.19367,1.19429,1.19444,1.1935,1.19391,1.19453,1.19466,1.19374,3309
2017-09-18 01:00:00,1.19429,1.19475,1.19485,1.19413,1.19453,1.19498,1.19509,1.19438,4194
2017-09-18 02:00:00,1.19475,1.19443,1.19538,1.19438,1.19498,1.19467,1.19563,1.19462,6355
2017-09-18 03:00:00,1.19443,1.1943,1.19458,1.19391,1.19467,1.19454,1.19482,1.19415,3747
2017-09-18 04:00:00,1.1943,1.19396,1.19445,1.19378,1.19454,1.19419,1.19469,1.19402,3310
2017-09-18 05:00:00,1.19396,1.19425,1.19454,1.1937,1.19419,1.19449,1.19478,1.19393,4301
2017-09-18 06:00:00,1.19425,1.19469,1.1955,1.19384,1.19449,1.19494,1.19575,1.19408,13970
2017-09-18 07:00:00,1.19469,1.19242,1.195,1.19135,1.19494,1.19265,1.19526,1.19159,20711
2017-09-18 08:00:00,1.19242,1.19379,1.19407,1.1922,1.19265,1.19402,1.1943,1.19242,13628
2017-09-18 09:00:00,1.19379,1.19497,1.19529,1.19361,1.19402,1.1952,1.19552,1.19385,12511
2017-09-18 10:00:00,1.19497,1.19565,1.19599,1.19415,1.1952,1.19589,1.19622,1.19438,11588
2017-09-18 11:00:00,1.19565,1.19425,1.19682,1.19411,1.19589,1.19449,1.19706,1.19435,16100
2017-09-18 12:00:00,1.19425,1.196,1.19625,1.19404,1.19449,1.19624,1.19648,1.19427,12801
2017-09-18 13:00:00,1.196,1.19589,1.19623,1.19454,1.19624,1.19613,1.19647,1.19478,15728
2017-09-18 14:00:00,1.19589,1.19546,1.19659,1.19453,1.19613,1.1957,1.19683,1.19476,18865
2017-09-18 15:00:00,1.19546,1.19384,1.19625,1.19339,1.1957,1.19408,1.19649,1.19362,22414
2017-09-18 16:00:00,1.19384,1.19332,1.19384,1.19212,1.19408,1.19356,1.19408,1.19237,15464
2017-09-18 17:00:00,1.19332,1.19355,1.19411,1.19314,1.19356,1.19379,1.19433,1.19338,8666
2017-09-18 18:00:00,1.19355,1.19489,1.19531,1.19264,1.19379,1.19513,1.19553,1.19287,19162
2017-09-18 19:00:00,1.19489,1.19516,1.19567,1.19446,1.19513,1.1954,1.1959,1.1947,9915
2017-09-18 20:00:00,1.19516,1.19476,1.1958,1.19474,1.1954,1.19555,1.19604,1.19516,3328
2017-09-18 21:00:00,1.19476,1.19501,1.19539,1.19477,1.19555,1.19535,1.19587,1.19513,3010
2017-09-18 22:00:00,1.19501,1.19555,1.1957,1.19494,1.19535,1.19579,1.19594,1.19535,2481
2017-09-18 23:00:00,1.19555,1.19588,1.19601,1.1955,1.19579,1.19611,1.19624,1.19573,2999
2017-09-19 00:00:00,1.19588,1.1963,1.19656,1.19574,1.19611,1.19653,1.1968,1.19597,5909
2017-09-19 01:00:00,1.1963,1.19669,1.19737,1.19628,1.19653,1.19691,1.19761,1.19653,9006
2017-09-19 02:00:00,1.19669,1.19652,1.19693,1.19611,1.19691,1.19676,1.19717,1.19635,5223
2017-09-19 03:00:00,1.19652,1.19696,1.19698,1.19638,1.19676,1.1972,1.19721,1.1966,4669
2017-09-19 04:00:00,1.19696,1.19746,1.19788,1.19665,1.1972,1.1977,1.1981,1.19688,6451
2017-09-19 05:00:00,1.19746,1.19815,1.19907,1.1973,1.1977,1.1984,1.1993,1.19753,9285
2017-09-19 06:00:00,1.19815,1.19936,1.20047,1.19765,1.1984,1.1996,1.20069,1.1979,18588
2017-09-19 07:00:00,1.19936,1.19927,1.20054,1.19812,1.1996,1.1995,1.20074,1.19835,19378
2017-09-19 08:00:00,1.19927,1.19832,1.20028,1.19704,1.1995,1.1986,1.2005,1.19728,21916
2017-09-19 09:00:00,1.19832,1.19877,1.19922,1.1981,1.1986,1.199,1.19945,1.19836,17368
2017-09-19 10:00:00,1.19877,1.19891,1.19936,1.19816,1.199,1.19914,1.19959,1.19839,12858
2017-09-19 11:00:00,1.19891,1.19714,1.19915,1.19519,1.19914,1.19737,1.19936,1.19549,30616
2017-09-19 12:00:00,1.19714,1.1983,1.19919,1.19627,1.19737,1.19855,1.19943,1.19649,28835
2017-09-19 13:00:00,1.1983,1.19843,1.19897,1.19747,1.19855,1.19867,1.1992,1.19771,21143
2017-09-19 14:00:00,1.19843,1.19763,1.19856,1.19714,1.19867,1.19787,1.19881,1.19737,25154
2017-09-19 15:00:00,1.19763,1.19794,1.19805,1.19656,1.19787,1.19817,1.19828,1.1968,16041
2017-09-19 16:00:00,1.19794,1.19727,1.19866,1.19591,1.19817,1.19751,1.19887,1.19616,18095
2017-09-19 17:00:00,1.19727,1.19942,1.19995,1.19693,1.19751,1.19966,1.20018,1.19717,14120
2017-09-19 18:00:00,1.19942,1.19943,1.20055,1.19917,1.19966,1.19966,1.2008,1.19939,12796
2017-09-19 19:00:00,1.19943,1.19963,1.19993,1.19918,1.19966,1.19989,1.20013,1.19941,7484
2017-09-19 20:00:00,1.19963,1.19933,1.19967,1.19912,1.19989,1.19956,1.19992,1.19939,2791
2017-09-19 21:00:00,1.19933,1.19941,1.19959,1.1989,1.19956,1.19961,1.19988,1.19927,4019
2017-09-19 22:00:00,1.19941,1.19933,1.19957,1.19923,1.19961,1.19957,1.19981,1.19947,1744
2017-09-19 23:00:00,1.19933,1.19914,1.19995,1.19894,1.19957,1.19938,1.20019,1.19919,2648
2017-09-20 00:00:00,1.19914,1.19909,1.1994,1.19857,1.19938,1.19933,1.19964,1.19879,6340
2017-09-20 01:00:00,1.19909,1.20128,1.20185,1.19896,1.19933,1.20153,1.20208,1.19919,12376
2017-09-20 02:00:00,1.20128,1.20065,1.20168,1.20056,1.20153,1.20088,1.20191,1.20079,6388
2017-09-20 03:00:00,1.20065,1.20066,1.20098,1.20052,1.20088,1.2009,1.20121,1.20076,3791
2017-09-20 04:00:00,1.20066,1.20057,1.20087,1.20027,1.2009,1.20081,1.20111,1.20048,3332
2017-09-20 05:00:00,1.20057,1.20088,1.20137,1.20044,1.20081,1.20111,1.20161,1.20067,4803
2017-09-20 06:00:00,1.20088,1.19982,1.2015,1.19955,1.20111,1.20006,1.20172,1.19979,14453
2017-09-20 07:00:00,1.19982,1.19984,1.2013,1.19946,1.20006,1.20007,1.20153,1.19969,13747
2017-09-20 08:00:00,1.19984,1.20059,1.20112,1.19966,1.20007,1.20081,1.20136,1.19988,14991
2017-09-20 09:00:00,1.20059,1.20116,1.20208,1.20047,1.20081,1.2014,1.20233,1.2007,15515
2017-09-20 10:00:00,1.20116,1.20044,1.20123,1.19994,1.2014,1.20067,1.20146,1.20017,9708
2017-09-20 11:00:00,1.20044,1.20038,1.20076,1.20001,1.20067,1.20061,1.20099,1.20024,8785
2017-09-20 12:00:00,1.20038,1.19909,1.20107,1.19878,1.20061,1.19934,1.20131,1.19899,14439
2017-09-20 13:00:00,1.19909,1.19949,1.20014,1.19899,1.19934,1.19973,1.20039,1.19923,13104
2017-09-20 14:00:00,1.19949,1.1994,1.20005,1.19908,1.19973,1.19963,1.20029,1.1993,19483
2017-09-20 15:00:00,1.1994,1.19964,1.2,1.19828,1.19963,1.19988,1.20024,1.19851,15770
2017-09-20 16:00:00,1.19964,1.20031,1.20048,1.19963,1.19988,1.20054,1.20069,1.19987,9376
2017-09-20 17:00:00,1.20031,1.20116,1.20136,1.1996,1.20054,1.20139,1.20176,1.19982,9544
2017-09-20 18:00:00,1.20116,1.18895,1.20332,1.18601,1.20139,1.18916,1.20375,1.18625,108478
2017-09-20 19:00:00,1.18895,1.18902,1.18978,1.18668,1.18916,1.18926,1.19001,1.18691,41832
2017-09-20 20:00:00,1.18902,1.18893,1.19009,1.18891,1.18926,1.18958,1.19033,1.18914,8697
2017-09-20 21:00:00,1.18893,1.18926,1.18964,1.18807,1.18958,1.18972,1.19001,1.18851,7377
2017-09-20 22:00:00,1.18926,1.18885,1.18948,1.18848,1.18972,1.18908,1.18976,1.18874,3808
2017-09-20 23:00:00,1.18885,1.18732,1.18901,1.18653,1.18908,1.18756,1.18926,1.18676,6063
2017-09-21 00:00:00,1.18732,1.18765,1.18817,1.18647,1.18756,1.18788,1.18841,1.18669,11382
2017-09-21 01:00:00,1.18765,1.1874,1.18824,1.18658,1.18788,1.18763,1.18846,1.18683,10237
2017-09-21 02:00:00,1.1874,1.18843,1.18846,1.18699,1.18763,1.18866,1.1887,1.18722,7405
2017-09-21 03:00:00,1.18843,1.18842,1.18904,1.188,1.18866,1.18866,1.18928,1.18824,8094
2017-09-21 04:00:00,1.18842,1.18822,1.18861,1.1881,1.18866,1.18846,1.18884,1.18832,3814
2017-09-21 05:00:00,1.18822,1.18819,1.18856,1.18754,1.18846,1.18842,1.1888,1.18777,9418
2017-09-21 06:00:00,1.18819,1.18951,1.18996,1.18782,1.18842,1.18975,1.19019,1.18805,20322
2017-09-21 07:00:00,1.18951,1.19014,1.19065,1.18754,1.18975,1.19037,1.19088,1.18777,21561
2017-09-21 08:00:00,1.19014,1.19122,1.19171,1.19002,1.19037,1.19146,1.19195,1.19026,15268
2017-09-21 09:00:00,1.19122,1.19122,1.19182,1.19068,1.19146,1.19145,1.19206,1.19092,10744
2017-09-21 10:00:00,1.19122,1.19014,1.19141,1.19014,1.19145,1.19039,1.19165,1.19039,11396
2017-09-21 11:00:00,1.19014,1.19014,1.19039,1.18896,1.19039,1.19036,1.19062,1.1892,14153
2017-09-21 12:00:00,1.19014,1.19154,1.19217,1.18967,1.19036,1.19179,1.19241,1.18997,23029
2017-09-21 13:00:00,1.19154,1.19233,1.1928,1.19073,1.19179,1.19258,1.19303,1.19097,22933
2017-09-21 14:00:00,1.19233,1.19212,1.19254,1.19089,1.19258,1.19235,1.19274,1.19112,22500
2017-09-21 15:00:00,1.19212,1.19455,1.19527,1.19155,1.19235,1.19477,1.1955,1.1918,24379
2017-09-21 16:00:00,1.19455,1.19314,1.19489,1.19305,1.19477,1.19336,1.19514,1.19328,13932
2017-09-21 17:00:00,1.19314,1.19339,1.1938,1.1927,1.19336,1.19363,1.19404,1.19292,8799
2017-09-21 18:00:00,1.19339,1.19295,1.19342,1.19293,1.19363,1.19316,1.19365,1.19314,4667
2017-09-21 19:00:00,1.19295,1.19301,1.19358,1.19294,1.19316,1.19324,1.1938,1.19316,4382
2017-09-21 20:00:00,1.19301,1.19404,1.19415,1.19303,1.19324,1.19427,1.19438,1.19325,2608
2017-09-21 21:00:00,1.19404,1.19388,1.19414,1.19357,1.19427,1.19414,1.1944,1.19389,2372
2017-09-21 22:00:00,1.19388,1.19397,1.19418,1.19363,1.19414,1.19422,1.19441,1.19389,1780
2017-09-21 23:00:00,1.19397,1.19432,1.19477,1.19388,1.19422,1.19455,1.19501,1.19411,2558
2017-09-22 00:00:00,1.19432,1.19405,1.19455,1.19385,1.19455,1.19428,1.19478,1.19408,6027
2017-09-22 01:00:00,1.19405,1.19532,1.19575,1.19398,1.19428,1.19555,1.19598,1.19421,8179
2017-09-22 02:00:00,1.19532,1.19547,1.19585,1.19481,1.19555,1.1957,1.19608,1.19503,6026
2017-09-22 03:00:00,1.19547,1.19564,1.19579,1.19519,1.1957,1.19587,1.19602,1.19544,3658
2017-09-22 04:00:00,1.19564,1.1959,1.19637,1.19529,1.19587,1.19614,1.1966,1.19553,3298
2017-09-22 05:00:00,1.1959,1.1967,1.19686,1.19567,1.19614,1.19693,1.1971,1.19592,5071
2017-09-22 06:00:00,1.1967,1.1969,1.19732,1.19566,1.19693,1.19713,1.19753,1.19589,11015
2017-09-22 07:00:00,1.1969,1.19913,1.19972,1.19638,1.19713,1.19933,1.19994,1.19662,17906
2017-09-22 08:00:00,1.19913,1.19891,1.20018,1.19863,1.19933,1.19914,1.20039,1.19885,12769
2017-09-22 09:00:00,1.19891,1.19942,1.19942,1.1976,1.19914,1.19964,1.19965,1.19783,12184
2017-09-22 10:00:00,1.19942,1.19647,1.20036,1.19582,1.19964,1.19669,1.20058,1.19603,13333
2017-09-22 11:00:00,1.19647,1.19617,1.19795,1.196,1.19669,1.1964,1.19816,1.19622,14660
2017-09-22 12:00:00,1.19617,1.19704,1.19737,1.19575,1.1964,1.19728,1.1976,1.19597,15670
2017-09-22 13:00:00,1.19704,1.19668,1.1973,1.19571,1.19728,1.19692,1.19752,1.19595,21721
2017-09-22 14:00:00,1.19668,1.19667,1.19828,1.19639,1.19692,1.19691,1.1985,1.19661,16873
2017-09-22 15:00:00,1.19667,1.19677,1.19718,1.19579,1.19691,1.197,1.1974,1.19602,11586
2017-09-22 16:00:00,1.19677,1.19438,1.19688,1.1936,1.197,1.19459,1.1971,1.19383,11985
2017-09-22 17:00:00,1.19438,1.19455,1.19481,1.19386,1.19459,1.19477,1.19504,1.19408,5283
2017-09-22 18:00:00,1.19455,1.19419,1.19525,1.19397,1.19477,1.19442,1.19549,1.1942,6268
2017-09-22 19:00:00,1.19419,1.19431,1.19455,1.19389,1.19442,1.19455,1.19478,1.19412,6465
2017-09-22 20:00:00,1.19431,1.19463,1.19532,1.1941,1.19455,1.19489,1.19558,1.19434,7577
2017-09-24 18:00:00,1.19463,1.19105,1.19125,1.19041,1.19489,1.19205,1.19228,1.1913,28
2017-09-24 19:00:00,1.19105,1.19029,1.19274,1.18973,1.19205,1.1906,1.19334,1.19042,709
2017-09-24 20:00:00,1.19029,1.18979,1.19114,1.18953,1.1906,1.19004,1.19159,1.18982,614
2017-09-24 21:00:00,1.18979,1.19137,1.1914,1.18953,1.19004,1.19176,1.19178,1.19,1015
2017-09-24 22:00:00,1.19137,1.19213,1.1924,1.19134,1.19176,1.19235,1.19266,1.19163,4162
2017-09-24 23:00:00,1.19213,1.19257,1.1926,1.19175,1.19235,1.19279,1.19282,1.19198,4832
2017-09-25 00:00:00,1.19257,1.19269,1.19338,1.19244,1.19279,1.19293,1.19361,1.19268,6717
2017-09-25 01:00:00,1.19269,1.19286,1.19313,1.19177,1.19293,1.19309,1.19334,1.19201,5481
2017-09-25 02:00:00,1.19286,1.193,1.19323,1.19266,1.19309,1.19325,1.19347,1.19289,3678
2017-09-25 03:00:00,1.193,1.19315,1.19316,1.19267,1.19325,1.19339,1.1934,1.19289,3726
2017-09-25 04:00:00,1.19315,1.19321,1.19354,1.19302,1.19339,1.19345,1.19378,1.19326,2673
2017-09-25 05:00:00,1.19321,1.19267,1.19344,1.1924,1.19345,1.19288,1.19367,1.19263,4401
2017-09-25 06:00:00,1.19267,1.19086,1.193,1.19023,1.19288,1.19109,1.19323,1.19043,12152
2017-09-25 07:00:00,1.19086,1.1909,1.19196,1.18989,1.19109,1.19114,1.19219,1.19012,15530
2017-09-25 08:00:00,1.1909,1.19042,1.19141,1.18975,1.19114,1.19065,1.19164,1.18997,11929
2017-09-25 09:00:00,1.19042,1.18854,1.19057,1.18789,1.19065,1.18877,1.19079,1.18813,16613
2017-09-25 10:00:00,1.18854,1.18752,1.18881,1.18677,1.18877,1.18772,1.18904,1.18698,12005
2017-09-25 11:00:00,1.18752,1.18699,1.18802,1.18656,1.18772,1.18721,1.18825,1.18677,10765
2017-09-25 12:00:00,1.18699,1.18718,1.18764,1.1863,1.18721,1.18741,1.18786,1.18652,14327
2017-09-25 13:00:00,1.18718,1.18781,1.18889,1.18609,1.18741,1.18805,1.18912,1.18632,21430
2017-09-25 14:00:00,1.18781,1.1865,1.18873,1.18635,1.18805,1.18673,1.18897,1.18657,20218
2017-09-25 15:00:00,1.1865,1.185,1.18716,1.18485,1.18673,1.18524,1.18739,1.18507,24426
2017-09-25 16:00:00,1.185,1.18441,1.18515,1.1831,1.18524,1.18462,1.18538,1.18331,17207
2017-09-25 17:00:00,1.18441,1.18393,1.18443,1.18361,1.18462,1.18417,1.18464,1.18383,8936
2017-09-25 18:00:00,1.18393,1.18439,1.18457,1.18374,1.18417,1.18464,1.18482,1.18398,8190
2017-09-25 19:00:00,1.18439,1.18468,1.18543,1.18432,1.18464,1.1849,1.18567,1.18456,7309
2017-09-25 20:00:00,1.18468,1.18471,1.18481,1.18438,1.1849,1.18499,1.18507,1.18461,2601
2017-09-25 21:00:00,1.18471,1.18455,1.18482,1.18435,1.18499,1.18483,1.18529,1.18466,4051
2017-09-25 22:00:00,1.18455,1.18543,1.18559,1.18449,1.18483,1.18569,1.18584,1.18467,5228
2017-09-25 23:00:00,1.18543,1.18546,1.18562,1.18509,1.18569,1.18571,1.18585,1.18534,4117
2017-09-26 00:00:00,1.18546,1.18531,1.18584,1.18489,1.18571,1.18555,1.18606,1.18513,7593
2017-09-26 01:00:00,1.18531,1.18575,1.18593,1.18517,1.18555,1.18599,1.18617,1.1854,4689
2017-09-26 02:00:00,1.18575,1.18569,1.186,1.18533,1.18599,1.18591,1.18625,1.18556,3665
2017-09-26 03:00:00,1.18569,1.186,1.18605,1.18561,1.18591,1.18624,1.18628,1.18584,2673
2017-09-26 04:00:00,1.186,1.18524,1.18603,1.18522,1.18624,1.18546,1.18627,1.18545,2653
2017-09-26 05:00:00,1.18524,1.184,1.18527,1.18349,1.18546,1.18423,1.18551,1.18371,6224
2017-09-26 06:00:00,1.184,1.18448,1.18579,1.18388,1.18423,1.18471,1.18602,1.18412,13096
2017-09-26 07:00:00,1.18448,1.18115,1.18454,1.18094,1.18471,1.18138,1.18477,1.18118,24440
2017-09-26 08:00:00,1.18115,1.1816,1.18184,1.18086,1.18138,1.18184,1.18204,1.18109,11625
2017-09-26 09:00:00,1.1816,1.18136,1.1828,1.18118,1.18184,1.1816,1.18303,1.18142,11034
2017-09-26 10:00:00,1.18136,1.17887,1.18154,1.17848,1.1816,1.1791,1.18175,1.17871,16358
2017-09-26 11:00:00,1.17887,1.17876,1.1797,1.17812,1.1791,1.179,1.17992,1.17833,12365
2017-09-26 12:00:00,1.17876,1.17907,1.17948,1.17797,1.179,1.1793,1.17971,1.17819,13053
2017-09-26 13:00:00,1.17907,1.17794,1.17962,1.17792,1.1793,1.17817,1.17985,1.17815,11707
2017-09-26 14:00:00,1.17794,1.1765,1.17892,1.1763,1.17817,1.17673,1.17915,1.17653,17948
2017-09-26 15:00:00,1.1765,1.17691,1.1773,1.17648,1.17673,1.17715,1.17753,1.17671,11379
2017-09-26 16:00:00,1.17691,1.1781,1.17943,1.17564,1.17715,1.17834,1.17966,1.17583,27892
2017-09-26 17:00:00,1.1781,1.18082,1.18093,1.17803,1.17834,1.18106,1.18116,1.17823,19578
2017-09-26 18:00:00,1.18082,1.17976,1.18092,1.1793,1.18106,1.17999,1.18115,1.17951,9235
2017-09-26 19:00:00,1.17976,1.17918,1.17979,1.17863,1.17999,1.1794,1.18002,1.17885,7225
2017-09-26 20:00:00,1.17918,1.17907,1.17933,1.17841,1.1794,1.17949,1.17961,1.17863,4165
2017-09-26 21:00:00,1.17907,1.17902,1.1793,1.17888,1.17949,1.1793,1.17963,1.17917,3398
2017-09-26 22:00:00,1.17902,1.17886,1.1791,1.17879,1.1793,1.17911,1.17938,1.17904,2113
2017-09-26 23:00:00,1.17886,1.17828,1.17892,1.1781,1.17911,1.17852,1.17916,1.17834,3676
2017-09-27 00:00:00,1.17828,1.17867,1.17871,1.17755,1.17852,1.17891,1.17893,1.1778,7884
2017-09-27 01:00:00,1.17867,1.17881,1.17942,1.17856,1.17891,1.17903,1.17966,1.17879,5789
2017-09-27 02:00:00,1.17881,1.17878,1.17893,1.17854,1.17903,1.17901,1.17915,1.17877,3757
2017-09-27 03:00:00,1.17878,1.17899,1.17911,1.17846,1.17901,1.17922,1.17933,1.1787,3765
2017-09-27 04:00:00,1.17899,1.17785,1.17913,1.17765,1.17922,1.17806,1.17935,1.17788,4178
2017-09-27 05:00:00,1.17785,1.17736,1.17831,1.17695,1.17806,1.17759,1.17853,1.17718,6071
2017-09-27 06:00:00,1.17736,1.17577,1.17784,1.17555,1.17759,1.17599,1.17808,1.17577,14491
2017-09-27 07:00:00,1.17577,1.17558,1.17588,1.17411,1.17599,1.17581,1.17613,1.17435,19169
2017-09-27 08:00:00,1.17558,1.17351,1.17566,1.173,1.17581,1.17373,1.17585,1.17323,17863
2017-09-27 09:00:00,1.17351,1.17472,1.17487,1.17332,1.17373,1.17496,1.1751,1.17355,12439
2017-09-27 10:00:00,1.17472,1.17452,1.17559,1.17437,1.17496,1.17473,1.17581,1.17459,10562
2017-09-27 11:00:00,1.17452,1.17436,1.17459,1.1731,1.17473,1.17459,1.17479,1.17332,12126
2017-09-27 12:00:00,1.17436,1.17191,1.17446,1.17172,1.17459,1.17214,1.17469,1.17193,17774
2017-09-27 13:00:00,1.17191,1.17249,1.17288,1.1716,1.17214,1.17272,1.17311,1.17181,15777
2017-09-27 14:00:00,1.17249,1.17311,1.1745,1.17172,1.17272,1.17334,1.17474,1.17195,22141
2017-09-27 15:00:00,1.17311,1.17455,1.17492,1.17271,1.17334,1.17478,1.17513,1.17293,16721
2017-09-27 16:00:00,1.17455,1.17512,1.17755,1.17446,1.17478,1.17535,1.17777,1.17467,15340
2017-09-27 17:00:00,1.17512,1.17571,1.17645,1.1747,1.17535,1.17595,1.17667,1.17494,9086
2017-09-27 18:00:00,1.17571,1.17563,1.17633,1.17484,1.17595,1.17588,1.17656,1.17507,10704
2017-09-27 19:00:00,1.17563,1.17489,1.17565,1.17445,1.17588,1.17511,1.17588,1.17468,10738
2017-09-27 20:00:00,1.17489,1.17433,1.17532,1.17429,1.17511,1.17461,1.17556,1.17456,5749
2017-09-27 21:00:00,1.17433,1.1743,1.17482,1.17408,1.17461,1.17456,1.17547,1.17438,3145
2017-09-27 22:00:00,1.1743,1.17415,1.17468,1.17394,1.17456,1.17439,1.17491,1.1742,4817
2017-09-27 23:00:00,1.17415,1.17487,1.175,1.17407,1.17439,1.17511,1.17523,1.1743,4196
2017-09-28 00:00:00,1.17487,1.17473,1.17553,1.17453,1.17511,1.17496,1.17573,1.17477,7990
2017-09-28 01:00:00,1.17473,1.17375,1.17499,1.17322,1.17496,1.17398,1.17523,1.17346,7996
2017-09-28 02:00:00,1.17375,1.17389,1.17422,1.17355,1.17398,1.17413,1.17446,1.17378,4004
2017-09-28 03:00:00,1.17389,1.17297,1.174,1.1726,1.17413,1.1732,1.17424,1.1728,6778
2017-09-28 04:00:00,1.17297,1.17308,1.17335,1.1726,1.1732,1.17331,1.17359,1.17283,5178
2017-09-28 05:00:00,1.17308,1.17245,1.1735,1.17201,1.17331,1.17269,1.17374,1.17224,7347
2017-09-28 06:00:00,1.17245,1.17411,1.17506,1.17204,1.17269,1.17435,1.17527,1.17227,15558
2017-09-28 07:00:00,1.17411,1.1754,1.17557,1.17227,1.17435,1.17562,1.1758,1.17249,22044
2017-09-28 08:00:00,1.1754,1.17654,1.17713,1.17485,1.17562,1.17677,1.17736,1.17508,18662
2017-09-28 09:00:00,1.17654,1.17659,1.17736,1.17576,1.17677,1.17679,1.1776,1.17599,11711
2017-09-28 10:00:00,1.17659,1.17777,1.17827,1.17623,1.17679,1.17801,1.1785,1.17644,13851
2017-09-28 11:00:00,1.17777,1.17727,1.17837,1.17726,1.17801,1.17751,1.17859,1.1775,10230
2017-09-28 12:00:00,1.17727,1.17659,1.17832,1.17656,1.17751,1.17681,1.17856,1.17679,16805
2017-09-28 13:00:00,1.17659,1.17939,1.17944,1.17655,1.17681,1.1796,1.17966,1.17677,15044
2017-09-28 14:00:00,1.17939,1.17832,1.1803,1.17792,1.1796,1.17854,1.18054,1.17816,21737
2017-09-28 15:00:00,1.17832,1.17756,1.17914,1.17751,1.17854,1.17779,1.17938,1.17774,15173
2017-09-28 16:00:00,1.17756,1.17827,1.17857,1.17717,1.17779,1.17851,1.17879,1.17741,9347
2017-09-28 17:00:00,1.17827,1.1788,1.17908,1.17785,1.17851,1.17901,1.17932,1.17807,6381
2017-09-28 18:00:00,1.1788,1.17903,1.17925,1.17812,1.17901,1.17927,1.17947,1.17835,7645
2017-09-28 19:00:00,1.17903,1.17773,1.17903,1.17771,1.17927,1.17797,1.17926,1.17793,6011
2017-09-28 20:00:00,1.17773,1.17846,1.1786,1.1777,1.17797,1.17874,1.17888,1.17793,3975
2017-09-28 21:00:00,1.17846,1.17824,1.17876,1.17792,1.17874,1.1785,1.17911,1.17837,2528
2017-09-28 22:00:00,1.17824,1.17797,1.17839,1.17797,1.1785,1.17818,1.17864,1.17818,2454
2017-09-28 23:00:00,1.17797,1.17802,1.17821,1.17772,1.17818,1.17825,1.17844,1.17795,3262
2017-09-29 00:00:00,1.17802,1.17851,1.17883,1.17762,1.17825,1.17875,1.17904,1.17785,5998
2017-09-29 01:00:00,1.17851,1.17789,1.17895,1.17785,1.17875,1.17811,1.17918,1.17808,3984
2017-09-29 02:00:00,1.17789,1.17749,1.17812,1.17748,1.17811,1.1777,1.17835,1.17769,4233
2017-09-29 03:00:00,1.17749,1.17835,1.1784,1.17748,1.1777,1.17857,1.17863,1.17772,2564
2017-09-29 04:00:00,1.17835,1.17778,1.17852,1.17771,1.17857,1.17801,1.17876,1.17795,2974
2017-09-29 05:00:00,1.17778,1.17733,1.17797,1.17722,1.17801,1.17756,1.17821,1.17745,4273
2017-09-29 06:00:00,1.17733,1.17951,1.18002,1.17714,1.17756,1.17975,1.18024,1.17737,10771
2017-09-29 07:00:00,1.17951,1.1793,1.18079,1.1787,1.17975,1.17953,1.181,1.17891,16643
2017-09-29 08:00:00,1.1793,1.17986,1.18048,1.17921,1.17953,1.18009,1.18071,1.17944,9632
2017-09-29 09:00:00,1.17986,1.18001,1.1801,1.17877,1.18009,1.18022,1.18031,1.17901,9948
2017-09-29 10:00:00,1.18001,1.18114,1.18134,1.17975,1.18022,1.18138,1.18156,1.17997,7848
2017-09-29 11:00:00,1.18114,1.18112,1.18174,1.18092,1.18138,1.18136,1.18196,1.18115,8161
2017-09-29 12:00:00,1.18112,1.18282,1.18314,1.18009,1.18136,1.18305,1.18337,1.18033,19288
2017-09-29 13:00:00,1.18282,1.17947,1.18307,1.17903,1.18305,1.17971,1.18331,1.17924,23070
2017-09-29 14:00:00,1.17947,1.18193,1.1824,1.17931,1.17971,1.18216,1.18262,1.17955,29486
2017-09-29 15:00:00,1.18193,1.18116,1.1822,1.18079,1.18216,1.18139,1.18243,1.18101,16153
2017-09-29 16:00:00,1.18116,1.18017,1.18126,1.17984,1.18139,1.1804,1.18148,1.18005,8527
2017-09-29 17:00:00,1.18017,1.18029,1.18103,1.17988,1.1804,1.18051,1.18126,1.18007,5271
2017-09-29 18:00:00,1.18029,1.18111,1.18231,1.18021,1.18051,1.18135,1.18254,1.18045,8550
2017-09-29 19:00:00,1.18111,1.18181,1.18251,1.18106,1.18135,1.18205,1.18273,1.1813,8380
2017-09-29 20:00:00,1.18181,1.18108,1.18229,1.18079,1.18205,1.18197,1.1825,1.18119,6882
2017-10-01 18:00:00,1.18108,1.17848,1.17946,1.17789,1.18197,1.17928,1.18014,1.17837,370
2017-10-01 19:00:00,1.17848,1.17924,1.17932,1.17748,1.17928,1.17994,1.17994,1.17773,487
2017-10-01 20:00:00,1.17924,1.17873,1.17936,1.17854,1.17994,1.17957,1.17993,1.17912,296
2017-10-01 21:00:00,1.17873,1.18046,1.18079,1.17868,1.17957,1.18091,1.18115,1.17957,1313
2017-10-01 22:00:00,1.18046,1.181,1.1814,1.18005,1.18091,1.18126,1.1817,1.18054,5121
2017-10-01 23:00:00,1.181,1.18069,1.18104,1.18049,1.18126,1.18093,1.18128,1.18073,2993
2017-10-02 00:00:00,1.18069,1.17883,1.18069,1.17865,1.18093,1.17907,1.18092,1.17891,5994
2017-10-02 01:00:00,1.17883,1.17731,1.17902,1.17693,1.17907,1.17756,1.17926,1.17719,7650
2017-10-02 02:00:00,1.17731,1.17747,1.17789,1.17704,1.17756,1.17769,1.17813,1.17729,5004
2017-10-02 03:00:00,1.17747,1.17772,1.17776,1.17722,1.17769,1.17795,1.17799,1.17745,2449
2017-10-02 04:00:00,1.17772,1.17755,1.17791,1.17725,1.17795,1.1778,1.17814,1.17748,2768
2017-10-02 05:00:00,1.17755,1.17624,1.17756,1.17595,1.1778,1.17646,1.1778,1.17617,5453
2017-10-02 06:00:00,1.17624,1.17632,1.17675,1.17533,1.17646,1.17656,1.17698,1.17557,10262
2017-10-02 07:00:00,1.17632,1.17411,1.17647,1.17337,1.17656,1.17434,1.17671,1.17361,15165
2017-10-02 08:00:00,1.17411,1.17441,1.17515,1.17326,1.17434,1.17459,1.17538,1.17345,13416
2017-10-02 09:00:00,1.17441,1.17302,1.17474,1.17292,1.17459,1.17326,1.17498,1.17316,11237
2017-10-02 10:00:00,1.17302,1.17443,1.17453,1.17291,1.17326,1.17466,1.17475,1.17313,8351
2017-10-02 11:00:00,1.17443,1.17372,1.17502,1.17366,1.17466,1.17395,1.17525,1.17389,8946
2017-10-02 12:00:00,1.17372,1.17566,1.17622,1.1736,1.17395,1.17589,1.17645,1.17382,15385
2017-10-02 13:00:00,1.17566,1.17506,1.176,1.17454,1.17589,1.17534,1.17624,1.17477,12719
2017-10-02 14:00:00,1.17506,1.17341,1.17575,1.1733,1.17534,1.17365,1.17598,1.17359,25003
2017-10-02 15:00:00,1.17341,1.1743,1.1745,1.17294,1.17365,1.17454,1.17474,1.17318,12989
2017-10-02 16:00:00,1.1743,1.17419,1.17475,1.17393,1.17454,1.17442,1.17498,1.17417,7210
2017-10-02 17:00:00,1.17419,1.1738,1.1743,1.17324,1.17442,1.17403,1.17454,1.17347,5139
2017-10-02 18:00:00,1.1738,1.1742,1.17485,1.17357,1.17403,1.17444,1.17508,1.17378,6452
2017-10-02 19:00:00,1.1742,1.1734,1.17448,1.17319,1.17444,1.17363,1.17471,1.17343,5962
2017-10-02 20:00:00,1.1734,1.17309,1.17356,1.173,1.17363,1.17344,1.1738,1.17326,2759
2017-10-02 21:00:00,1.17309,1.17324,1.17348,1.17298,1.17344,1.1735,1.17376,1.17322,3009
2017-10-02 22:00:00,1.17324,1.17378,1.1739,1.1731,1.1735,1.17402,1.17415,1.17337,3719
2017-10-02 23:00:00,1.17378,1.17306,1.17387,1.17302,1.17402,1.17331,1.17411,1.17326,2762
2017-10-03 00:00:00,1.17306,1.17187,1.17331,1.1718,1.17331,1.17211,1.17355,1.17203,8048
2017-10-03 01:00:00,1.17187,1.17051,1.17195,1.17029,1.17211,1.17073,1.17217,1.17052,14361
2017-10-03 02:00:00,1.17051,1.17113,1.17125,1.17008,1.17073,1.17137,1.17148,1.17032,6192
2017-10-03 03:00:00,1.17113,1.17037,1.17137,1.17027,1.17137,1.17061,1.1716,1.1705,5081
2017-10-03 04:00:00,1.17037,1.17056,1.17079,1.1703,1.17061,1.17079,1.17102,1.17054,2805
2017-10-03 05:00:00,1.17056,1.17048,1.17081,1.1695,1.17079,1.17072,1.17105,1.1697,6727
2017-10-03 06:00:00,1.17048,1.17221,1.1723,1.17013,1.17072,1.17244,1.17253,1.17036,11155
2017-10-03 07:00:00,1.17221,1.17419,1.17428,1.17186,1.17244,1.17442,1.17452,1.17207,15811
2017-10-03 08:00:00,1.17419,1.17318,1.17466,1.17318,1.17442,1.17339,1.17489,1.17339,11828
2017-10-03 09:00:00,1.17318,1.17349,1.17488,1.17315,1.17339,1.17372,1.17509,1.17339,7909
2017-10-03 10:00:00,1.17349,1.17551,1.17581,1.17347,1.17372,1.17573,1.17602,1.1737,10370
2017-10-03 11:00:00,1.17551,1.17485,1.1761,1.17481,1.17573,1.17507,1.17633,1.17504,8310
2017-10-03 12:00:00,1.17485,1.17477,1.17523,1.17366,1.17507,1.17499,1.17547,1.1739,10064
2017-10-03 13:00:00,1.17477,1.17539,1.17603,1.17463,1.17499,1.17563,1.17627,1.17486,11142
2017-10-03 14:00:00,1.17539,1.1752,1.17726,1.17519,1.17563,1.17542,1.17749,1.17541,14808
2017-10-03 15:00:00,1.1752,1.17576,1.17631,1.1752,1.17542,1.176,1.17653,1.17542,7792
2017-10-03 16:00:00,1.17576,1.1752,1.17592,1.17486,1.176,1.17544,1.17616,1.17509,7930
2017-10-03 17:00:00,1.1752,1.17454,1.17551,1.17436,1.17544,1.17477,1.17574,1.1746,5275
2017-10-03 18:00:00,1.17454,1.17486,1.17492,1.17381,1.17477,1.1751,1.17512,1.17403,5239
2017-10-03 19:00:00,1.17486,1.17482,1.1752,1.17443,1.1751,1.17505,1.17542,1.17466,5154
2017-10-03 20:00:00,1.17482,1.17429,1.17495,1.1742,1.17505,1.17459,1.17518,1.17449,3066
2017-10-03 21:00:00,1.17429,1.17356,1.17428,1.17339,1.17459,1.17384,1.17465,1.17368,2923
2017-10-03 22:00:00,1.17356,1.1742,1.17442,1.17354,1.17384,1.17446,1.17465,1.17378,3883
2017-10-03 23:00:00,1.1742,1.17467,1.17479,1.17405,1.17446,1.17492,1.17502,1.17429,2461
2017-10-04 00:00:00,1.17467,1.17736,1.17786,1.17455,1.17492,1.1776,1.1781,1.17479,11593
2017-10-04 01:00:00,1.17736,1.17716,1.17752,1.17653,1.1776,1.1774,1.17776,1.17677,7375
2017-10-04 02:00:00,1.17716,1.1767,1.17787,1.1765,1.1774,1.17693,1.1781,1.17672,5069
2017-10-04 03:00:00,1.1767,1.17665,1.17708,1.17636,1.17693,1.17688,1.17732,1.1766,3197
2017-10-04 04:00:00,1.17665,1.1766,1.17695,1.17624,1.17688,1.17684,1.17719,1.17648,2835
2017-10-04 05:00:00,1.1766,1.17698,1.17728,1.17645,1.17684,1.17721,1.1775,1.17668,5457
2017-10-04 06:00:00,1.17698,1.17627,1.17757,1.17616,1.17721,1.17651,1.17781,1.17638,9454
2017-10-04 07:00:00,1.17627,1.1756,1.17632,1.17461,1.17651,1.17582,1.17655,1.17484,13431
2017-10-04 08:00:00,1.1756,1.17555,1.17654,1.17548,1.17582,1.17578,1.17677,1.17571,9780
2017-10-04 09:00:00,1.17555,1.17578,1.17581,1.1752,1.17578,1.17601,1.17604,1.17542,6869
2017-10-04 10:00:00,1.17578,1.17732,1.17799,1.17567,1.17601,1.17754,1.17823,1.1759,11149
2017-10-04 11:00:00,1.17732,1.17788,1.17862,1.17655,1.17754,1.17811,1.17882,1.17679,10463
2017-10-04 12:00:00,1.17788,1.17706,1.17868,1.1761,1.17811,1.17729,1.17897,1.17632,16359
2017-10-04 13:00:00,1.17706,1.17629,1.1772,1.17549,1.17729,1.17658,1.17743,1.17571,13302
2017-10-04 14:00:00,1.17629,1.17585,1.17642,1.17455,1.17658,1.17608,1.17665,1.17478,20713
2017-10-04 15:00:00,1.17585,1.176,1.17633,1.17526,1.17608,1.17623,1.17656,1.17548,12357
2017-10-04 16:00:00,1.176,1.1762,1.17655,1.17557,1.17623,1.17641,1.17678,1.1758,7342
2017-10-04 17:00:00,1.1762,1.17628,1.17637,1.17534,1.17641,1.17651,1.17659,1.17557,5645
2017-10-04 18:00:00,1.17628,1.17631,1.17647,1.17591,1.17651,1.17653,1.1767,1.17614,4297
2017-10-04 19:00:00,1.17631,1.17618,1.17649,1.17604,1.17653,1.17641,1.17673,1.17628,4922
2017-10-04 20:00:00,1.17618,1.17573,1.17652,1.17572,1.17641,1.17624,1.17673,1.17598,2418
2017-10-04 21:00:00,1.17573,1.1756,1.17605,1.1755,1.17624,1.17584,1.17652,1.17572,3075
2017-10-04 22:00:00,1.1756,1.17598,1.17621,1.17551,1.17584,1.17623,1.17645,1.17575,2532
2017-10-04 23:00:00,1.17598,1.17555,1.17614,1.17542,1.17623,1.17579,1.17638,1.17563,1694
2017-10-05 00:00:00,1.17555,1.17534,1.1758,1.17507,1.17579,1.17558,1.17604,1.17527,6204
2017-10-05 01:00:00,1.17534,1.17558,1.17568,1.17501,1.17558,1.17582,1.17592,1.17524,5089
2017-10-05 02:00:00,1.17558,1.17565,1.17579,1.17545,1.17582,1.1759,1.17604,1.17568,2480
2017-10-05 03:00:00,1.17565,1.1754,1.17571,1.17536,1.1759,1.17563,1.17594,1.17559,2320
2017-10-05 04:00:00,1.1754,1.1758,1.17585,1.17529,1.17563,1.17604,1.17608,1.17551,1688
2017-10-05 05:00:00,1.1758,1.17531,1.17629,1.17525,1.17604,1.17554,1.17652,1.17548,6511
2017-10-05 06:00:00,1.17531,1.17625,1.17639,1.17467,1.17554,1.17648,1.1766,1.1749,9694
2017-10-05 07:00:00,1.17625,1.17704,1.17778,1.17587,1.17648,1.17727,1.17802,1.1761,16185
2017-10-05 08:00:00,1.17704,1.17742,1.17762,1.17676,1.17727,1.17765,1.17785,1.17698,7529
2017-10-05 09:00:00,1.17742,1.17626,1.17748,1.17613,1.17765,1.1765,1.1777,1.17636,8356
2017-10-05 10:00:00,1.17626,1.17455,1.17648,1.17414,1.1765,1.17477,1.1767,1.17433,8168
2017-10-05 11:00:00,1.17455,1.17354,1.17482,1.1734,1.17477,1.17378,1.17505,1.1736,13200
2017-10-05 12:00:00,1.17354,1.17296,1.17442,1.17239,1.17378,1.17319,1.17464,1.1726,16318
2017-10-05 13:00:00,1.17296,1.17212,1.17329,1.17113,1.17319,1.17238,1.17352,1.17135,19995
2017-10-05 14:00:00,1.17212,1.1713,1.17343,1.17124,1.17238,1.17153,1.17366,1.17147,16728
2017-10-05 15:00:00,1.1713,1.17042,1.17149,1.17018,1.17153,1.17066,1.17171,1.17041,12085
2017-10-05 16:00:00,1.17042,1.17081,1.1711,1.1703,1.17066,1.17104,1.17133,1.17053,7887
2017-10-05 17:00:00,1.17081,1.17038,1.1709,1.16987,1.17104,1.17059,1.17113,1.17009,6155
2017-10-05 18:00:00,1.17038,1.17034,1.17056,1.1698,1.17059,1.17058,1.17076,1.17003,6541
2017-10-05 19:00:00,1.17034,1.17044,1.17063,1.17022,1.17058,1.17068,1.17087,1.17044,4463
2017-10-05 20:00:00,1.17044,1.17096,1.17106,1.17021,1.17068,1.17129,1.17138,1.17044,2872
2017-10-05 21:00:00,1.17096,1.17101,1.17132,1.17084,1.17129,1.17126,1.17158,1.17108,3810
2017-10-05 22:00:00,1.17101,1.17093,1.17107,1.17081,1.17126,1.17116,1.17131,1.17107,2236
2017-10-05 23:00:00,1.17093,1.1713,1.1713,1.17058,1.17116,1.1715,1.17153,1.17083,2701
2017-10-06 00:00:00,1.1713,1.17103,1.17133,1.1698,1.1715,1.17126,1.17155,1.17002,6234
2017-10-06 01:00:00,1.17103,1.17081,1.17146,1.17065,1.17126,1.17106,1.17169,1.17089,3817
2017-10-06 02:00:00,1.17081,1.17072,1.17127,1.17072,1.17106,1.17096,1.17151,1.17096,2920
2017-10-06 03:00:00,1.17072,1.16955,1.17073,1.16933,1.17096,1.1698,1.17096,1.16957,4300
2017-10-06 04:00:00,1.16955,1.16985,1.16994,1.16849,1.1698,1.1701,1.17018,1.16871,7226
2017-10-06 05:00:00,1.16985,1.16984,1.17014,1.16923,1.1701,1.17008,1.17038,1.16946,4856
2017-10-06 06:00:00,1.16984,1.16942,1.17056,1.16883,1.17008,1.16965,1.1708,1.16904,10397
2017-10-06 07:00:00,1.16942,1.16876,1.1698,1.1685,1.16965,1.169,1.17001,1.16873,10014
2017-10-06 08:00:00,1.16876,1.16953,1.16995,1.16862,1.169,1.16976,1.17019,1.16885,8444
2017-10-06 09:00:00,1.16953,1.17037,1.17064,1.16934,1.16976,1.1706,1.17086,1.16952,7076
2017-10-06 10:00:00,1.17037,1.17063,1.17135,1.17014,1.1706,1.17085,1.17159,1.17035,8332
2017-10-06 11:00:00,1.17063,1.17056,1.1711,1.17034,1.17085,1.1708,1.17133,1.17058,7692
2017-10-06 12:00:00,1.17056,1.16896,1.17136,1.1668,1.1708,1.16919,1.17158,1.16705,37230
2017-10-06 13:00:00,1.16896,1.16966,1.17067,1.1688,1.16919,1.16987,1.17087,1.169,21328
2017-10-06 14:00:00,1.16966,1.17305,1.1738,1.1683,1.16987,1.17329,1.174,1.16852,34061
2017-10-06 15:00:00,1.17305,1.17316,1.17372,1.17177,1.17329,1.1734,1.17395,1.172,17856
2017-10-06 16:00:00,1.17316,1.17228,1.17348,1.1722,1.1734,1.1725,1.1737,1.17242,9504
2017-10-06 17:00:00,1.17228,1.17317,1.17337,1.17228,1.1725,1.17338,1.17359,1.1725,4802
2017-10-06 18:00:00,1.17317,1.17327,1.17339,1.17245,1.17338,1.17347,1.17363,1.17268,5061
2017-10-06 19:00:00,1.17327,1.17317,1.17345,1.17289,1.17347,1.1734,1.17364,1.17312,5396
2017-10-06 20:00:00,1.17317,1.17324,1.17364,1.17306,1.1734,1.17379,1.1739,1.1733,4131
2017-10-08 18:00:00,1.17324,1.1723,1.17247,1.17145,1.17379,1.17301,1.17316,1.17203,73
2017-10-08 19:00:00,1.1723,1.17336,1.17368,1.17223,1.17301,1.1739,1.17402,1.17278,196
2017-10-08 20:00:00,1.17336,1.17266,1.17337,1.17258,1.1739,1.17322,1.1739,1.17321,119
2017-10-08 21:00:00,1.17266,1.17358,1.17378,1.17267,1.17322,1.17391,1.17415,1.17322,508
2017-10-08 22:00:00,1.17358,1.1738,1.17407,1.17322,1.17391,1.17405,1.17429,1.17351,5695
2017-10-08 23:00:00,1.1738,1.17413,1.17424,1.17368,1.17405,1.17436,1.17447,1.17393,2249
2017-10-09 00:00:00,1.17413,1.17356,1.17432,1.17342,1.17436,1.1738,1.17455,1.17365,2859
2017-10-09 01:00:00,1.17356,1.17352,1.17426,1.17306,1.1738,1.17375,1.1745,1.1733,2754
2017-10-09 02:00:00,1.17352,1.17401,1.17465,1.17352,1.17375,1.17425,1.17489,1.17375,2791
2017-10-09 03:00:00,1.17401,1.17353,1.17415,1.17347,1.17425,1.17377,1.17438,1.17371,1562
2017-10-09 04:00:00,1.17353,1.17345,1.17381,1.17335,1.17377,1.17368,1.17405,1.17356,1583
2017-10-09 05:00:00,1.17345,1.17358,1.17359,1.17316,1.17368,1.17381,1.17382,1.17337,2136
2017-10-09 06:00:00,1.17358,1.17261,1.17402,1.17223,1.17381,1.17284,1.17424,1.17245,5072
2017-10-09 07:00:00,1.17261,1.1727,1.17296,1.17184,1.17284,1.17293,1.1732,1.17207,5941
2017-10-09 08:00:00,1.1727,1.17346,1.174,1.1724,1.17293,1.17368,1.17424,1.17263,5287
2017-10-09 09:00:00,1.17346,1.17424,1.17441,1.17325,1.17368,1.17445,1.17464,1.17348,4615
2017-10-09 10:00:00,1.17424,1.17443,1.17455,1.17387,1.17445,1.17465,1.17478,1.17409,2960
2017-10-09 11:00:00,1.17443,1.17457,1.17469,1.17389,1.17465,1.17479,1.17491,1.17409,4163
2017-10-09 12:00:00,1.17457,1.17375,1.1746,1.17363,1.17479,1.17398,1.17482,1.17387,4244
2017-10-09 13:00:00,1.17375,1.17299,1.17388,1.17299,1.17398,1.17322,1.17411,1.17322,3878
2017-10-09 14:00:00,1.17299,1.17369,1.1738,1.17241,1.17322,1.17391,1.17404,1.17263,5751
2017-10-09 15:00:00,1.17369,1.17417,1.17455,1.17351,1.17391,1.1744,1.17477,1.17374,4223
2017-10-09 16:00:00,1.17417,1.17482,1.17548,1.17409,1.1744,1.17505,1.17571,1.17429,6186
2017-10-09 17:00:00,1.17482,1.17501,1.17541,1.1746,1.17505,1.17525,1.17564,1.17482,3314
2017-10-09 18:00:00,1.17501,1.17484,1.17517,1.17461,1.17525,1.17507,1.1754,1.17484,2952
2017-10-09 19:00:00,1.17484,1.17502,1.17551,1.17477,1.17507,1.17524,1.17571,1.17497,4927
2017-10-09 20:00:00,1.17502,1.17389,1.17508,1.17382,1.17524,1.1742,1.17525,1.17403,2464
2017-10-09 21:00:00,1.17389,1.17399,1.17413,1.17379,1.1742,1.17423,1.17441,1.17409,1323
2017-10-09 22:00:00,1.17399,1.17401,1.17428,1.17381,1.17423,1.17426,1.17453,1.17406,3243
2017-10-09 23:00:00,1.17401,1.17401,1.1742,1.1739,1.17426,1.17422,1.17442,1.17413,1690
2017-10-10 00:00:00,1.17401,1.17474,1.17478,1.17395,1.17422,1.17498,1.17501,1.17417,3814
2017-10-10 01:00:00,1.17474,1.17756,1.17814,1.17467,1.17498,1.1778,1.17835,1.1749,8965
2017-10-10 02:00:00,1.17756,1.17706,1.17803,1.17706,1.1778,1.1773,1.17828,1.1773,3928
2017-10-10 03:00:00,1.17706,1.17656,1.17723,1.17656,1.1773,1.1768,1.17747,1.17677,2789
2017-10-10 04:00:00,1.17656,1.17694,1.17725,1.17646,1.1768,1.17716,1.17749,1.17669,3317
2017-10-10 05:00:00,1.17694,1.17699,1.17736,1.17667,1.17716,1.17723,1.17759,1.17691,2796
2017-10-10 06:00:00,1.17699,1.17765,1.17881,1.17645,1.17723,1.17788,1.17894,1.17669,9818
2017-10-10 07:00:00,1.17765,1.17643,1.17765,1.17612,1.17788,1.17664,1.17789,1.17635,10324
2017-10-10 08:00:00,1.17643,1.17773,1.17848,1.17642,1.17664,1.17797,1.1787,1.17663,9540
2017-10-10 09:00:00,1.17773,1.18005,1.18014,1.17737,1.17797,1.18029,1.18036,1.17759,9657
2017-10-10 10:00:00,1.18005,1.17806,1.18061,1.17779,1.18029,1.1783,1.18082,1.17802,10347
2017-10-10 11:00:00,1.17806,1.17951,1.17953,1.17724,1.1783,1.17975,1.17976,1.17747,10345
2017-10-10 12:00:00,1.17951,1.1786,1.17964,1.17843,1.17975,1.17884,1.17988,1.17863,12672
2017-10-10 13:00:00,1.1786,1.18018,1.18045,1.17811,1.17884,1.18042,1.18063,1.17833,13063
2017-10-10 14:00:00,1.18018,1.18163,1.18172,1.18,1.18042,1.18187,1.18193,1.1802,15633
2017-10-10 15:00:00,1.18163,1.18027,1.18165,1.18019,1.18187,1.18051,1.18188,1.18042,9207
2017-10-10 16:00:00,1.18027,1.18015,1.18037,1.17944,1.18051,1.18036,1.1806,1.17965,7256
2017-10-10 17:00:00,1.18015,1.18025,1.18245,1.17953,1.18036,1.18048,1.18267,1.17971,17182
2017-10-10 18:00:00,1.18025,1.18027,1.18105,1.17994,1.18048,1.1805,1.18128,1.18017,6480
2017-10-10 19:00:00,1.18027,1.18141,1.18152,1.18013,1.1805,1.18164,1.18174,1.18036,5005
2017-10-10 20:00:00,1.18141,1.18065,1.18167,1.18057,1.18164,1.18098,1.18188,1.1809,2349
2017-10-10 21:00:00,1.18065,1.18072,1.18097,1.18058,1.18098,1.181,1.18127,1.18082,6003
2017-10-10 22:00:00,1.18072,1.18096,1.18105,1.18063,1.181,1.18121,1.1813,1.1809,2459
2017-10-10 23:00:00,1.18096,1.18124,1.18159,1.18087,1.18121,1.18148,1.18182,1.1811,2195
2017-10-11 00:00:00,1.18124,1.18184,1.18266,1.18114,1.18148,1.18208,1.1829,1.18138,5516
2017-10-11 01:00:00,1.18184,1.18099,1.18231,1.18099,1.18208,1.18122,1.18255,1.18122,6107
2017-10-11 02:00:00,1.18099,1.18013,1.18102,1.17941,1.18122,1.18036,1.18126,1.17964,7559
2017-10-11 03:00:00,1.18013,1.18069,1.18086,1.17992,1.18036,1.18092,1.18108,1.18016,3439
2017-10-11 04:00:00,1.18069,1.18127,1.18194,1.18063,1.18092,1.18151,1.18215,1.18086,4725
2017-10-11 05:00:00,1.18127,1.18152,1.1817,1.18114,1.18151,1.18173,1.18192,1.18138,4120
2017-10-11 06:00:00,1.18152,1.18207,1.18331,1.18141,1.18173,1.18228,1.18352,1.18163,10290
2017-10-11 07:00:00,1.18207,1.18257,1.18295,1.1813,1.18228,1.18279,1.18318,1.18153,10458
2017-10-11 08:00:00,1.18257,1.18262,1.18438,1.18246,1.18279,1.18284,1.18461,1.1827,11093
2017-10-11 09:00:00,1.18262,1.18054,1.18269,1.18003,1.18284,1.18077,1.18291,1.18026,11464
2017-10-11 10:00:00,1.18054,1.18216,1.18218,1.1804,1.18077,1.18239,1.18239,1.18062,7602
2017-10-11 11:00:00,1.18216,1.18277,1.18297,1.18171,1.18239,1.18301,1.1832,1.18194,8289
2017-10-11 12:00:00,1.18277,1.18431,1.18456,1.18263,1.18301,1.18454,1.1848,1.18285,13580
2017-10-11 13:00:00,1.18431,1.18536,1.18573,1.18358,1.18454,1.18562,1.18595,1.18382,14680
2017-10-11 14:00:00,1.18536,1.18433,1.1855,1.18376,1.18562,1.18455,1.18572,1.18399,11867
2017-10-11 15:00:00,1.18433,1.18459,1.18557,1.18412,1.18455,1.18483,1.18579,1.18432,11886
2017-10-11 16:00:00,1.18459,1.18446,1.18497,1.18394,1.18483,1.18469,1.18519,1.18418,6318
2017-10-11 17:00:00,1.18446,1.18403,1.18483,1.18391,1.18469,1.18466,1.18505,1.18419,5864
2017-10-11 18:00:00,1.18403,1.18526,1.18579,1.18386,1.18466,1.1855,1.18602,1.1841,20660
2017-10-11 19:00:00,1.18526,1.18654,1.18681,1.18475,1.1855,1.18677,1.18704,1.18498,9900
2017-10-11 20:00:00,1.18654,1.18569,1.18675,1.18554,1.18677,1.18618,1.18697,1.186,4315
2017-10-11 21:00:00,1.18569,1.18595,1.18609,1.18548,1.18618,1.18621,1.18673,1.18587,3769
2017-10-11 22:00:00,1.18595,1.18616,1.18636,1.18588,1.18621,1.18643,1.18666,1.18613,3650
2017-10-11 23:00:00,1.18616,1.18631,1.18646,1.18588,1.18643,1.18655,1.18669,1.18612,4026
2017-10-12 00:00:00,1.18631,1.18629,1.18705,1.18574,1.18655,1.18654,1.18728,1.18597,9822
2017-10-12 01:00:00,1.18629,1.18687,1.18749,1.18618,1.18654,1.18709,1.18771,1.1864,6182
2017-10-12 02:00:00,1.18687,1.1873,1.18742,1.18662,1.18709,1.18754,1.18765,1.18686,5377
2017-10-12 03:00:00,1.1873,1.18741,1.18769,1.18711,1.18754,1.18763,1.18791,1.18735,4338
2017-10-12 04:00:00,1.18741,1.1875,1.18771,1.18726,1.18763,1.18774,1.18795,1.18749,3581
2017-10-12 05:00:00,1.1875,1.18767,1.18792,1.18709,1.18774,1.18791,1.1881,1.18732,4975
2017-10-12 06:00:00,1.18767,1.18658,1.18777,1.18635,1.18791,1.1868,1.18799,1.18658,7336
2017-10-12 07:00:00,1.18658,1.1866,1.18678,1.18549,1.1868,1.18683,1.187,1.18572,12318
2017-10-12 08:00:00,1.1866,1.18612,1.1866,1.18584,1.18683,1.18635,1.18684,1.18608,7808
2017-10-12 09:00:00,1.18612,1.18511,1.1865,1.185,1.18635,1.18533,1.18673,1.18523,10201
2017-10-12 10:00:00,1.18511,1.18525,1.18556,1.18503,1.18533,1.18549,1.18576,1.18525,6963
2017-10-12 11:00:00,1.18525,1.18532,1.18609,1.18503,1.18549,1.18555,1.18631,1.18526,8102
2017-10-12 12:00:00,1.18532,1.18463,1.18572,1.18394,1.18555,1.18487,1.18595,1.18416,15258
2017-10-12 13:00:00,1.18463,1.18319,1.18508,1.18276,1.18487,1.18342,1.1853,1.183,11142
2017-10-12 14:00:00,1.18319,1.18455,1.18484,1.18296,1.18342,1.18478,1.18508,1.18318,13448
2017-10-12 15:00:00,1.18455,1.18392,1.18469,1.18332,1.18478,1.18415,1.18489,1.18354,9539
2017-10-12 16:00:00,1.18392,1.1834,1.18463,1.18329,1.18415,1.18363,1.18485,1.18351,11648
2017-10-12 17:00:00,1.1834,1.18456,1.18495,1.18259,1.18363,1.18479,1.18519,1.18282,11130
2017-10-12 18:00:00,1.18456,1.18339,1.18478,1.18329,1.18479,1.18362,1.18501,1.18352,6271
2017-10-12 19:00:00,1.18339,1.18339,1.18373,1.18289,1.18362,1.18363,1.18395,1.18312,4669
2017-10-12 20:00:00,1.18339,1.18285,1.18339,1.18264,1.18363,1.18317,1.18363,1.18289,3041
2017-10-12 21:00:00,1.18285,1.18305,1.18322,1.1826,1.18317,1.18329,1.18353,1.1829,2051
2017-10-12 22:00:00,1.18305,1.18337,1.18366,1.18286,1.18329,1.18361,1.1839,1.18314,2415
2017-10-12 23:00:00,1.18337,1.18301,1.18336,1.18241,1.18361,1.18323,1.18361,1.18265,3778
2017-10-13 00:00:00,1.18301,1.18431,1.18437,1.18276,1.18323,1.18455,1.18458,1.18298,6197
2017-10-13 01:00:00,1.18431,1.1843,1.18461,1.18365,1.18455,1.18454,1.18485,1.18388,4883
2017-10-13 02:00:00,1.1843,1.18479,1.18504,1.18412,1.18454,1.18503,1.18527,1.18436,4816
2017-10-13 03:00:00,1.18479,1.18467,1.185,1.18446,1.18503,1.1849,1.18521,1.18468,2894
2017-10-13 04:00:00,1.18467,1.18444,1.18478,1.18423,1.1849,1.18467,1.18502,1.18446,2944
2017-10-13 05:00:00,1.18444,1.18456,1.18505,1.1843,1.18467,1.1848,1.18528,1.18453,4523
2017-10-13 06:00:00,1.18456,1.18372,1.18473,1.18347,1.1848,1.18395,1.18496,1.1837,10073
2017-10-13 07:00:00,1.18372,1.18281,1.18377,1.1814,1.18395,1.18302,1.184,1.18163,20718
2017-10-13 08:00:00,1.18281,1.18299,1.18347,1.18246,1.18302,1.18323,1.1837,1.18269,8159
2017-10-13 09:00:00,1.18299,1.18285,1.18334,1.18233,1.18323,1.18308,1.18357,1.18255,9182
2017-10-13 10:00:00,1.18285,1.18251,1.18325,1.18183,1.18308,1.18273,1.18348,1.18206,9838
2017-10-13 11:00:00,1.18251,1.18057,1.18251,1.18046,1.18273,1.18081,1.18274,1.18069,10226
2017-10-13 12:00:00,1.18057,1.18556,1.18731,1.18042,1.18081,1.1858,1.18754,1.18065,36814
2017-10-13 13:00:00,1.18556,1.18653,1.1874,1.18546,1.1858,1.1868,1.18761,1.1857,19358
2017-10-13 14:00:00,1.18653,1.18343,1.18698,1.1831,1.1868,1.18366,1.1872,1.18331,20046
2017-10-13 15:00:00,1.18343,1.18356,1.18419,1.18305,1.18366,1.18376,1.18442,1.18328,12047
2017-10-13 16:00:00,1.18356,1.18261,1.18478,1.1826,1.18376,1.18285,1.18501,1.18283,9341
2017-10-13 17:00:00,1.18261,1.1824,1.183,1.18191,1.18285,1.18263,1.18322,1.18213,9911
2017-10-13 18:00:00,1.1824,1.18168,1.18241,1.18095,1.18263,1.18189,1.18263,1.18118,9629
2017-10-13 19:00:00,1.18168,1.18181,1.18213,1.1816,1.18189,1.18204,1.18237,1.18183,5218
2017-10-13 20:00:00,1.18181,1.18165,1.18247,1.18162,1.18204,1.18261,1.18271,1.18199,3499
2017-10-15 18:00:00,1.18165,1.18139,1.18139,1.18118,1.18261,1.18197,1.18223,1.18192,30
2017-10-15 19:00:00,1.18139,1.18105,1.18151,1.18096,1.18197,1.182,1.18211,1.18154,103
2017-10-15 20:00:00,1.18105,1.18093,1.18103,1.18093,1.182,1.18163,1.18192,1.18162,35
2017-10-15 21:00:00,1.18093,1.18088,1.18158,1.18088,1.18163,1.18128,1.18197,1.18127,779
2017-10-15 22:00:00,1.18088,1.18057,1.18167,1.18043,1.18128,1.18083,1.18204,1.18082,3932
2017-10-15 23:00:00,1.18057,1.18135,1.18135,1.18046,1.18083,1.18159,1.18159,1.1807,2357
2017-10-16 00:00:00,1.18135,1.18117,1.18183,1.18109,1.18159,1.18138,1.18205,1.18133,4445
2017-10-16 01:00:00,1.18117,1.18019,1.18147,1.18001,1.18138,1.18042,1.18169,1.18023,4648
2017-10-16 02:00:00,1.18019,1.18066,1.1808,1.17969,1.18042,1.1809,1.18104,1.17993,3887
2017-10-16 03:00:00,1.18066,1.18051,1.18071,1.18011,1.1809,1.18075,1.18095,1.18033,2884
2017-10-16 04:00:00,1.18051,1.18081,1.18095,1.18036,1.18075,1.18104,1.18119,1.18059,2327
2017-10-16 05:00:00,1.18081,1.17955,1.18087,1.17929,1.18104,1.17978,1.18111,1.17952,3998
2017-10-16 06:00:00,1.17955,1.17829,1.17992,1.17827,1.17978,1.17852,1.18015,1.17849,11234
2017-10-16 07:00:00,1.17829,1.17919,1.17946,1.17794,1.17852,1.17942,1.17967,1.17815,12309
2017-10-16 08:00:00,1.17919,1.17887,1.17937,1.17835,1.17942,1.1791,1.1796,1.17857,9412
2017-10-16 09:00:00,1.17887,1.17888,1.17912,1.17832,1.1791,1.17911,1.17936,1.17855,6681
2017-10-16 10:00:00,1.17888,1.18007,1.18053,1.17886,1.17911,1.18029,1.18076,1.17909,9658
2017-10-16 11:00:00,1.18007,1.18046,1.18159,1.17996,1.18029,1.18069,1.18181,1.18019,9136
2017-10-16 12:00:00,1.18046,1.18058,1.18079,1.17948,1.18069,1.18081,1.18103,1.1797,13109
2017-10-16 13:00:00,1.18058,1.18013,1.18091,1.17985,1.18081,1.18036,1.18114,1.18008,10048
2017-10-16 14:00:00,1.18013,1.17952,1.18037,1.17938,1.18036,1.17976,1.18061,1.17962,10662
2017-10-16 15:00:00,1.17952,1.18078,1.18186,1.17952,1.17976,1.18101,1.18209,1.17975,10033
2017-10-16 16:00:00,1.18078,1.18095,1.18108,1.18052,1.18101,1.18116,1.1813,1.18075,4743
2017-10-16 17:00:00,1.18095,1.18046,1.18099,1.1801,1.18116,1.18069,1.18122,1.18032,7328
2017-10-16 18:00:00,1.18046,1.17906,1.18085,1.17883,1.18069,1.17929,1.18109,1.17906,14908
2017-10-16 19:00:00,1.17906,1.17914,1.17917,1.1785,1.17929,1.17934,1.1794,1.17871,7479
2017-10-16 20:00:00,1.17914,1.17944,1.17966,1.17909,1.17934,1.17977,1.17989,1.17932,1879
2017-10-16 21:00:00,1.17944,1.17957,1.1799,1.17944,1.17977,1.17985,1.18016,1.17973,2430
2017-10-16 22:00:00,1.17957,1.1791,1.17959,1.17903,1.17985,1.17935,1.17992,1.17928,3867
2017-10-16 23:00:00,1.1791,1.17936,1.17936,1.17867,1.17935,1.17959,1.17959,1.17891,1930
2017-10-17 00:00:00,1.17936,1.17852,1.17939,1.17829,1.17959,1.17877,1.17963,1.17854,4239
2017-10-17 01:00:00,1.17852,1.17752,1.1786,1.17738,1.17877,1.17775,1.17882,1.17762,6981
2017-10-17 02:00:00,1.17752,1.17822,1.17827,1.17747,1.17775,1.17846,1.1785,1.17771,4347
2017-10-17 03:00:00,1.17822,1.1778,1.17829,1.17766,1.17846,1.17802,1.17853,1.17789,2371
2017-10-17 04:00:00,1.1778,1.17763,1.17804,1.17759,1.17802,1.17787,1.17827,1.17783,2237
2017-10-17 05:00:00,1.17763,1.17685,1.17792,1.17656,1.17787,1.17708,1.17816,1.17677,5547
2017-10-17 06:00:00,1.17685,1.17562,1.17727,1.1755,1.17708,1.17585,1.17749,1.17572,10248
2017-10-17 07:00:00,1.17562,1.17712,1.17723,1.1754,1.17585,1.17735,1.17742,1.17561,11400
2017-10-17 08:00:00,1.17712,1.17636,1.17742,1.17624,1.17735,1.17663,1.17764,1.17647,10441
2017-10-17 09:00:00,1.17636,1.17576,1.17675,1.17533,1.17663,1.17599,1.17697,1.17557,10722
2017-10-17 10:00:00,1.17576,1.17591,1.17687,1.17534,1.17599,1.17613,1.17709,1.17556,10408
2017-10-17 11:00:00,1.17591,1.17617,1.17671,1.17545,1.17613,1.17641,1.17693,1.17569,10167
2017-10-17 12:00:00,1.17617,1.17503,1.17637,1.17503,1.17641,1.17525,1.1766,1.17525,12322
2017-10-17 13:00:00,1.17503,1.17452,1.17522,1.17418,1.17525,1.17475,1.17545,1.17441,13443
2017-10-17 14:00:00,1.17452,1.17498,1.17515,1.1735,1.17475,1.1752,1.17538,1.17373,14938
2017-10-17 15:00:00,1.17498,1.17522,1.17563,1.1745,1.1752,1.17546,1.17586,1.17473,11079
2017-10-17 16:00:00,1.17522,1.17448,1.17546,1.17437,1.17546,1.17471,1.1757,1.1746,6255
2017-10-17 17:00:00,1.17448,1.1763,1.17653,1.17435,1.17471,1.17653,1.17676,1.17457,5822
2017-10-17 18:00:00,1.1763,1.17703,1.1774,1.17604,1.17653,1.17726,1.17762,1.17628,7716
2017-10-17 19:00:00,1.17703,1.17672,1.1771,1.17661,1.17726,1.17696,1.17733,1.17679,4984
2017-10-17 20:00:00,1.17672,1.17648,1.17673,1.17644,1.17696,1.17679,1.17696,1.17671,1894
2017-10-17 21:00:00,1.17648,1.17642,1.17677,1.17629,1.17679,1.17671,1.17711,1.1766,6994
2017-10-17 22:00:00,1.17642,1.1767,1.17676,1.17631,1.17671,1.17695,1.17701,1.17656,2543
2017-10-17 23:00:00,1.1767,1.17701,1.17707,1.1767,1.17695,1.17724,1.17731,1.17693,1864
2017-10-18 00:00:00,1.17701,1.17716,1.17797,1.1769,1.17724,1.17739,1.1782,1.17711,6048
2017-10-18 01:00:00,1.17716,1.17682,1.17722,1.17662,1.17739,1.17704,1.17746,1.17685,3581
2017-10-18 02:00:00,1.17682,1.17713,1.17739,1.1768,1.17704,1.17736,1.17762,1.17705,2343
2017-10-18 03:00:00,1.17713,1.17687,1.17718,1.17677,1.17736,1.17712,1.17742,1.17701,2259
2017-10-18 04:00:00,1.17687,1.17628,1.17694,1.17612,1.17712,1.17651,1.17719,1.17635,2811
2017-10-18 05:00:00,1.17628,1.17641,1.17645,1.17577,1.17651,1.17664,1.17668,1.17601,3938
2017-10-18 06:00:00,1.17641,1.17529,1.17698,1.17525,1.17664,1.1755,1.1772,1.17547,9035
2017-10-18 07:00:00,1.17529,1.17601,1.17677,1.17468,1.1755,1.17625,1.17699,1.17491,12884
2017-10-18 08:00:00,1.17601,1.17444,1.17647,1.17429,1.17625,1.17467,1.1767,1.17452,13272
2017-10-18 09:00:00,1.17444,1.1741,1.17462,1.17291,1.17467,1.17432,1.17485,1.17313,14338
2017-10-18 10:00:00,1.1741,1.17513,1.17574,1.17405,1.17432,1.17536,1.17598,1.17426,12772
2017-10-18 11:00:00,1.17513,1.17442,1.1754,1.17439,1.17536,1.17464,1.17561,1.17462,9065
2017-10-18 12:00:00,1.17442,1.17637,1.1769,1.17425,1.17464,1.1766,1.17711,1.17449,19221
2017-10-18 13:00:00,1.17637,1.17636,1.17764,1.17603,1.1766,1.17659,1.17785,1.17626,14277
2017-10-18 14:00:00,1.17636,1.17762,1.17792,1.17587,1.17659,1.17785,1.17814,1.17609,13849
2017-10-18 15:00:00,1.17762,1.17722,1.17798,1.17656,1.17785,1.17744,1.1782,1.17679,11035
2017-10-18 16:00:00,1.17722,1.17857,1.17929,1.17722,1.17744,1.17881,1.17952,1.17745,11470
2017-10-18 17:00:00,1.17857,1.17845,1.17885,1.17825,1.17881,1.17868,1.17908,1.17848,3989
2017-10-18 18:00:00,1.17845,1.1802,1.18043,1.17835,1.17868,1.18042,1.18066,1.17859,8607
2017-10-18 19:00:00,1.1802,1.17927,1.18026,1.1792,1.18042,1.1795,1.18048,1.17944,6162
2017-10-18 20:00:00,1.17927,1.17864,1.17951,1.17852,1.1795,1.17889,1.17974,1.17876,2708
2017-10-18 21:00:00,1.17864,1.17911,1.17929,1.17853,1.17889,1.1794,1.17958,1.1789,4024
2017-10-18 22:00:00,1.17911,1.17939,1.17955,1.17909,1.1794,1.17963,1.1798,1.17934,3465
2017-10-18 23:00:00,1.17939,1.17933,1.17991,1.17915,1.17963,1.17957,1.18012,1.17938,4517
2017-10-19 00:00:00,1.17933,1.181,1.18157,1.1792,1.17957,1.18123,1.18178,1.17943,10356
2017-10-19 01:00:00,1.181,1.18038,1.18132,1.18016,1.18123,1.18062,1.18155,1.18039,7126
2017-10-19 02:00:00,1.18038,1.17976,1.18042,1.17946,1.18062,1.18,1.18066,1.17969,6006
2017-10-19 03:00:00,1.17976,1.17987,1.1801,1.17939,1.18,1.1801,1.18034,1.17963,3200
2017-10-19 04:00:00,1.17987,1.18014,1.18057,1.17983,1.1801,1.18036,1.1808,1.18005,5700
2017-10-19 05:00:00,1.18014,1.17967,1.18025,1.17936,1.18036,1.17991,1.18047,1.17958,4807
2017-10-19 06:00:00,1.17967,1.18202,1.18215,1.17961,1.17991,1.18225,1.18238,1.17985,13233
2017-10-19 07:00:00,1.18202,1.18126,1.18204,1.18037,1.18225,1.1815,1.18226,1.18059,16437
2017-10-19 08:00:00,1.18126,1.18053,1.18163,1.17669,1.1815,1.18076,1.18185,1.17692,31063
2017-10-19 09:00:00,1.18053,1.18122,1.18152,1.17994,1.18076,1.18145,1.18175,1.18016,13556
2017-10-19 10:00:00,1.18122,1.18229,1.18357,1.1808,1.18145,1.18251,1.18378,1.18104,20655
2017-10-19 11:00:00,1.18229,1.18337,1.18386,1.1821,1.18251,1.1836,1.18409,1.18234,13118
2017-10-19 12:00:00,1.18337,1.18292,1.18412,1.18249,1.1836,1.18315,1.18435,1.18271,17341
2017-10-19 13:00:00,1.18292,1.18439,1.18466,1.18259,1.18315,1.18462,1.18489,1.18281,14787
2017-10-19 14:00:00,1.18439,1.18512,1.1857,1.18393,1.18462,1.18536,1.18592,1.18415,14849
2017-10-19 15:00:00,1.18512,1.18414,1.18536,1.18401,1.18536,1.18436,1.1856,1.18424,9751
2017-10-19 16:00:00,1.18414,1.18336,1.18438,1.1829,1.18436,1.18359,1.18457,1.18313,11271
2017-10-19 17:00:00,1.18336,1.18352,1.18353,1.18268,1.18359,1.18375,1.18375,1.18288,4955
2017-10-19 18:00:00,1.18352,1.18278,1.18364,1.18259,1.18375,1.18301,1.18388,1.18282,5675
2017-10-19 19:00:00,1.18278,1.18396,1.18469,1.18251,1.18301,1.18418,1.18492,1.18274,7901
2017-10-19 20:00:00,1.18396,1.18498,1.18567,1.18366,1.18418,1.1855,1.1859,1.1839,7142
2017-10-19 21:00:00,1.18498,1.18453,1.18512,1.18417,1.1855,1.18481,1.18561,1.18446,8491
2017-10-19 22:00:00,1.18453,1.18459,1.18499,1.18437,1.18481,1.18484,1.18525,1.18461,3803
2017-10-19 23:00:00,1.18459,1.18474,1.18518,1.18439,1.18484,1.18498,1.18541,1.18462,4545
2017-10-20 00:00:00,1.18474,1.18487,1.18518,1.18425,1.18498,1.1851,1.18541,1.18447,5759
2017-10-20 01:00:00,1.18487,1.18216,1.18569,1.18215,1.1851,1.1824,1.18592,1.18239,14183
2017-10-20 02:00:00,1.18216,1.18085,1.18217,1.18064,1.1824,1.18108,1.1824,1.18086,19617
2017-10-20 03:00:00,1.18085,1.18176,1.18183,1.18069,1.18108,1.18199,1.18204,1.18092,5720
2017-10-20 04:00:00,1.18176,1.1814,1.18199,1.18137,1.18199,1.18162,1.18223,1.1816,3239
2017-10-20 05:00:00,1.1814,1.18075,1.18157,1.18031,1.18162,1.18097,1.18179,1.18054,7037
2017-10-20 06:00:00,1.18075,1.18152,1.18179,1.18033,1.18097,1.18175,1.18202,1.18056,12230
2017-10-20 07:00:00,1.18152,1.18043,1.18252,1.17896,1.18175,1.18067,1.18275,1.17917,20529
2017-10-20 08:00:00,1.18043,1.18021,1.18064,1.17976,1.18067,1.18045,1.18085,1.17998,14600
2017-10-20 09:00:00,1.18021,1.18103,1.18114,1.17949,1.18045,1.18127,1.18137,1.17972,10440
2017-10-20 10:00:00,1.18103,1.18057,1.18109,1.17989,1.18127,1.1808,1.18132,1.18011,9028
2017-10-20 11:00:00,1.18057,1.18146,1.18192,1.18039,1.1808,1.18169,1.18215,1.18061,11967
2017-10-20 12:00:00,1.18146,1.17999,1.18196,1.17999,1.18169,1.18023,1.18219,1.18022,13449
2017-10-20 13:00:00,1.17999,1.17864,1.18042,1.17848,1.18023,1.17889,1.18061,1.1787,12944
2017-10-20 14:00:00,1.17864,1.17852,1.17982,1.17796,1.17889,1.17875,1.18005,1.17818,15197
2017-10-20 15:00:00,1.17852,1.17685,1.17887,1.17614,1.17875,1.17708,1.1791,1.17636,12783
2017-10-20 16:00:00,1.17685,1.17827,1.17877,1.17677,1.17708,1.17848,1.179,1.17698,17079
2017-10-20 17:00:00,1.17827,1.17848,1.17858,1.1779,1.17848,1.17869,1.17881,1.17812,5614
2017-10-20 18:00:00,1.17848,1.17767,1.17878,1.17697,1.17869,1.17791,1.179,1.17721,14247
2017-10-20 19:00:00,1.17767,1.17718,1.17787,1.17711,1.17791,1.17741,1.17811,1.17733,4724
2017-10-20 20:00:00,1.17718,1.17762,1.17822,1.17653,1.17741,1.17833,1.17847,1.17674,5383
2017-10-22 19:00:00,1.17762,1.17583,1.17601,1.17558,1.17833,1.17632,1.17635,1.17608,90
2017-10-22 20:00:00,1.17583,1.1763,1.17649,1.17583,1.17632,1.17666,1.17666,1.17622,190
2017-10-22 21:00:00,1.1763,1.17701,1.17718,1.17612,1.17666,1.17741,1.17754,1.17662,1453
2017-10-22 22:00:00,1.17701,1.17606,1.17734,1.17595,1.17741,1.17628,1.1776,1.17619,5039
2017-10-22 23:00:00,1.17606,1.17537,1.17645,1.17502,1.17628,1.1756,1.17665,1.17524,4890
2017-10-23 00:00:00,1.17537,1.17593,1.17614,1.17528,1.1756,1.17616,1.17637,1.1755,6575
2017-10-23 01:00:00,1.17593,1.17642,1.17652,1.17543,1.17616,1.17666,1.17677,1.17565,6036
2017-10-23 02:00:00,1.17642,1.17679,1.17699,1.17641,1.17666,1.17703,1.17722,1.17663,3226
2017-10-23 03:00:00,1.17679,1.1769,1.17695,1.1766,1.17703,1.17712,1.1772,1.17683,1907
2017-10-23 04:00:00,1.1769,1.17687,1.17724,1.17669,1.17712,1.1771,1.17747,1.17694,2435
2017-10-23 05:00:00,1.17687,1.17717,1.17717,1.17651,1.1771,1.17739,1.1774,1.17673,2804
2017-10-23 06:00:00,1.17717,1.17587,1.17763,1.17579,1.17739,1.17609,1.17785,1.17601,9259
2017-10-23 07:00:00,1.17587,1.17547,1.17619,1.175,1.17609,1.1757,1.17641,1.17521,12825
2017-10-23 08:00:00,1.17547,1.17451,1.17567,1.17391,1.1757,1.17474,1.17591,1.17413,11066
2017-10-23 09:00:00,1.17451,1.17341,1.17522,1.1734,1.17474,1.17363,1.17544,1.17362,10402
2017-10-23 10:00:00,1.17341,1.17435,1.17476,1.17338,1.17363,1.17457,1.17499,1.17361,10482
2017-10-23 11:00:00,1.17435,1.1738,1.17447,1.1735,1.17457,1.17403,1.1747,1.17371,10409
2017-10-23 12:00:00,1.1738,1.17345,1.17409,1.17322,1.17403,1.17368,1.1743,1.17343,10488
2017-10-23 13:00:00,1.17345,1.17469,1.17494,1.17329,1.17368,1.17493,1.17516,1.17352,10507
2017-10-23 14:00:00,1.17469,1.17443,1.17558,1.17416,1.17493,1.17464,1.1758,1.17439,12985
2017-10-23 15:00:00,1.17443,1.17594,1.17612,1.17393,1.17464,1.17617,1.17633,1.17415,13594
2017-10-23 16:00:00,1.17594,1.17433,1.17624,1.17432,1.17617,1.17457,1.17647,1.17456,10823
2017-10-23 17:00:00,1.17433,1.17363,1.1747,1.17358,1.17457,1.17384,1.17493,1.17382,7470
2017-10-23 18:00:00,1.17363,1.17362,1.174,1.17238,1.17384,1.17386,1.17423,1.17259,11480
2017-10-23 19:00:00,1.17362,1.17481,1.1753,1.17346,1.17386,1.17505,1.17553,1.17368,10562
2017-10-23 20:00:00,1.17481,1.17482,1.17495,1.1744,1.17505,1.17506,1.17517,1.17463,2472
2017-10-23 21:00:00,1.17482,1.17479,1.17503,1.17439,1.17506,1.17504,1.17533,1.17482,1653
2017-10-23 22:00:00,1.17479,1.17483,1.17492,1.17458,1.17504,1.17508,1.17518,1.17482,1869
2017-10-23 23:00:00,1.17483,1.17538,1.17555,1.17477,1.17508,1.17562,1.17579,1.175,2433
2017-10-24 00:00:00,1.17538,1.17588,1.17596,1.17532,1.17562,1.1761,1.17617,1.17555,3242
2017-10-24 01:00:00,1.17588,1.17597,1.1761,1.17561,1.1761,1.17619,1.17631,1.17584,3642
2017-10-24 02:00:00,1.17597,1.17597,1.17641,1.17572,1.17619,1.17621,1.17665,1.17596,3669
2017-10-24 03:00:00,1.17597,1.1765,1.1769,1.17596,1.17621,1.17674,1.17713,1.17621,4304
2017-10-24 04:00:00,1.1765,1.17607,1.17657,1.17602,1.17674,1.1763,1.1768,1.17626,2793
2017-10-24 05:00:00,1.17607,1.17544,1.17616,1.17522,1.1763,1.17567,1.17639,1.17545,3191
2017-10-24 06:00:00,1.17544,1.17563,1.17632,1.17535,1.17567,1.17585,1.17655,1.17557,9629
2017-10-24 07:00:00,1.17563,1.17539,1.17589,1.17417,1.17585,1.17561,1.17611,1.1744,14892
2017-10-24 08:00:00,1.17539,1.17631,1.17649,1.17539,1.17561,1.17651,1.1767,1.17563,10498
2017-10-24 09:00:00,1.17631,1.17617,1.1766,1.17501,1.17651,1.17641,1.17682,1.17523,8943
2017-10-24 10:00:00,1.17617,1.17581,1.17618,1.17525,1.17641,1.17605,1.17641,1.17546,6301
2017-10-24 11:00:00,1.17581,1.17561,1.17688,1.17506,1.17605,1.17583,1.17709,1.17526,11130
2017-10-24 12:00:00,1.17561,1.17598,1.17664,1.17539,1.17583,1.17621,1.17686,1.17561,11551
2017-10-24 13:00:00,1.17598,1.17582,1.17642,1.1753,1.17621,1.17604,1.17664,1.17552,13861
2017-10-24 14:00:00,1.17582,1.17607,1.17761,1.17564,1.17604,1.1763,1.17783,1.17586,19071
2017-10-24 15:00:00,1.17607,1.17647,1.17706,1.17574,1.1763,1.1767,1.17728,1.17597,11947
2017-10-24 16:00:00,1.17647,1.17628,1.17675,1.17605,1.1767,1.1765,1.17698,1.17627,6794
2017-10-24 17:00:00,1.17628,1.17576,1.17667,1.17565,1.1765,1.176,1.1769,1.17588,7278
2017-10-24 18:00:00,1.17576,1.17842,1.1786,1.17552,1.176,1.17865,1.17883,1.17575,10917
2017-10-24 19:00:00,1.17842,1.17589,1.17918,1.1757,1.17865,1.17612,1.17941,1.17592,36023
2017-10-24 20:00:00,1.17589,1.17607,1.17648,1.17581,1.17612,1.17633,1.17667,1.17605,2903
2017-10-24 21:00:00,1.17607,1.17622,1.17636,1.17587,1.17633,1.1765,1.17664,1.17626,1645
2017-10-24 22:00:00,1.17622,1.17633,1.1769,1.17622,1.1765,1.17659,1.17713,1.17649,3800
2017-10-24 23:00:00,1.17633,1.1759,1.17648,1.17569,1.17659,1.17613,1.17672,1.17593,2659
2017-10-25 00:00:00,1.1759,1.17575,1.17625,1.1752,1.17613,1.17598,1.17649,1.17543,7051
2017-10-25 01:00:00,1.17575,1.1759,1.17631,1.17546,1.17598,1.17613,1.17656,1.17568,5463
2017-10-25 02:00:00,1.1759,1.17588,1.17625,1.17537,1.17613,1.17612,1.17646,1.1756,3526
2017-10-25 03:00:00,1.17588,1.17546,1.17593,1.17524,1.17612,1.1757,1.17616,1.17547,3137
2017-10-25 04:00:00,1.17546,1.17568,1.17571,1.1753,1.1757,1.17589,1.17595,1.17552,1799
2017-10-25 05:00:00,1.17568,1.17646,1.1765,1.17563,1.17589,1.1767,1.17673,1.17585,6821
2017-10-25 06:00:00,1.17646,1.176,1.17659,1.17546,1.1767,1.17624,1.17682,1.17568,11092
2017-10-25 07:00:00,1.176,1.17601,1.17678,1.17543,1.17624,1.17624,1.17701,1.17565,15787
2017-10-25 08:00:00,1.17601,1.17665,1.17739,1.17592,1.17624,1.17687,1.17761,1.17616,20765
2017-10-25 09:00:00,1.17665,1.17667,1.17739,1.17587,1.17687,1.17689,1.17761,1.1761,16521
2017-10-25 10:00:00,1.17667,1.17756,1.17808,1.17628,1.17689,1.17778,1.1783,1.17651,13867
2017-10-25 11:00:00,1.17756,1.17782,1.17802,1.17685,1.17778,1.17805,1.17825,1.17708,11977
2017-10-25 12:00:00,1.17782,1.17755,1.17851,1.17689,1.17805,1.17779,1.17871,1.17712,19519
2017-10-25 13:00:00,1.17755,1.17966,1.17998,1.17756,1.17779,1.17988,1.1802,1.17779,20839
2017-10-25 14:00:00,1.17966,1.181,1.18162,1.17844,1.17988,1.18124,1.18185,1.17868,30405
2017-10-25 15:00:00,1.181,1.18017,1.18141,1.18002,1.18124,1.18039,1.18165,1.18022,20199
2017-10-25 16:00:00,1.18017,1.18118,1.18125,1.18011,1.18039,1.18141,1.18148,1.18033,16512
2017-10-25 17:00:00,1.18118,1.18075,1.18167,1.18024,1.18141,1.18097,1.18189,1.18047,12247
2017-10-25 18:00:00,1.18075,1.18047,1.18111,1.18009,1.18097,1.18069,1.18132,1.18032,11032
2017-10-25 19:00:00,1.18047,1.18027,1.18092,1.18019,1.18069,1.1805,1.18114,1.18042,7065
2017-10-25 20:00:00,1.18027,1.18117,1.18139,1.17991,1.1805,1.18143,1.18162,1.18011,4368
2017-10-25 21:00:00,1.18117,1.18141,1.18158,1.18106,1.18143,1.18171,1.18186,1.18137,2038
2017-10-25 22:00:00,1.18141,1.18141,1.18158,1.18113,1.18171,1.18166,1.18184,1.18138,3527
2017-10-25 23:00:00,1.18141,1.18184,1.18193,1.18135,1.18166,1.18207,1.18216,1.18158,2710
2017-10-26 00:00:00,1.18184,1.18167,1.1822,1.18142,1.18207,1.18189,1.18243,1.18166,4529
2017-10-26 01:00:00,1.18167,1.18272,1.18299,1.18163,1.18189,1.18296,1.18321,1.18186,7235
2017-10-26 02:00:00,1.18272,1.1823,1.18318,1.18215,1.18296,1.18254,1.1834,1.18239,4452
2017-10-26 03:00:00,1.1823,1.18238,1.1828,1.18224,1.18254,1.18259,1.18304,1.18247,3013
2017-10-26 04:00:00,1.18238,1.18248,1.18255,1.18224,1.18259,1.18271,1.18279,1.18247,2317
2017-10-26 05:00:00,1.18248,1.18281,1.18358,1.18216,1.18271,1.18305,1.1838,1.1824,7041
2017-10-26 06:00:00,1.18281,1.18213,1.18318,1.18193,1.18305,1.18236,1.18339,1.18216,8897
2017-10-26 07:00:00,1.18213,1.18172,1.1828,1.18132,1.18236,1.18194,1.18301,1.18154,15941
2017-10-26 08:00:00,1.18172,1.18126,1.18198,1.18115,1.18194,1.1815,1.1822,1.18138,9369
2017-10-26 09:00:00,1.18126,1.18078,1.18126,1.18024,1.1815,1.18102,1.18149,1.18046,8366
2017-10-26 10:00:00,1.18078,1.18115,1.18157,1.18068,1.18102,1.18136,1.1818,1.18091,6209
2017-10-26 11:00:00,1.18115,1.17676,1.18147,1.17569,1.18136,1.177,1.18196,1.17592,33040
2017-10-26 12:00:00,1.17676,1.17685,1.17688,1.1737,1.177,1.17709,1.1771,1.17393,57324
2017-10-26 13:00:00,1.17685,1.17182,1.17846,1.17058,1.17709,1.17205,1.17868,1.1708,46035
2017-10-26 14:00:00,1.17182,1.17022,1.17247,1.16984,1.17205,1.17045,1.1727,1.17004,20166
2017-10-26 15:00:00,1.17022,1.16983,1.17063,1.16874,1.17045,1.17007,1.17087,1.16895,22018
2017-10-26 16:00:00,1.16983,1.16811,1.16999,1.16783,1.17007,1.16834,1.17022,1.16804,13067
2017-10-26 17:00:00,1.16811,1.16627,1.16816,1.16588,1.16834,1.1665,1.16839,1.16606,22948
2017-10-26 18:00:00,1.16627,1.16575,1.16671,1.16547,1.1665,1.16599,1.16694,1.1657,11603
2017-10-26 19:00:00,1.16575,1.16461,1.16581,1.16393,1.16599,1.16484,1.16603,1.16416,10006
2017-10-26 20:00:00,1.16461,1.16489,1.16568,1.16445,1.16484,1.16516,1.16591,1.16467,6091
2017-10-26 21:00:00,1.16489,1.16529,1.16558,1.16483,1.16516,1.16558,1.16587,1.16522,2657
2017-10-26 22:00:00,1.16529,1.16446,1.1654,1.16424,1.16558,1.16469,1.16566,1.16448,5926
2017-10-26 23:00:00,1.16446,1.16367,1.16446,1.16303,1.16469,1.16389,1.16469,1.16325,6173
2017-10-27 00:00:00,1.16367,1.16296,1.16414,1.16274,1.16389,1.16319,1.16437,1.16296,7308
2017-10-27 01:00:00,1.16296,1.1631,1.16326,1.16233,1.16319,1.16335,1.1635,1.16256,6606
2017-10-27 02:00:00,1.1631,1.16346,1.16382,1.16264,1.16335,1.1637,1.16405,1.16288,4585
2017-10-27 03:00:00,1.16346,1.16378,1.16381,1.16311,1.1637,1.16401,1.16405,1.16334,5317
2017-10-27 04:00:00,1.16378,1.16342,1.16381,1.16337,1.16401,1.16364,1.16404,1.16355,2499
2017-10-27 05:00:00,1.16342,1.16421,1.16427,1.16319,1.16364,1.16443,1.1645,1.16342,5471
2017-10-27 06:00:00,1.16421,1.16223,1.16423,1.16198,1.16443,1.16246,1.16445,1.16221,13759
2017-10-27 07:00:00,1.16223,1.16328,1.16337,1.16147,1.16246,1.1635,1.1636,1.1617,18973
2017-10-27 08:00:00,1.16328,1.16261,1.16373,1.16233,1.1635,1.16283,1.16395,1.16256,16862
2017-10-27 09:00:00,1.16261,1.1633,1.16351,1.16222,1.16283,1.16353,1.16373,1.16243,11408
2017-10-27 10:00:00,1.1633,1.1625,1.16376,1.16189,1.16353,1.16272,1.16399,1.16211,11216
2017-10-27 11:00:00,1.1625,1.16061,1.16253,1.16035,1.16272,1.16084,1.16275,1.16058,13568
2017-10-27 12:00:00,1.16061,1.15979,1.16106,1.15864,1.16084,1.16002,1.1613,1.15886,31421
2017-10-27 13:00:00,1.15979,1.15792,1.16048,1.15776,1.16002,1.15818,1.16068,1.15798,25977
2017-10-27 14:00:00,1.15792,1.15793,1.16228,1.15773,1.15818,1.15814,1.16252,1.15796,47939
2017-10-27 15:00:00,1.15793,1.15794,1.1586,1.15731,1.15814,1.15818,1.15884,1.1575,21770
2017-10-27 16:00:00,1.15794,1.15891,1.15917,1.15768,1.15818,1.15912,1.15939,1.1579,10431
2017-10-27 17:00:00,1.15891,1.15854,1.15938,1.1584,1.15912,1.15876,1.15961,1.15863,6109
2017-10-27 18:00:00,1.15854,1.15964,1.1599,1.15836,1.15876,1.15988,1.16014,1.15859,6755
2017-10-27 19:00:00,1.15964,1.15974,1.16026,1.1595,1.15988,1.15995,1.16049,1.15973,6443
2017-10-27 20:00:00,1.15974,1.16044,1.1608,1.15953,1.15995,1.16138,1.16145,1.15976,6740
2017-10-29 18:00:00,1.16044,1.16101,1.16136,1.15989,1.16138,1.16161,1.16197,1.16054,155
2017-10-29 19:00:00,1.16101,1.16067,1.16136,1.16061,1.16161,1.16102,1.16192,1.16102,72
2017-10-29 20:00:00,1.16067,1.16081,1.16081,1.16025,1.16102,1.16151,1.16161,1.16092,62
2017-10-29 21:00:00,1.16081,1.16041,1.16143,1.16036,1.16151,1.16086,1.16173,1.16076,987
2017-10-29 22:00:00,1.16041,1.15938,1.1605,1.15926,1.16086,1.15961,1.16082,1.15951,4847
2017-10-29 23:00:00,1.15938,1.16046,1.16088,1.15938,1.15961,1.1607,1.16112,1.15962,3892
2017-10-30 00:00:00,1.16046,1.16046,1.16069,1.15964,1.1607,1.1607,1.16094,1.15987,7738
2017-10-30 01:00:00,1.16046,1.16099,1.16134,1.15994,1.1607,1.16121,1.16157,1.16017,7212
2017-10-30 02:00:00,1.16099,1.1608,1.16136,1.16052,1.16121,1.16104,1.16159,1.16075,4628
2017-10-30 03:00:00,1.1608,1.16131,1.16144,1.16065,1.16104,1.16155,1.16166,1.16089,3704
2017-10-30 04:00:00,1.16131,1.16162,1.16162,1.16119,1.16155,1.16183,1.16185,1.16143,2664
2017-10-30 05:00:00,1.16162,1.16152,1.16166,1.16114,1.16183,1.16176,1.1619,1.16138,2879
2017-10-30 06:00:00,1.16152,1.16159,1.16167,1.16122,1.16176,1.16183,1.1619,1.16144,2777
2017-10-30 07:00:00,1.16159,1.1618,1.16215,1.16004,1.16183,1.16203,1.16238,1.16027,10640
2017-10-30 08:00:00,1.1618,1.16327,1.16343,1.16145,1.16203,1.16351,1.16367,1.16169,17085
2017-10-30 09:00:00,1.16327,1.16382,1.16396,1.1629,1.16351,1.16405,1.1642,1.16314,9844
2017-10-30 10:00:00,1.16382,1.16364,1.16411,1.16305,1.16405,1.16388,1.16432,1.16328,8398
2017-10-30 11:00:00,1.16364,1.16312,1.16408,1.16309,1.16388,1.16334,1.16431,1.16332,8440
2017-10-30 12:00:00,1.16312,1.16133,1.1632,1.16088,1.16334,1.16156,1.16342,1.16108,13989
2017-10-30 13:00:00,1.16133,1.16189,1.16191,1.16039,1.16156,1.1621,1.16215,1.16061,15223
2017-10-30 14:00:00,1.16189,1.16161,1.16215,1.16025,1.1621,1.16184,1.16239,1.16047,10117
2017-10-30 15:00:00,1.16161,1.16262,1.16332,1.16117,1.16184,1.16285,1.16351,1.16139,15524
2017-10-30 16:00:00,1.16262,1.1638,1.16451,1.16211,1.16285,1.16403,1.16472,1.16233,15265
2017-10-30 17:00:00,1.1638,1.16292,1.16397,1.16286,1.16403,1.16316,1.16419,1.16309,6239
2017-10-30 18:00:00,1.16292,1.16376,1.16383,1.16269,1.16316,1.16399,1.16405,1.16291,7375
2017-10-30 19:00:00,1.16376,1.16554,1.16568,1.16356,1.16399,1.16578,1.16591,1.16378,6697
2017-10-30 20:00:00,1.16554,1.16495,1.16567,1.16489,1.16578,1.1652,1.1659,1.16513,4310
2017-10-30 21:00:00,1.16495,1.16485,1.1651,1.16469,1.1652,1.16507,1.16538,1.16496,8467
2017-10-30 22:00:00,1.16485,1.1642,1.16485,1.16405,1.16507,1.16444,1.16506,1.16427,4018
2017-10-30 23:00:00,1.1642,1.16502,1.16519,1.16411,1.16444,1.16525,1.16542,1.16435,3518
2017-10-31 00:00:00,1.16502,1.16463,1.16505,1.16387,1.16525,1.16486,1.16529,1.1641,6499
2017-10-31 01:00:00,1.16463,1.16333,1.16463,1.16325,1.16486,1.16358,1.16485,1.16347,4314
2017-10-31 02:00:00,1.16333,1.16371,1.16377,1.16317,1.16358,1.16395,1.16401,1.16339,3236
2017-10-31 03:00:00,1.16371,1.16356,1.1638,1.16339,1.16395,1.1638,1.16401,1.16362,3362
2017-10-31 04:00:00,1.16356,1.16246,1.16356,1.16244,1.1638,1.16269,1.1638,1.16267,2821
2017-10-31 05:00:00,1.16246,1.16348,1.16365,1.16241,1.16269,1.16371,1.16388,1.16264,4543
2017-10-31 06:00:00,1.16348,1.16423,1.16489,1.16345,1.16371,1.16447,1.16513,1.16367,5577
2017-10-31 07:00:00,1.16423,1.16432,1.16436,1.16306,1.16447,1.16455,1.1646,1.16328,9518
2017-10-31 08:00:00,1.16432,1.16402,1.1648,1.16308,1.16455,1.16424,1.165,1.1633,11825
2017-10-31 09:00:00,1.16402,1.16329,1.16404,1.163,1.16424,1.16353,1.16426,1.1632,8289
2017-10-31 10:00:00,1.16329,1.16292,1.1635,1.16238,1.16353,1.16316,1.16373,1.16261,11010
2017-10-31 11:00:00,1.16292,1.16385,1.16389,1.16257,1.16316,1.16408,1.16412,1.1628,9361
2017-10-31 12:00:00,1.16385,1.16347,1.16422,1.16292,1.16408,1.16372,1.1648,1.16315,13877
2017-10-31 13:00:00,1.16347,1.16391,1.1642,1.16329,1.16372,1.16417,1.16443,1.16353,13841
2017-10-31 14:00:00,1.16391,1.1637,1.16428,1.16255,1.16417,1.16393,1.1645,1.16278,12390
2017-10-31 15:00:00,1.1637,1.16476,1.16604,1.16289,1.16393,1.16496,1.16627,1.16312,20802
2017-10-31 16:00:00,1.16476,1.16574,1.16575,1.16381,1.16496,1.16597,1.16597,1.16405,13220
2017-10-31 17:00:00,1.16574,1.16464,1.16574,1.16435,1.16597,1.16486,1.16597,1.16459,5949
2017-10-31 18:00:00,1.16464,1.16497,1.16555,1.16451,1.16486,1.1652,1.16578,1.16473,7235
2017-10-31 19:00:00,1.16497,1.16486,1.16558,1.16467,1.1652,1.1651,1.16581,1.16489,5807
2017-10-31 20:00:00,1.16486,1.1645,1.16503,1.16426,1.1651,1.16476,1.16526,1.1645,2940
2017-10-31 21:00:00,1.1645,1.16446,1.16472,1.16386,1.16476,1.16478,1.16498,1.16411,4092
2017-10-31 22:00:00,1.16446,1.16484,1.16516,1.16443,1.16478,1.16511,1.16541,1.1647,2790
2017-10-31 23:00:00,1.16484,1.16508,1.16539,1.16456,1.16511,1.16531,1.1656,1.16479,2787
2017-11-01 00:00:00,1.16508,1.16386,1.16532,1.16382,1.16531,1.16409,1.16556,1.16405,6531
2017-11-01 01:00:00,1.16386,1.16359,1.16399,1.16305,1.16409,1.16382,1.16422,1.1633,6996
2017-11-01 02:00:00,1.16359,1.16312,1.16365,1.16302,1.16382,1.16333,1.16389,1.16325,3604
2017-11-01 03:00:00,1.16312,1.16304,1.16329,1.1628,1.16333,1.16328,1.16352,1.16303,3233
2017-11-01 04:00:00,1.16304,1.16298,1.16319,1.16279,1.16328,1.16322,1.16342,1.16302,2696
2017-11-01 05:00:00,1.16298,1.16281,1.16308,1.16246,1.16322,1.16305,1.16331,1.16267,4479
2017-11-01 06:00:00,1.16281,1.16391,1.16449,1.16276,1.16305,1.16414,1.16471,1.16298,6310
2017-11-01 07:00:00,1.16391,1.16508,1.16514,1.16327,1.16414,1.1653,1.16538,1.1635,9685
2017-11-01 08:00:00,1.16508,1.16389,1.16564,1.16373,1.1653,1.16412,1.16584,1.16395,9990
2017-11-01 09:00:00,1.16389,1.16313,1.16443,1.16311,1.16412,1.16336,1.16467,1.16333,10054
2017-11-01 10:00:00,1.16313,1.16406,1.16409,1.1631,1.16336,1.16427,1.16433,1.16332,6196
2017-11-01 11:00:00,1.16406,1.16372,1.16424,1.16315,1.16427,1.16394,1.16446,1.16337,6514
2017-11-01 12:00:00,1.16372,1.16165,1.1641,1.16131,1.16394,1.16188,1.16433,1.16154,19028
2017-11-01 13:00:00,1.16165,1.16108,1.16187,1.16052,1.16188,1.16137,1.1621,1.16074,14663
2017-11-01 14:00:00,1.16108,1.16311,1.16422,1.16091,1.16137,1.16334,1.16445,1.16117,25390
2017-11-01 15:00:00,1.16311,1.16164,1.16357,1.16131,1.16334,1.16187,1.16381,1.16153,13893
2017-11-01 16:00:00,1.16164,1.16246,1.16256,1.16121,1.16187,1.16267,1.16279,1.16144,10907
2017-11-01 17:00:00,1.16246,1.16239,1.16321,1.16196,1.16267,1.16304,1.16342,1.16229,7784
2017-11-01 18:00:00,1.16239,1.16183,1.16403,1.16093,1.16304,1.16205,1.16427,1.16115,27269
2017-11-01 19:00:00,1.16183,1.16192,1.16327,1.16157,1.16205,1.16215,1.1635,1.16179,9487
2017-11-01 20:00:00,1.16192,1.16166,1.16291,1.1614,1.16215,1.16208,1.16316,1.1616,6194
2017-11-01 21:00:00,1.16166,1.16214,1.16237,1.16159,1.16208,1.1624,1.16265,1.16196,4034
2017-11-01 22:00:00,1.16214,1.16174,1.16214,1.16121,1.1624,1.16198,1.16239,1.16146,3208
2017-11-01 23:00:00,1.16174,1.16273,1.16275,1.16163,1.16198,1.16294,1.16299,1.16187,3055
2017-11-02 00:00:00,1.16273,1.16334,1.16375,1.16268,1.16294,1.16357,1.16398,1.16291,10399
2017-11-02 01:00:00,1.16334,1.16596,1.16707,1.16319,1.16357,1.1662,1.16731,1.16343,15754
2017-11-02 02:00:00,1.16596,1.16525,1.16641,1.16523,1.1662,1.16549,1.16664,1.16545,5211
2017-11-02 03:00:00,1.16525,1.16545,1.1656,1.16488,1.16549,1.16569,1.16584,1.1651,4049
2017-11-02 04:00:00,1.16545,1.16564,1.16615,1.16508,1.16569,1.16588,1.16637,1.16531,5631
2017-11-02 05:00:00,1.16564,1.16551,1.1658,1.16494,1.16588,1.16574,1.16603,1.16515,3060
2017-11-02 06:00:00,1.16551,1.16561,1.16582,1.16495,1.16574,1.16584,1.16605,1.16518,5103
2017-11-02 07:00:00,1.16561,1.16406,1.16616,1.16394,1.16584,1.16428,1.16639,1.16418,9979
2017-11-02 08:00:00,1.16406,1.16316,1.16428,1.16248,1.16428,1.16339,1.16451,1.16271,12410
2017-11-02 09:00:00,1.16316,1.16406,1.16428,1.16307,1.16339,1.1643,1.1645,1.16329,8185
2017-11-02 10:00:00,1.16406,1.16472,1.16496,1.16396,1.1643,1.16495,1.16517,1.16419,7776
2017-11-02 11:00:00,1.16472,1.16515,1.16573,1.1646,1.16495,1.16538,1.16596,1.16482,11823
2017-11-02 12:00:00,1.16515,1.16509,1.16666,1.16459,1.16538,1.16533,1.16688,1.16481,30538
2017-11-02 13:00:00,1.16509,1.16493,1.16526,1.1634,1.16533,1.16516,1.16548,1.16362,20687
2017-11-02 14:00:00,1.16493,1.16611,1.16863,1.16488,1.16516,1.16635,1.16884,1.16511,37628
2017-11-02 15:00:00,1.16611,1.16711,1.16773,1.16536,1.16635,1.16734,1.16795,1.16558,23364
2017-11-02 16:00:00,1.16711,1.16617,1.16727,1.1653,1.16734,1.16639,1.16749,1.16552,16518
2017-11-02 17:00:00,1.16617,1.16551,1.16621,1.16531,1.16639,1.16575,1.16644,1.16554,7980
2017-11-02 18:00:00,1.16551,1.1658,1.16617,1.16531,1.16575,1.16603,1.16641,1.16554,7827
2017-11-02 19:00:00,1.1658,1.166,1.16634,1.1647,1.16603,1.16623,1.16657,1.16491,15674
2017-11-02 20:00:00,1.166,1.16572,1.16615,1.16557,1.16623,1.16597,1.16637,1.1658,2642
2017-11-02 21:00:00,1.16572,1.16551,1.1659,1.16532,1.16597,1.16576,1.16614,1.1656,4967
2017-11-02 22:00:00,1.16551,1.1656,1.16586,1.16546,1.16576,1.16584,1.1661,1.16571,2461
2017-11-02 23:00:00,1.1656,1.16576,1.1659,1.16532,1.16584,1.16601,1.16614,1.16555,2206
2017-11-03 00:00:00,1.16576,1.16562,1.16639,1.1655,1.16601,1.16583,1.16661,1.16572,4037
2017-11-03 01:00:00,1.16562,1.16601,1.16653,1.1656,1.16583,1.16626,1.16674,1.16581,3873
2017-11-03 02:00:00,1.16601,1.16578,1.16618,1.16553,1.16626,1.16601,1.16642,1.16576,3524
2017-11-03 03:00:00,1.16578,1.16564,1.16603,1.16554,1.16601,1.16587,1.16627,1.16577,1568
2017-11-03 04:00:00,1.16564,1.16609,1.16614,1.16559,1.16587,1.16633,1.16638,1.16583,1448
2017-11-03 05:00:00,1.16609,1.16639,1.16641,1.16581,1.16633,1.1666,1.16661,1.16604,2554
2017-11-03 06:00:00,1.16639,1.16594,1.16669,1.16583,1.1666,1.16617,1.16692,1.16605,3340
2017-11-03 07:00:00,1.16594,1.16455,1.16594,1.16434,1.16617,1.16477,1.16616,1.16455,7820
2017-11-03 08:00:00,1.16455,1.16464,1.16482,1.16408,1.16477,1.16486,1.16504,1.16431,7427
2017-11-03 09:00:00,1.16464,1.16458,1.16485,1.16389,1.16486,1.16481,1.16505,1.16412,6921
2017-11-03 10:00:00,1.16458,1.16429,1.16531,1.16412,1.16481,1.16453,1.16554,1.16434,6701
2017-11-03 11:00:00,1.16429,1.16468,1.16477,1.16376,1.16453,1.16488,1.165,1.16399,8333
2017-11-03 12:00:00,1.16468,1.16534,1.16907,1.16442,1.16488,1.16558,1.16974,1.16465,43705
2017-11-03 13:00:00,1.16534,1.16446,1.16577,1.16396,1.16558,1.1647,1.166,1.16419,21637
2017-11-03 14:00:00,1.16446,1.1608,1.16446,1.16051,1.1647,1.16104,1.16462,1.16073,28526
2017-11-03 15:00:00,1.1608,1.1615,1.16189,1.16018,1.16104,1.16171,1.16212,1.16039,16549
2017-11-03 16:00:00,1.1615,1.16035,1.16185,1.1599,1.16171,1.16057,1.16208,1.16012,9780
2017-11-03 17:00:00,1.16035,1.16016,1.16095,1.15994,1.16057,1.16039,1.16118,1.16016,5929
2017-11-03 18:00:00,1.16016,1.16063,1.16072,1.15981,1.16039,1.16087,1.16095,1.16003,6490
2017-11-03 19:00:00,1.16063,1.16067,1.16132,1.1606,1.16087,1.16089,1.16155,1.16083,4692
2017-11-03 20:00:00,1.16067,1.16062,1.16126,1.16048,1.16089,1.16122,1.1615,1.16071,4435
2017-11-05 19:00:00,1.16062,1.16146,1.16146,1.16115,1.16122,1.16194,1.16214,1.16182,9
2017-11-05 20:00:00,1.16146,1.1613,1.16188,1.16129,1.16194,1.16195,1.16217,1.16182,98
2017-11-05 21:00:00,1.1613,1.16129,1.16178,1.16127,1.16195,1.16192,1.16215,1.16165,151
2017-11-05 22:00:00,1.16129,1.1613,1.16163,1.1602,1.16192,1.16171,1.16208,1.16115,1365
2017-11-05 23:00:00,1.1613,1.16138,1.16169,1.16076,1.16171,1.16159,1.16192,1.16098,2272
2017-11-06 00:00:00,1.16138,1.16038,1.16154,1.15988,1.16159,1.16061,1.16176,1.16012,5407
2017-11-06 01:00:00,1.16038,1.16091,1.16129,1.15957,1.16061,1.16114,1.16152,1.15977,11492
2017-11-06 02:00:00,1.16091,1.16161,1.16229,1.16057,1.16114,1.16186,1.16253,1.16081,9022
2017-11-06 03:00:00,1.16161,1.1613,1.16173,1.16101,1.16186,1.16151,1.16196,1.16123,3982
2017-11-06 04:00:00,1.1613,1.16084,1.16151,1.16069,1.16151,1.16109,1.16173,1.16093,4912
2017-11-06 05:00:00,1.16084,1.16113,1.16122,1.16051,1.16109,1.16136,1.16146,1.16073,3306
2017-11-06 06:00:00,1.16113,1.16078,1.16157,1.16043,1.16136,1.16101,1.16179,1.16067,5308
2017-11-06 07:00:00,1.16078,1.16096,1.16153,1.15945,1.16101,1.16119,1.16177,1.15968,12674
2017-11-06 08:00:00,1.16096,1.16094,1.1614,1.16044,1.16119,1.16116,1.16163,1.16067,10983
2017-11-06 09:00:00,1.16094,1.16016,1.16127,1.15871,1.16116,1.16038,1.1615,1.15894,15457
2017-11-06 10:00:00,1.16016,1.16088,1.16129,1.15999,1.16038,1.1611,1.16153,1.16022,7866
2017-11-06 11:00:00,1.16088,1.15913,1.16092,1.15895,1.1611,1.15935,1.16115,1.15916,9392
2017-11-06 12:00:00,1.15913,1.15894,1.1596,1.15826,1.15935,1.15916,1.15983,1.15849,8709
2017-11-06 13:00:00,1.15894,1.15843,1.15974,1.15842,1.15916,1.15866,1.15997,1.15865,8664
2017-11-06 14:00:00,1.15843,1.15843,1.15912,1.15814,1.15866,1.15865,1.15935,1.15836,9378
2017-11-06 15:00:00,1.15843,1.15839,1.15908,1.15792,1.15865,1.15862,1.15931,1.15814,10619
2017-11-06 16:00:00,1.15839,1.15976,1.16022,1.15829,1.15862,1.15998,1.16044,1.15853,11688
2017-11-06 17:00:00,1.15976,1.16107,1.16127,1.15972,1.15998,1.16129,1.16149,1.15996,12311
2017-11-06 18:00:00,1.16107,1.16091,1.1615,1.1607,1.16129,1.16115,1.16173,1.16091,5221
2017-11-06 19:00:00,1.16091,1.16046,1.16139,1.16039,1.16115,1.16069,1.16162,1.16061,5478
2017-11-06 20:00:00,1.16046,1.16083,1.16087,1.16021,1.16069,1.16103,1.16111,1.16044,4663
2017-11-06 21:00:00,1.16083,1.16071,1.16114,1.16069,1.16103,1.16123,1.16137,1.16102,2038
2017-11-06 22:00:00,1.16071,1.16089,1.16138,1.16058,1.16123,1.16115,1.1618,1.16111,1208
2017-11-06 23:00:00,1.16089,1.16102,1.16125,1.16075,1.16115,1.16127,1.16149,1.16099,2226
2017-11-07 00:00:00,1.16102,1.16123,1.16131,1.16073,1.16127,1.16146,1.16153,1.16096,3406
2017-11-07 01:00:00,1.16123,1.1604,1.16144,1.16013,1.16146,1.16063,1.16168,1.16035,6061
2017-11-07 02:00:00,1.1604,1.16124,1.16127,1.16007,1.16063,1.16147,1.1615,1.16032,3752
2017-11-07 03:00:00,1.16124,1.16105,1.16142,1.16067,1.16147,1.16128,1.16164,1.16091,4522
2017-11-07 04:00:00,1.16105,1.16063,1.1611,1.16035,1.16128,1.16087,1.16133,1.16059,3683
2017-11-07 05:00:00,1.16063,1.16044,1.16096,1.16035,1.16087,1.16068,1.16118,1.16058,2812
2017-11-07 06:00:00,1.16044,1.16011,1.16081,1.15951,1.16068,1.16035,1.16104,1.15974,4008
2017-11-07 07:00:00,1.16011,1.15874,1.16011,1.15845,1.16035,1.15897,1.16033,1.15862,9403
2017-11-07 08:00:00,1.15874,1.1565,1.1593,1.15647,1.15897,1.15672,1.15952,1.15671,16736
2017-11-07 09:00:00,1.1565,1.1566,1.1576,1.15649,1.15672,1.15684,1.15781,1.15671,10540
2017-11-07 10:00:00,1.1566,1.15655,1.15707,1.15528,1.15684,1.15678,1.15729,1.15549,11727
2017-11-07 11:00:00,1.15655,1.15686,1.15773,1.1555,1.15678,1.15709,1.15795,1.15573,12191
2017-11-07 12:00:00,1.15686,1.15641,1.15691,1.1558,1.15709,1.15665,1.15714,1.15601,8952
2017-11-07 13:00:00,1.15641,1.15615,1.15671,1.1557,1.15665,1.15637,1.15695,1.15591,9344
2017-11-07 14:00:00,1.15615,1.15765,1.15805,1.15589,1.15637,1.15788,1.15829,1.15612,13855
2017-11-07 15:00:00,1.15765,1.1574,1.15893,1.15662,1.15788,1.15763,1.15917,1.15685,18684
2017-11-07 16:00:00,1.1574,1.15756,1.15779,1.15628,1.15763,1.15778,1.15801,1.15644,13920
2017-11-07 17:00:00,1.15756,1.15816,1.15871,1.15749,1.15778,1.15837,1.15894,1.15772,10214
2017-11-07 18:00:00,1.15816,1.15749,1.15834,1.15742,1.15837,1.15771,1.15855,1.15763,6109
2017-11-07 19:00:00,1.15749,1.15861,1.15873,1.15731,1.15771,1.15884,1.15896,1.15754,6373
2017-11-07 20:00:00,1.15861,1.15892,1.15916,1.15832,1.15884,1.15914,1.15939,1.15855,5885
2017-11-07 21:00:00,1.15892,1.15845,1.15901,1.15844,1.15914,1.15881,1.15924,1.15873,2886
2017-11-07 22:00:00,1.15845,1.15922,1.15924,1.15843,1.15881,1.15946,1.15949,1.15882,3078
2017-11-07 23:00:00,1.15922,1.15998,1.16051,1.1591,1.15946,1.16022,1.16075,1.15935,6439
2017-11-08 00:00:00,1.15998,1.15926,1.16026,1.15915,1.16022,1.15951,1.16048,1.15938,6939
2017-11-08 01:00:00,1.15926,1.15949,1.15971,1.15904,1.15951,1.15971,1.15994,1.15926,5203
2017-11-08 02:00:00,1.15949,1.15946,1.15977,1.15928,1.15971,1.15968,1.16001,1.15951,3526
2017-11-08 03:00:00,1.15946,1.15955,1.15974,1.15924,1.15968,1.15977,1.15998,1.15947,2694
2017-11-08 04:00:00,1.15955,1.15974,1.15991,1.15951,1.15977,1.15997,1.16015,1.15974,1846
2017-11-08 05:00:00,1.15974,1.15949,1.15995,1.15943,1.15997,1.15971,1.16019,1.15967,3296
2017-11-08 06:00:00,1.15949,1.15909,1.15959,1.1584,1.15971,1.15933,1.15983,1.15863,4966
2017-11-08 07:00:00,1.15909,1.15946,1.16035,1.1589,1.15933,1.15969,1.16058,1.15912,8842
2017-11-08 08:00:00,1.15946,1.15985,1.16101,1.15902,1.15969,1.16007,1.16124,1.15926,12789
2017-11-08 09:00:00,1.15985,1.15912,1.16027,1.15906,1.16007,1.15934,1.16047,1.15929,8581
2017-11-08 10:00:00,1.15912,1.16025,1.16035,1.15909,1.15934,1.16048,1.16058,1.15932,6843
2017-11-08 11:00:00,1.16025,1.15963,1.16056,1.15957,1.16048,1.15987,1.16078,1.15978,7516
2017-11-08 12:00:00,1.15963,1.1585,1.15969,1.15826,1.15987,1.15874,1.15992,1.15849,13074
2017-11-08 13:00:00,1.1585,1.15901,1.15932,1.15844,1.15874,1.15923,1.15956,1.15867,9443
2017-11-08 14:00:00,1.15901,1.15976,1.16028,1.15874,1.15923,1.16,1.16051,1.15897,10115
2017-11-08 15:00:00,1.15976,1.15841,1.16029,1.1583,1.16,1.15865,1.16053,1.15853,13522
2017-11-08 16:00:00,1.15841,1.15894,1.15932,1.15781,1.15865,1.15917,1.15955,1.15801,10549
2017-11-08 17:00:00,1.15894,1.15925,1.15945,1.15864,1.15917,1.15949,1.15968,1.15887,6328
2017-11-08 18:00:00,1.15925,1.15933,1.15951,1.15883,1.15949,1.15953,1.15975,1.15906,4951
2017-11-08 19:00:00,1.15933,1.15943,1.15954,1.1588,1.15953,1.15967,1.15977,1.15904,4743
2017-11-08 20:00:00,1.15943,1.15972,1.15975,1.15934,1.15967,1.15996,1.15997,1.15956,6409
2017-11-08 21:00:00,1.15972,1.15934,1.15979,1.15918,1.15996,1.15975,1.16,1.15942,2600
2017-11-08 22:00:00,1.15934,1.15923,1.15958,1.15893,1.15975,1.15949,1.15991,1.15939,2810
2017-11-08 23:00:00,1.15923,1.15941,1.15954,1.1591,1.15949,1.15964,1.15978,1.15935,2355
2017-11-09 00:00:00,1.15941,1.15871,1.15949,1.15864,1.15964,1.15895,1.15973,1.15887,4079
2017-11-09 01:00:00,1.15871,1.15928,1.15942,1.15845,1.15895,1.15951,1.15965,1.15868,4804
2017-11-09 02:00:00,1.15928,1.1595,1.1599,1.15914,1.15951,1.15971,1.16014,1.15938,5480
2017-11-09 03:00:00,1.1595,1.1591,1.15984,1.15899,1.15971,1.15933,1.16007,1.15923,5401
2017-11-09 04:00:00,1.1591,1.15949,1.15965,1.159,1.15933,1.15973,1.15989,1.15923,5742
2017-11-09 05:00:00,1.15949,1.1602,1.16038,1.15944,1.15973,1.16045,1.1606,1.15968,9706
2017-11-09 06:00:00,1.1602,1.16079,1.16112,1.16004,1.16045,1.161,1.16131,1.16028,7463
2017-11-09 07:00:00,1.16079,1.16045,1.16146,1.16028,1.161,1.16068,1.1617,1.16051,9816
2017-11-09 08:00:00,1.16045,1.15932,1.16056,1.15887,1.16068,1.15956,1.16079,1.15909,12762
2017-11-09 09:00:00,1.15932,1.16011,1.16041,1.15921,1.15956,1.16033,1.16064,1.15944,6518
2017-11-09 10:00:00,1.16011,1.16107,1.16109,1.1598,1.16033,1.16129,1.16133,1.16003,6830
2017-11-09 11:00:00,1.16107,1.16389,1.16434,1.16076,1.16129,1.16412,1.16455,1.16099,18740
2017-11-09 12:00:00,1.16389,1.16307,1.16391,1.16238,1.16412,1.16329,1.16414,1.16259,13355
2017-11-09 13:00:00,1.16307,1.16033,1.16314,1.1601,1.16329,1.16056,1.16337,1.1603,16101
2017-11-09 14:00:00,1.16033,1.16302,1.16311,1.15991,1.16056,1.16324,1.16334,1.16015,15434
2017-11-09 15:00:00,1.16302,1.16231,1.16351,1.16209,1.16324,1.16253,1.16374,1.16231,16560
2017-11-09 16:00:00,1.16231,1.16465,1.16533,1.1623,1.16253,1.16489,1.16555,1.16252,22160
2017-11-09 17:00:00,1.16465,1.16391,1.16539,1.16384,1.16489,1.16415,1.1656,1.16408,16075
2017-11-09 18:00:00,1.16391,1.16478,1.16487,1.16365,1.16415,1.16501,1.16511,1.16388,10119
2017-11-09 19:00:00,1.16478,1.16475,1.16484,1.16399,1.16501,1.16498,1.16506,1.16422,7508
2017-11-09 20:00:00,1.16475,1.16414,1.16489,1.16405,1.16498,1.16436,1.16513,1.16427,6731
2017-11-09 21:00:00,1.16414,1.16405,1.16429,1.16382,1.16436,1.16431,1.16452,1.16405,2516
2017-11-09 22:00:00,1.16405,1.16417,1.16439,1.16374,1.16431,1.16446,1.16464,1.16398,2637
2017-11-09 23:00:00,1.16417,1.16453,1.16471,1.16402,1.16446,1.16477,1.16494,1.16426,2746
2017-11-10 00:00:00,1.16453,1.16513,1.16522,1.16433,1.16477,1.16536,1.16546,1.16456,6540
2017-11-10 01:00:00,1.16513,1.16448,1.16534,1.16438,1.16536,1.16472,1.16557,1.1646,5645
2017-11-10 02:00:00,1.16448,1.16445,1.16475,1.16413,1.16472,1.16469,1.16499,1.16436,4145
2017-11-10 03:00:00,1.16445,1.16464,1.16477,1.16435,1.16469,1.16488,1.16499,1.16458,3192
2017-11-10 04:00:00,1.16464,1.16431,1.16486,1.16409,1.16488,1.16454,1.1651,1.16433,3393
2017-11-10 05:00:00,1.16431,1.16448,1.16454,1.16401,1.16454,1.16471,1.16478,1.16425,3214
2017-11-10 06:00:00,1.16448,1.16479,1.16497,1.16426,1.16471,1.16502,1.1652,1.16449,6467
2017-11-10 07:00:00,1.16479,1.1632,1.16482,1.16316,1.16502,1.16343,1.16504,1.16338,9945
2017-11-10 08:00:00,1.1632,1.1633,1.16409,1.16218,1.16343,1.16353,1.16433,1.16239,12408
2017-11-10 09:00:00,1.1633,1.16591,1.16611,1.16278,1.16353,1.16613,1.16634,1.163,13593
2017-11-10 10:00:00,1.16591,1.16492,1.16591,1.16483,1.16613,1.16516,1.16612,1.16504,8832
2017-11-10 11:00:00,1.16492,1.16384,1.16497,1.16374,1.16516,1.16407,1.16521,1.16395,7646
2017-11-10 12:00:00,1.16384,1.16497,1.16497,1.16376,1.16407,1.1652,1.1652,1.16398,7689
2017-11-10 13:00:00,1.16497,1.1647,1.16537,1.16385,1.1652,1.16493,1.16561,1.16408,9660
2017-11-10 14:00:00,1.1647,1.1663,1.16655,1.16469,1.16493,1.16652,1.16674,1.16492,11795
2017-11-10 15:00:00,1.1663,1.16602,1.16768,1.16591,1.16652,1.16624,1.16791,1.16614,13099
2017-11-10 16:00:00,1.16602,1.16549,1.16616,1.16497,1.16624,1.16572,1.16638,1.16518,11743
2017-11-10 17:00:00,1.16549,1.16582,1.16587,1.1651,1.16572,1.16604,1.1661,1.16532,5696
2017-11-10 18:00:00,1.16582,1.16597,1.16641,1.16569,1.16604,1.16619,1.16663,1.1659,4626
2017-11-10 19:00:00,1.16597,1.16655,1.16677,1.16577,1.16619,1.16678,1.167,1.16599,4101
2017-11-10 20:00:00,1.16655,1.16639,1.16679,1.16622,1.16678,1.16661,1.167,1.1664,3374
2017-11-10 21:00:00,1.16639,1.16616,1.16677,1.16615,1.16661,1.16676,1.167,1.16654,1700
2017-11-12 19:00:00,1.16616,1.16636,1.1666,1.16636,1.16676,1.16718,1.16718,1.167,4
2017-11-12 20:00:00,1.16636,1.16495,1.16664,1.16495,1.16718,1.16591,1.16702,1.16579,104
2017-11-12 21:00:00,1.16495,1.16549,1.16607,1.16511,1.16591,1.16614,1.16691,1.16577,249
2017-11-12 22:00:00,1.16549,1.1655,1.16601,1.16539,1.16614,1.16603,1.16689,1.16579,1454
2017-11-12 23:00:00,1.1655,1.16598,1.16637,1.16555,1.16603,1.1662,1.16662,1.16582,6026
2017-11-13 00:00:00,1.16598,1.16477,1.1661,1.16438,1.1662,1.16499,1.1663,1.16462,5668
2017-11-13 01:00:00,1.16477,1.16489,1.16505,1.16438,1.16499,1.16513,1.16529,1.16462,3668
2017-11-13 02:00:00,1.16489,1.16484,1.16535,1.16479,1.16513,1.16508,1.16559,1.16503,3566
2017-11-13 03:00:00,1.16484,1.16543,1.16555,1.16479,1.16508,1.16566,1.16579,1.16503,2204
2017-11-13 04:00:00,1.16543,1.16503,1.16544,1.16502,1.16566,1.16526,1.16567,1.16526,1129
2017-11-13 05:00:00,1.16503,1.16569,1.1659,1.16497,1.16526,1.16594,1.16614,1.16521,2637
2017-11-13 06:00:00,1.16569,1.16471,1.16574,1.16441,1.16594,1.16495,1.16597,1.16464,6161
2017-11-13 07:00:00,1.16471,1.16391,1.1652,1.16382,1.16495,1.16415,1.16544,1.16405,9887
2017-11-13 08:00:00,1.16391,1.1646,1.16475,1.16363,1.16415,1.16484,1.16499,1.16387,11434
2017-11-13 09:00:00,1.1646,1.16403,1.1652,1.164,1.16484,1.16426,1.16544,1.16423,7836
2017-11-13 10:00:00,1.16403,1.16452,1.16472,1.16372,1.16426,1.16475,1.16493,1.16394,5436
2017-11-13 11:00:00,1.16452,1.16496,1.16517,1.16437,1.16475,1.16519,1.16539,1.16461,4745
2017-11-13 12:00:00,1.16496,1.16531,1.16591,1.1649,1.16519,1.16552,1.16612,1.16512,7302
2017-11-13 13:00:00,1.16531,1.1669,1.16742,1.16523,1.16552,1.16712,1.16764,1.16546,11586
2017-11-13 14:00:00,1.1669,1.16596,1.16731,1.1658,1.16712,1.16618,1.16753,1.16602,10046
2017-11-13 15:00:00,1.16596,1.16634,1.16718,1.16595,1.16618,1.16658,1.16739,1.16617,12095
2017-11-13 16:00:00,1.16634,1.16546,1.16647,1.1654,1.16658,1.16568,1.1667,1.16562,8972
2017-11-13 17:00:00,1.16546,1.16616,1.16616,1.1654,1.16568,1.16639,1.16639,1.16563,4210
2017-11-13 18:00:00,1.16616,1.16638,1.16671,1.16608,1.16639,1.16661,1.16694,1.16631,3673
2017-11-13 19:00:00,1.16638,1.16661,1.16681,1.16634,1.16661,1.16684,1.16704,1.16657,3584
2017-11-13 20:00:00,1.16661,1.16672,1.16701,1.16637,1.16684,1.16695,1.16722,1.16659,3790
2017-11-13 21:00:00,1.16672,1.16657,1.16673,1.16638,1.16695,1.16684,1.16695,1.16661,1352
2017-11-13 22:00:00,1.16657,1.16632,1.16673,1.16626,1.16684,1.1666,1.16711,1.16654,1340
2017-11-13 23:00:00,1.16632,1.16635,1.16643,1.16603,1.1666,1.16659,1.1667,1.16627,1642
2017-11-14 00:00:00,1.16635,1.16699,1.16752,1.16615,1.16659,1.16723,1.16772,1.16638,4552
2017-11-14 01:00:00,1.16699,1.16689,1.16725,1.16677,1.16723,1.16713,1.16749,1.16701,4031
2017-11-14 02:00:00,1.16689,1.16704,1.16715,1.16655,1.16713,1.16728,1.16738,1.16679,3304
2017-11-14 03:00:00,1.16704,1.16704,1.16722,1.16688,1.16728,1.16727,1.16746,1.16711,2925
2017-11-14 04:00:00,1.16704,1.16714,1.16732,1.1669,1.16727,1.16736,1.16755,1.16713,1825
2017-11-14 05:00:00,1.16714,1.16729,1.16755,1.16695,1.16736,1.16753,1.16777,1.16719,2152
2017-11-14 06:00:00,1.16729,1.1664,1.16736,1.16638,1.16753,1.16662,1.16759,1.1666,2849
2017-11-14 07:00:00,1.1664,1.16884,1.16948,1.16641,1.16662,1.16908,1.16972,1.16662,13860
2017-11-14 08:00:00,1.16884,1.17087,1.17093,1.16838,1.16908,1.17109,1.17115,1.1686,13019
2017-11-14 09:00:00,1.17087,1.1717,1.1719,1.17019,1.17109,1.17193,1.17213,1.17041,10704
2017-11-14 10:00:00,1.1717,1.1716,1.17241,1.17117,1.17193,1.17184,1.17265,1.1714,9720
2017-11-14 11:00:00,1.1716,1.17227,1.1727,1.17151,1.17184,1.17249,1.17292,1.17173,6804
2017-11-14 12:00:00,1.17227,1.17455,1.17456,1.17213,1.17249,1.17477,1.17479,1.17236,13022
2017-11-14 13:00:00,1.17455,1.17506,1.17628,1.17377,1.17477,1.1753,1.17652,1.174,19579
2017-11-14 14:00:00,1.17506,1.17507,1.17586,1.17439,1.1753,1.17528,1.17609,1.17462,14274
2017-11-14 15:00:00,1.17507,1.17543,1.17577,1.17435,1.17528,1.17565,1.176,1.17453,17991
2017-11-14 16:00:00,1.17543,1.1762,1.17735,1.17503,1.17565,1.17643,1.17758,1.17524,13775
2017-11-14 17:00:00,1.1762,1.17806,1.17846,1.17614,1.17643,1.17827,1.17875,1.17637,9843
2017-11-14 18:00:00,1.17806,1.17992,1.1804,1.17801,1.17827,1.18016,1.18064,1.17822,14525
2017-11-14 19:00:00,1.17992,1.17928,1.17992,1.1791,1.18016,1.17951,1.18015,1.17933,6363
2017-11-14 20:00:00,1.17928,1.17919,1.17939,1.17878,1.17951,1.17942,1.17962,1.17901,4628
2017-11-14 21:00:00,1.17919,1.17965,1.17973,1.17899,1.17942,1.17991,1.17999,1.17923,2839
2017-11-14 22:00:00,1.17965,1.17966,1.18012,1.17892,1.17991,1.17997,1.1804,1.17938,2550
2017-11-14 23:00:00,1.17966,1.17896,1.17976,1.17896,1.17997,1.17921,1.18,1.17918,2823
2017-11-15 00:00:00,1.17896,1.17914,1.1793,1.17848,1.17921,1.17937,1.17954,1.1787,5977
2017-11-15 01:00:00,1.17914,1.17886,1.17961,1.17871,1.17937,1.1791,1.17984,1.17895,6104
2017-11-15 02:00:00,1.17886,1.17921,1.17961,1.17874,1.1791,1.17944,1.17985,1.17898,4491
2017-11-15 03:00:00,1.17921,1.17958,1.17982,1.17901,1.17944,1.17981,1.18005,1.17925,3946
2017-11-15 04:00:00,1.17958,1.17915,1.1796,1.17911,1.17981,1.17937,1.17983,1.17933,2857
2017-11-15 05:00:00,1.17915,1.17855,1.17926,1.1785,1.17937,1.17878,1.17948,1.17873,3445
2017-11-15 06:00:00,1.17855,1.17913,1.17941,1.17836,1.17878,1.17937,1.17965,1.1786,5612
2017-11-15 07:00:00,1.17913,1.18098,1.18158,1.1791,1.17937,1.18121,1.18182,1.17933,15408
2017-11-15 08:00:00,1.18098,1.18373,1.18426,1.18066,1.18121,1.18397,1.18448,1.18089,19777
2017-11-15 09:00:00,1.18373,1.18385,1.1852,1.18326,1.18397,1.18408,1.18542,1.18347,14820
2017-11-15 10:00:00,1.18385,1.18452,1.18456,1.18274,1.18408,1.18474,1.1848,1.18298,12615
2017-11-15 11:00:00,1.18452,1.18455,1.18489,1.18329,1.18474,1.18478,1.18509,1.1835,10561
2017-11-15 12:00:00,1.18455,1.18358,1.18461,1.18336,1.18478,1.18379,1.18484,1.18358,9086
2017-11-15 13:00:00,1.18358,1.18435,1.186,1.18261,1.18379,1.18458,1.18621,1.18294,30846
2017-11-15 14:00:00,1.18435,1.1819,1.18438,1.1813,1.18458,1.18214,1.1846,1.1815,30045
2017-11-15 15:00:00,1.1819,1.17997,1.18196,1.17983,1.18214,1.1802,1.18219,1.18007,24340
2017-11-15 16:00:00,1.17997,1.17922,1.1802,1.17888,1.1802,1.17945,1.18042,1.1791,14877
2017-11-15 17:00:00,1.17922,1.17965,1.17993,1.17898,1.17945,1.17988,1.18016,1.17921,7369
2017-11-15 18:00:00,1.17965,1.18009,1.18027,1.1795,1.17988,1.18032,1.18048,1.17972,6203
2017-11-15 19:00:00,1.18009,1.17921,1.18024,1.17887,1.18032,1.17943,1.18046,1.17909,8154
2017-11-15 20:00:00,1.17921,1.17914,1.17948,1.17889,1.17943,1.17937,1.17971,1.17911,8222
2017-11-15 21:00:00,1.17914,1.17893,1.17925,1.17876,1.17937,1.17929,1.17949,1.17899,2479
2017-11-15 22:00:00,1.17893,1.17685,1.17909,1.17669,1.17929,1.17711,1.17938,1.17701,5189
2017-11-15 23:00:00,1.17685,1.17816,1.1782,1.17684,1.17711,1.1784,1.17845,1.17694,3765
2017-11-16 00:00:00,1.17816,1.17799,1.17854,1.1776,1.1784,1.17824,1.17877,1.17783,5746
2017-11-16 01:00:00,1.17799,1.17865,1.17882,1.178,1.17824,1.17889,1.17906,1.17822,3928
2017-11-16 02:00:00,1.17865,1.17797,1.17865,1.17779,1.17889,1.1782,1.17888,1.17803,4669
2017-11-16 03:00:00,1.17797,1.17764,1.17813,1.17757,1.1782,1.17787,1.17836,1.1778,3116
2017-11-16 04:00:00,1.17764,1.1776,1.17792,1.17754,1.17787,1.17784,1.17815,1.17778,2996
2017-11-16 05:00:00,1.1776,1.17781,1.17797,1.17746,1.17784,1.17805,1.1782,1.17769,3019
2017-11-16 06:00:00,1.17781,1.17986,1.17999,1.17778,1.17805,1.1801,1.18022,1.17802,8074
2017-11-16 07:00:00,1.17986,1.17704,1.17988,1.17701,1.1801,1.17727,1.18012,1.17725,13354
2017-11-16 08:00:00,1.17704,1.17882,1.17959,1.17704,1.17727,1.17904,1.17981,1.17726,15839
2017-11-16 09:00:00,1.17882,1.17749,1.17893,1.17722,1.17904,1.17773,1.17913,1.17745,12412
2017-11-16 10:00:00,1.17749,1.17692,1.17767,1.17668,1.17773,1.17712,1.17791,1.17691,10909
2017-11-16 11:00:00,1.17692,1.17636,1.17696,1.17555,1.17712,1.17659,1.17717,1.17578,10332
2017-11-16 12:00:00,1.17636,1.17597,1.17678,1.17579,1.17659,1.1762,1.177,1.17599,8915
2017-11-16 13:00:00,1.17597,1.17742,1.17784,1.17597,1.1762,1.17765,1.17808,1.17621,14455
2017-11-16 14:00:00,1.17742,1.17777,1.17839,1.17657,1.17765,1.17801,1.1786,1.1768,15811
2017-11-16 15:00:00,1.17777,1.17722,1.1784,1.17594,1.17801,1.17745,1.17863,1.17617,16788
2017-11-16 16:00:00,1.17722,1.1771,1.17764,1.17658,1.17745,1.17732,1.17786,1.1768,10535
2017-11-16 17:00:00,1.1771,1.17722,1.1778,1.17696,1.17732,1.17745,1.17803,1.17719,7149
2017-11-16 18:00:00,1.17722,1.17677,1.17763,1.17667,1.17745,1.177,1.17786,1.1769,6328
2017-11-16 19:00:00,1.17677,1.17643,1.17677,1.17582,1.177,1.17666,1.177,1.17604,5883
2017-11-16 20:00:00,1.17643,1.17694,1.17694,1.17601,1.17666,1.17716,1.17717,1.17624,4397
2017-11-16 21:00:00,1.17694,1.17679,1.17716,1.17662,1.17716,1.17718,1.17738,1.17686,2765
2017-11-16 22:00:00,1.17679,1.17694,1.17707,1.17668,1.17718,1.1772,1.17735,1.17695,2632
2017-11-16 23:00:00,1.17694,1.17771,1.17776,1.17642,1.1772,1.17795,1.17799,1.17666,3603
2017-11-17 00:00:00,1.17771,1.17886,1.17929,1.17744,1.17795,1.17909,1.17953,1.17767,7567
2017-11-17 01:00:00,1.17886,1.18119,1.18153,1.17857,1.17909,1.18141,1.18176,1.17881,11744
2017-11-17 02:00:00,1.18119,1.18191,1.18207,1.18087,1.18141,1.18213,1.1823,1.18109,9747
2017-11-17 03:00:00,1.18191,1.18074,1.18192,1.18029,1.18213,1.18099,1.18215,1.18051,6546
2017-11-17 04:00:00,1.18074,1.1803,1.18111,1.18028,1.18099,1.18053,1.18135,1.18051,4336
2017-11-17 05:00:00,1.1803,1.18025,1.18099,1.18015,1.18053,1.18049,1.18122,1.18039,3524
2017-11-17 06:00:00,1.18025,1.1811,1.18149,1.18024,1.18049,1.18134,1.18171,1.18047,6880
2017-11-17 07:00:00,1.1811,1.17863,1.18112,1.17857,1.18134,1.17886,1.18135,1.1788,10508
2017-11-17 08:00:00,1.17863,1.17857,1.1799,1.17828,1.17886,1.1788,1.18013,1.17851,14616
2017-11-17 09:00:00,1.17857,1.17926,1.18016,1.17846,1.1788,1.17949,1.18039,1.17869,9299
2017-11-17 10:00:00,1.17926,1.18006,1.18019,1.17909,1.17949,1.18028,1.18041,1.17932,8095
2017-11-17 11:00:00,1.18006,1.1793,1.18115,1.17921,1.18028,1.17953,1.18138,1.17944,9450
2017-11-17 12:00:00,1.1793,1.17907,1.17998,1.17888,1.17953,1.17927,1.18018,1.1791,8484
2017-11-17 13:00:00,1.17907,1.17861,1.17954,1.17728,1.17927,1.17885,1.17976,1.17751,12619
2017-11-17 14:00:00,1.17861,1.17937,1.18017,1.17857,1.17885,1.17959,1.1804,1.17881,18319
2017-11-17 15:00:00,1.17937,1.17797,1.17969,1.17791,1.17959,1.1782,1.17992,1.17814,17201
2017-11-17 16:00:00,1.17797,1.17966,1.17971,1.17752,1.1782,1.17988,1.17994,1.17775,16968
2017-11-17 17:00:00,1.17966,1.18004,1.18005,1.17866,1.17988,1.18027,1.18028,1.17889,9060
2017-11-17 18:00:00,1.18004,1.17988,1.18049,1.1797,1.18027,1.18012,1.18073,1.17994,7891
2017-11-17 19:00:00,1.17988,1.17955,1.17992,1.17911,1.18012,1.17979,1.18015,1.17935,5667
2017-11-17 20:00:00,1.17955,1.17937,1.18049,1.17937,1.17979,1.17961,1.18072,1.17961,7165
2017-11-17 21:00:00,1.17937,1.17863,1.17937,1.17843,1.17961,1.17959,1.17962,1.17875,4737
2017-11-19 21:00:00,1.17863,1.17839,1.17858,1.1783,1.17959,1.17904,1.1794,1.17904,26
2017-11-19 22:00:00,1.17839,1.17639,1.17959,1.17639,1.17904,1.17686,1.17998,1.17677,3844
2017-11-19 23:00:00,1.17639,1.17334,1.17677,1.1721,1.17686,1.17358,1.17707,1.17236,14623
2017-11-20 00:00:00,1.17334,1.17425,1.17496,1.17305,1.17358,1.1745,1.17518,1.17329,11981
2017-11-20 01:00:00,1.17425,1.17433,1.1749,1.17365,1.1745,1.17457,1.17514,1.17388,6933
2017-11-20 02:00:00,1.17433,1.17355,1.17449,1.1724,1.17457,1.17379,1.17472,1.17263,7119
2017-11-20 03:00:00,1.17355,1.17355,1.1737,1.1732,1.17379,1.17379,1.17393,1.17343,3350
2017-11-20 04:00:00,1.17355,1.17278,1.17367,1.17264,1.17379,1.17301,1.17386,1.17287,3062
2017-11-20 05:00:00,1.17278,1.17326,1.17356,1.17272,1.17301,1.17348,1.17376,1.17295,4172
2017-11-20 06:00:00,1.17326,1.1735,1.174,1.1731,1.17348,1.17374,1.17424,1.17333,5087
2017-11-20 07:00:00,1.1735,1.17531,1.17544,1.17338,1.17374,1.17555,1.17567,1.17361,12390
2017-11-20 08:00:00,1.17531,1.17977,1.18076,1.17507,1.17555,1.17998,1.18099,1.1753,28337
2017-11-20 09:00:00,1.17977,1.17934,1.18037,1.17912,1.17998,1.17958,1.1806,1.17935,11238
2017-11-20 10:00:00,1.17934,1.1787,1.17953,1.1784,1.17958,1.17894,1.17978,1.17864,10521
2017-11-20 11:00:00,1.1787,1.17749,1.17893,1.17711,1.17894,1.17773,1.17916,1.17735,8600
2017-11-20 12:00:00,1.17749,1.17818,1.17848,1.17736,1.17773,1.17842,1.17871,1.17759,10295
2017-11-20 13:00:00,1.17818,1.17698,1.17836,1.17653,1.17842,1.1772,1.17857,1.17676,13217
2017-11-20 14:00:00,1.17698,1.17558,1.17745,1.17546,1.1772,1.17582,1.17767,1.17568,13884
2017-11-20 15:00:00,1.17558,1.17469,1.17578,1.1741,1.17582,1.17492,1.17601,1.17433,13294
2017-11-20 16:00:00,1.17469,1.17392,1.17541,1.17308,1.17492,1.17413,1.17564,1.17331,14469
2017-11-20 17:00:00,1.17392,1.17457,1.17485,1.17336,1.17413,1.17481,1.17508,1.17357,7683
2017-11-20 18:00:00,1.17457,1.17354,1.17496,1.17351,1.17481,1.17378,1.17519,1.17374,5976
2017-11-20 19:00:00,1.17354,1.1731,1.17365,1.17288,1.17378,1.17333,1.17389,1.1731,8430
2017-11-20 20:00:00,1.1731,1.17279,1.17355,1.17269,1.17333,1.17301,1.17376,1.17292,5005
2017-11-20 21:00:00,1.17279,1.17311,1.17336,1.17275,1.17301,1.17337,1.1736,1.17298,3265
2017-11-20 22:00:00,1.17311,1.17328,1.17344,1.17308,1.17337,1.17355,1.1737,1.17337,1575
2017-11-20 23:00:00,1.17328,1.17361,1.1737,1.17319,1.17355,1.17384,1.17393,1.17345,2503
2017-11-21 00:00:00,1.17361,1.17421,1.17435,1.17356,1.17384,1.17443,1.17457,1.17379,4196
2017-11-21 01:00:00,1.17421,1.17327,1.17435,1.17297,1.17443,1.1735,1.17457,1.17319,5307
2017-11-21 02:00:00,1.17327,1.17337,1.1735,1.1729,1.1735,1.1736,1.17373,1.17315,3424
2017-11-21 03:00:00,1.17337,1.17371,1.17377,1.17325,1.1736,1.17394,1.17401,1.17348,2191
2017-11-21 04:00:00,1.17371,1.17375,1.17382,1.17355,1.17394,1.174,1.17405,1.17377,2014
2017-11-21 05:00:00,1.17375,1.17405,1.17424,1.17362,1.174,1.17429,1.17447,1.17386,1989
2017-11-21 06:00:00,1.17405,1.17417,1.17482,1.17371,1.17429,1.17441,1.17503,1.17394,4421
2017-11-21 07:00:00,1.17417,1.17351,1.17486,1.17291,1.17441,1.17375,1.17509,1.17313,9577
2017-11-21 08:00:00,1.17351,1.17375,1.17566,1.17315,1.17375,1.17398,1.17589,1.17338,13634
2017-11-21 09:00:00,1.17375,1.17274,1.17408,1.17129,1.17398,1.17298,1.17431,1.17151,14224
2017-11-21 10:00:00,1.17274,1.17359,1.17455,1.17248,1.17298,1.17382,1.17479,1.17271,10552
2017-11-21 11:00:00,1.17359,1.17211,1.17362,1.172,1.17382,1.17233,1.17384,1.17223,8240
2017-11-21 12:00:00,1.17211,1.17145,1.1727,1.17137,1.17233,1.17169,1.17292,1.1716,10724
2017-11-21 13:00:00,1.17145,1.1721,1.17274,1.17118,1.17169,1.17234,1.17298,1.17139,9994
2017-11-21 14:00:00,1.1721,1.17363,1.17389,1.1717,1.17234,1.17384,1.17411,1.17194,14877
2017-11-21 15:00:00,1.17363,1.17241,1.17435,1.17232,1.17384,1.17263,1.17458,1.17253,15080
2017-11-21 16:00:00,1.17241,1.174,1.17471,1.1723,1.17263,1.17424,1.17494,1.17252,10029
2017-11-21 17:00:00,1.174,1.17416,1.17431,1.17333,1.17424,1.1744,1.17452,1.17355,8581
2017-11-21 18:00:00,1.17416,1.17451,1.17509,1.17345,1.1744,1.17474,1.17532,1.17369,7861
2017-11-21 19:00:00,1.17451,1.17417,1.17486,1.17378,1.17474,1.1744,1.1751,1.174,8024
2017-11-21 20:00:00,1.17417,1.17377,1.17441,1.1734,1.1744,1.174,1.17465,1.17363,4617
2017-11-21 21:00:00,1.17377,1.17367,1.17423,1.17341,1.174,1.17393,1.17446,1.17364,2555
2017-11-21 22:00:00,1.17367,1.17325,1.17401,1.17311,1.17393,1.17356,1.17425,1.17341,1868
2017-11-21 23:00:00,1.17325,1.17405,1.17461,1.17317,1.17356,1.1743,1.17486,1.1735,3900
2017-11-22 00:00:00,1.17405,1.17394,1.17467,1.17365,1.1743,1.17419,1.1749,1.17389,5078
2017-11-22 01:00:00,1.17394,1.17379,1.17406,1.17342,1.17419,1.17404,1.1743,1.17365,4199
2017-11-22 02:00:00,1.17379,1.17356,1.17391,1.17341,1.17404,1.1738,1.17415,1.17364,2815
2017-11-22 03:00:00,1.17356,1.17375,1.17391,1.17338,1.1738,1.174,1.17415,1.1736,2819
2017-11-22 04:00:00,1.17375,1.17405,1.17433,1.17367,1.174,1.17429,1.17457,1.17391,2087
2017-11-22 05:00:00,1.17405,1.1743,1.17441,1.1738,1.17429,1.17455,1.17465,1.17404,2453
2017-11-22 06:00:00,1.1743,1.17501,1.17552,1.17408,1.17455,1.17524,1.17576,1.17431,5545
2017-11-22 07:00:00,1.17501,1.17564,1.17607,1.17466,1.17524,1.17587,1.1763,1.17488,9731
2017-11-22 08:00:00,1.17564,1.17681,1.17701,1.17542,1.17587,1.17704,1.17725,1.17565,13575
2017-11-22 09:00:00,1.17681,1.17554,1.17721,1.17553,1.17704,1.17578,1.17744,1.17575,8340
2017-11-22 10:00:00,1.17554,1.17489,1.17554,1.17475,1.17578,1.17513,1.17578,1.17499,7441
2017-11-22 11:00:00,1.17489,1.17518,1.17536,1.17447,1.17513,1.17542,1.17559,1.17469,5739
2017-11-22 12:00:00,1.17518,1.17411,1.1752,1.17344,1.17542,1.17435,1.17541,1.17367,11410
2017-11-22 13:00:00,1.17411,1.17497,1.17533,1.17392,1.17435,1.17521,1.17554,1.17415,12664
2017-11-22 14:00:00,1.17497,1.17747,1.17769,1.17491,1.17521,1.17771,1.17792,1.17514,15058
2017-11-22 15:00:00,1.17747,1.17849,1.17958,1.17705,1.17771,1.17872,1.1798,1.17728,17919
2017-11-22 16:00:00,1.17849,1.17875,1.17968,1.17824,1.17872,1.17899,1.1799,1.17846,10371
2017-11-22 17:00:00,1.17875,1.17941,1.17973,1.1785,1.17899,1.17963,1.17996,1.17873,6309
2017-11-22 18:00:00,1.17941,1.17973,1.17978,1.17916,1.17963,1.18001,1.18003,1.17939,5157
2017-11-22 19:00:00,1.17973,1.18242,1.18259,1.1794,1.18001,1.18263,1.18282,1.17963,19895
2017-11-22 20:00:00,1.18242,1.18189,1.18244,1.18128,1.18263,1.18211,1.18266,1.1815,5675
2017-11-22 21:00:00,1.18189,1.18214,1.18238,1.18173,1.18211,1.18241,1.1826,1.18195,2940
2017-11-22 22:00:00,1.18214,1.18173,1.18213,1.18157,1.18241,1.18199,1.18246,1.18183,2320
2017-11-22 23:00:00,1.18173,1.18135,1.18208,1.18126,1.18199,1.18158,1.18235,1.18149,3138
2017-11-23 00:00:00,1.18135,1.18133,1.18192,1.1812,1.18158,1.18155,1.18215,1.18144,3483
2017-11-23 01:00:00,1.18133,1.18218,1.18234,1.18127,1.18155,1.18241,1.18257,1.18151,4519
2017-11-23 02:00:00,1.18218,1.18197,1.18236,1.18159,1.18241,1.18221,1.1826,1.18184,3660
2017-11-23 03:00:00,1.18197,1.18313,1.18371,1.18177,1.18221,1.18336,1.18395,1.18201,5546
2017-11-23 04:00:00,1.18313,1.18335,1.18366,1.18306,1.18336,1.18359,1.1839,1.1833,2542
2017-11-23 05:00:00,1.18335,1.18283,1.18364,1.18246,1.18359,1.18307,1.18388,1.18269,3966
2017-11-23 06:00:00,1.18283,1.18271,1.18348,1.18255,1.18307,1.18294,1.18372,1.18278,4441
2017-11-23 07:00:00,1.18271,1.18257,1.18381,1.18227,1.18294,1.18276,1.18401,1.1825,7605
2017-11-23 08:00:00,1.18257,1.18436,1.18452,1.18256,1.18276,1.18459,1.18473,1.18273,10796
2017-11-23 09:00:00,1.18436,1.18416,1.18456,1.18352,1.18459,1.18438,1.18479,1.18376,7646
2017-11-23 10:00:00,1.18416,1.18454,1.18455,1.18371,1.18438,1.18477,1.18479,1.18393,6019
2017-11-23 11:00:00,1.18454,1.18445,1.18503,1.1841,1.18477,1.18469,1.18525,1.18433,6404
2017-11-23 12:00:00,1.18445,1.18423,1.18549,1.184,1.18469,1.18446,1.18573,1.18423,7275
2017-11-23 13:00:00,1.18423,1.18481,1.18486,1.18408,1.18446,1.18505,1.1851,1.1843,5159
2017-11-23 14:00:00,1.18481,1.18448,1.18518,1.18447,1.18505,1.18471,1.18541,1.1847,4802
2017-11-23 15:00:00,1.18448,1.1842,1.18531,1.18417,1.18471,1.18444,1.18552,1.18441,5412
2017-11-23 16:00:00,1.1842,1.18495,1.18496,1.1839,1.18444,1.18518,1.18519,1.18411,4474
2017-11-23 17:00:00,1.18495,1.1848,1.18535,1.18456,1.18518,1.18505,1.18559,1.1848,3094
2017-11-23 18:00:00,1.1848,1.18498,1.18522,1.1845,1.18505,1.18522,1.18548,1.18478,1899
2017-11-23 19:00:00,1.18498,1.18505,1.18519,1.1844,1.18522,1.18531,1.18547,1.18465,4186
2017-11-23 20:00:00,1.18505,1.18496,1.18531,1.18478,1.18531,1.18528,1.18552,1.18505,3878
2017-11-23 21:00:00,1.18496,1.18472,1.18512,1.18441,1.18528,1.18533,1.18546,1.18487,4512
2017-11-23 22:00:00,1.18472,1.18491,1.18511,1.18461,1.18533,1.18517,1.18544,1.18492,1807
2017-11-23 23:00:00,1.18491,1.18492,1.1852,1.18466,1.18517,1.18517,1.18545,1.1849,1794
2017-11-24 00:00:00,1.18492,1.18418,1.18538,1.18384,1.18517,1.18442,1.18561,1.18406,5296
2017-11-24 01:00:00,1.18418,1.18472,1.18489,1.18357,1.18442,1.18496,1.18513,1.1838,4824
2017-11-24 02:00:00,1.18472,1.18543,1.18548,1.18471,1.18496,1.18566,1.18571,1.18493,3460
2017-11-24 03:00:00,1.18543,1.18473,1.18546,1.18425,1.18566,1.18497,1.1857,1.18449,3661
2017-11-24 04:00:00,1.18473,1.18513,1.18578,1.18453,1.18497,1.18536,1.18602,1.18477,3256
2017-11-24 05:00:00,1.18513,1.18508,1.1855,1.18485,1.18536,1.1853,1.18574,1.1851,2407
2017-11-24 06:00:00,1.18508,1.18462,1.18526,1.18422,1.1853,1.18484,1.18551,1.18446,4588
2017-11-24 07:00:00,1.18462,1.18465,1.18494,1.18358,1.18484,1.18488,1.18516,1.1838,6564
2017-11-24 08:00:00,1.18465,1.18574,1.18636,1.1842,1.18488,1.18599,1.18659,1.18442,12090
2017-11-24 09:00:00,1.18574,1.18672,1.18737,1.18568,1.18599,1.18695,1.18759,1.1859,11592
2017-11-24 10:00:00,1.18672,1.18652,1.18686,1.18604,1.18695,1.18676,1.1871,1.18626,7348
2017-11-24 11:00:00,1.18652,1.18553,1.18674,1.18545,1.18676,1.18576,1.18695,1.18568,7723
2017-11-24 12:00:00,1.18553,1.18729,1.1873,1.18542,1.18576,1.18751,1.18752,1.18564,8594
2017-11-24 13:00:00,1.18729,1.18955,1.18978,1.18713,1.18751,1.18977,1.19001,1.18735,13272
2017-11-24 14:00:00,1.18955,1.19183,1.19188,1.18941,1.18977,1.19204,1.19211,1.18961,17278
2017-11-24 15:00:00,1.19183,1.19332,1.19374,1.1918,1.19204,1.19355,1.19398,1.19201,12022
2017-11-24 16:00:00,1.19332,1.19353,1.19432,1.19302,1.19355,1.19377,1.19455,1.19324,11287
2017-11-24 17:00:00,1.19353,1.19266,1.19367,1.19227,1.19377,1.19289,1.1939,1.19249,6282
2017-11-24 18:00:00,1.19266,1.19243,1.19318,1.19218,1.19289,1.19268,1.19341,1.19242,2871
2017-11-24 19:00:00,1.19243,1.19256,1.19284,1.19224,1.19268,1.19281,1.19307,1.19247,1313
2017-11-24 20:00:00,1.19256,1.19299,1.19309,1.19243,1.19281,1.19323,1.19333,1.19267,2640
2017-11-24 21:00:00,1.19299,1.19279,1.19376,1.1925,1.19323,1.19379,1.19406,1.19304,8948
2017-11-26 19:00:00,1.19279,1.19357,1.19369,1.19332,1.19379,1.19407,1.19417,1.19395,53
2017-11-26 20:00:00,1.19357,1.19383,1.19383,1.19336,1.19407,1.19457,1.19457,1.19396,144
2017-11-26 21:00:00,1.19383,1.19224,1.19383,1.1921,1.19457,1.19307,1.19457,1.19301,318
2017-11-26 22:00:00,1.19224,1.19339,1.19344,1.19224,1.19307,1.19366,1.19373,1.19262,2992
2017-11-26 23:00:00,1.19339,1.19264,1.1935,1.19232,1.19366,1.19287,1.19375,1.19255,3087
2017-11-27 00:00:00,1.19264,1.19148,1.19293,1.19118,1.19287,1.1917,1.19317,1.19142,5014
2017-11-27 01:00:00,1.19148,1.19196,1.19207,1.19107,1.1917,1.19219,1.1923,1.1913,5671
2017-11-27 02:00:00,1.19196,1.19166,1.19227,1.19131,1.19219,1.19189,1.19251,1.19155,3451
2017-11-27 03:00:00,1.19166,1.19237,1.19279,1.19164,1.19189,1.19261,1.19302,1.19187,2790
2017-11-27 04:00:00,1.19237,1.19227,1.19266,1.19208,1.19261,1.1925,1.19289,1.19231,2775
2017-11-27 05:00:00,1.19227,1.19271,1.19272,1.1921,1.1925,1.19296,1.19296,1.19234,1887
2017-11-27 06:00:00,1.19271,1.19217,1.19323,1.19183,1.19296,1.19241,1.19347,1.19205,4515
2017-11-27 07:00:00,1.19217,1.19267,1.1931,1.19162,1.19241,1.1929,1.19333,1.19186,6756
2017-11-27 08:00:00,1.19267,1.19373,1.1956,1.19222,1.1929,1.19397,1.19582,1.19243,20022
2017-11-27 09:00:00,1.19373,1.19295,1.19395,1.19195,1.19397,1.19316,1.19417,1.19219,10381
2017-11-27 10:00:00,1.19295,1.19377,1.19385,1.19253,1.19316,1.19399,1.19409,1.19276,7264
2017-11-27 11:00:00,1.19377,1.19359,1.19393,1.19308,1.19399,1.19383,1.19416,1.1933,6001
2017-11-27 12:00:00,1.19359,1.1942,1.19474,1.19269,1.19383,1.19442,1.19497,1.19292,10991
2017-11-27 13:00:00,1.1942,1.19577,1.19601,1.19411,1.19442,1.19601,1.19624,1.19434,14102
2017-11-27 14:00:00,1.19577,1.19379,1.19578,1.19309,1.19601,1.19403,1.19601,1.19332,15372
2017-11-27 15:00:00,1.19379,1.19178,1.1938,1.1914,1.19403,1.19201,1.19404,1.19163,20555
2017-11-27 16:00:00,1.19178,1.19094,1.19252,1.1904,1.19201,1.19118,1.19276,1.19063,15879
2017-11-27 17:00:00,1.19094,1.19013,1.19194,1.18969,1.19118,1.19035,1.19216,1.18991,11590
2017-11-27 18:00:00,1.19013,1.19006,1.1905,1.1898,1.19035,1.19029,1.19074,1.19004,5871
2017-11-27 19:00:00,1.19006,1.18987,1.19016,1.18945,1.19029,1.19009,1.19039,1.18968,5596
2017-11-27 20:00:00,1.18987,1.18985,1.19007,1.18953,1.19009,1.19007,1.19029,1.18975,4333
2017-11-27 21:00:00,1.18985,1.1897,1.19001,1.18949,1.19007,1.18996,1.19024,1.1897,2277
2017-11-27 22:00:00,1.1897,1.18983,1.19007,1.18896,1.18996,1.19011,1.19045,1.18931,1991
2017-11-27 23:00:00,1.18983,1.1903,1.19041,1.18981,1.19011,1.19054,1.19066,1.19007,2198
2017-11-28 00:00:00,1.1903,1.19058,1.19077,1.18992,1.19054,1.1908,1.19099,1.19013,5324
2017-11-28 01:00:00,1.19058,1.18984,1.19062,1.18961,1.1908,1.19008,1.19085,1.18984,5964
2017-11-28 02:00:00,1.18984,1.18998,1.19026,1.18968,1.19008,1.19022,1.1905,1.1899,3960
2017-11-28 03:00:00,1.18998,1.1903,1.19036,1.1897,1.19022,1.19052,1.1906,1.18994,2457
2017-11-28 04:00:00,1.1903,1.19034,1.19057,1.19014,1.19052,1.19057,1.19079,1.19038,3635
2017-11-28 05:00:00,1.19034,1.19008,1.19077,1.18995,1.19057,1.19031,1.19101,1.19019,2998
2017-11-28 06:00:00,1.19008,1.19069,1.19098,1.19003,1.19031,1.19093,1.19121,1.19027,4772
2017-11-28 07:00:00,1.19069,1.18872,1.19071,1.18842,1.19093,1.18897,1.19094,1.18864,12718
2017-11-28 08:00:00,1.18872,1.19041,1.19189,1.18872,1.18897,1.19065,1.19211,1.18895,16174
2017-11-28 09:00:00,1.19041,1.18906,1.19057,1.18881,1.19065,1.18929,1.1908,1.18904,11103
2017-11-28 10:00:00,1.18906,1.18842,1.18925,1.18737,1.18929,1.18865,1.18948,1.18759,14343
2017-11-28 11:00:00,1.18842,1.18851,1.18902,1.18814,1.18865,1.18875,1.18926,1.18836,8376
2017-11-28 12:00:00,1.18851,1.18787,1.18867,1.18759,1.18875,1.1881,1.1889,1.18783,7753
2017-11-28 13:00:00,1.18787,1.18929,1.18992,1.18786,1.1881,1.18951,1.19015,1.18808,10735
2017-11-28 14:00:00,1.18929,1.18768,1.1898,1.18765,1.18951,1.18791,1.19003,1.18787,12831
2017-11-28 15:00:00,1.18768,1.18687,1.18875,1.1863,1.18791,1.18709,1.18897,1.18652,23493
2017-11-28 16:00:00,1.18687,1.18768,1.18841,1.18645,1.18709,1.1879,1.18865,1.18669,18707
2017-11-28 17:00:00,1.18768,1.18686,1.18827,1.1863,1.1879,1.18709,1.18849,1.18654,16181
2017-11-28 18:00:00,1.18686,1.18585,1.18695,1.18515,1.18709,1.18609,1.18717,1.18538,26021
2017-11-28 19:00:00,1.18585,1.1837,1.1862,1.18259,1.18609,1.18392,1.18641,1.18282,18394
2017-11-28 20:00:00,1.1837,1.18405,1.18467,1.18315,1.18392,1.18428,1.18489,1.18338,12412
2017-11-28 21:00:00,1.18405,1.18364,1.18451,1.18364,1.18428,1.18439,1.18474,1.18409,3003
2017-11-28 22:00:00,1.18364,1.18455,1.18474,1.1836,1.18439,1.18482,1.18502,1.18408,3794
2017-11-28 23:00:00,1.18455,1.18479,1.18509,1.18442,1.18482,1.18503,1.18533,1.18468,3213
2017-11-29 00:00:00,1.18479,1.18474,1.18519,1.18453,1.18503,1.18498,1.18542,1.18476,6587
2017-11-29 01:00:00,1.18474,1.18408,1.18482,1.1839,1.18498,1.1843,1.18505,1.18413,5264
2017-11-29 02:00:00,1.18408,1.18487,1.1849,1.18404,1.1843,1.1851,1.18511,1.18427,3606
2017-11-29 03:00:00,1.18487,1.18524,1.18544,1.18465,1.1851,1.18547,1.18567,1.18486,5183
2017-11-29 04:00:00,1.18524,1.18491,1.18551,1.18481,1.18547,1.18515,1.18575,1.18504,3343
2017-11-29 05:00:00,1.18491,1.185,1.18521,1.18467,1.18515,1.18524,1.18545,1.18492,2835
2017-11-29 06:00:00,1.185,1.18583,1.186,1.18497,1.18524,1.18606,1.18623,1.18521,5808
2017-11-29 07:00:00,1.18583,1.1868,1.18705,1.18552,1.18606,1.18704,1.18729,1.18575,8831
2017-11-29 08:00:00,1.1868,1.1871,1.18742,1.18587,1.18704,1.18732,1.18765,1.1861,12613
2017-11-29 09:00:00,1.1871,1.18654,1.18818,1.18637,1.18732,1.18677,1.18841,1.18659,12500
2017-11-29 10:00:00,1.18654,1.18463,1.18663,1.18426,1.18677,1.18486,1.18686,1.1845,8363
2017-11-29 11:00:00,1.18463,1.18416,1.18479,1.18296,1.18486,1.18439,1.18502,1.18318,9003
2017-11-29 12:00:00,1.18416,1.18347,1.18469,1.18308,1.18439,1.18371,1.18491,1.18329,10112
2017-11-29 13:00:00,1.18347,1.18364,1.18373,1.18158,1.18371,1.18386,1.18396,1.18182,21093
2017-11-29 14:00:00,1.18364,1.18346,1.18413,1.18294,1.18386,1.18369,1.18437,1.18316,13622
2017-11-29 15:00:00,1.18346,1.18484,1.18536,1.18274,1.18369,1.18508,1.18559,1.18297,30864
2017-11-29 16:00:00,1.18484,1.18571,1.1863,1.18464,1.18508,1.18594,1.18652,1.18487,17267
2017-11-29 17:00:00,1.18571,1.18502,1.18651,1.18499,1.18594,1.18525,1.18671,1.18521,10473
2017-11-29 18:00:00,1.18502,1.18557,1.18591,1.18487,1.18525,1.18581,1.18613,1.18507,8678
2017-11-29 19:00:00,1.18557,1.18615,1.18639,1.18542,1.18581,1.18637,1.18663,1.18563,9957
2017-11-29 20:00:00,1.18615,1.18501,1.18628,1.1849,1.18637,1.18524,1.18651,1.18513,6096
2017-11-29 21:00:00,1.18501,1.18458,1.18551,1.18451,1.18524,1.18484,1.18574,1.18474,3667
2017-11-29 22:00:00,1.18458,1.18486,1.18516,1.18448,1.18484,1.18515,1.18548,1.18482,2975
2017-11-29 23:00:00,1.18486,1.18509,1.1853,1.18475,1.18515,1.18533,1.18553,1.185,3252
2017-11-30 00:00:00,1.18509,1.18533,1.1855,1.18465,1.18533,1.18556,1.18572,1.18489,6824
2017-11-30 01:00:00,1.18533,1.18601,1.18673,1.18524,1.18556,1.18623,1.18697,1.18547,8647
2017-11-30 02:00:00,1.18601,1.18651,1.18699,1.18577,1.18623,1.18675,1.18722,1.186,5854
2017-11-30 03:00:00,1.18651,1.18645,1.18676,1.18614,1.18675,1.18669,1.18698,1.18638,3284
2017-11-30 04:00:00,1.18645,1.1861,1.1865,1.18608,1.18669,1.18634,1.18674,1.18632,2482
2017-11-30 05:00:00,1.1861,1.18633,1.1866,1.186,1.18634,1.18656,1.18683,1.18624,3568
2017-11-30 06:00:00,1.18633,1.18658,1.18714,1.18573,1.18656,1.1868,1.18737,1.18597,4614
2017-11-30 07:00:00,1.18658,1.18632,1.18748,1.18613,1.1868,1.18656,1.18772,1.18636,10029
2017-11-30 08:00:00,1.18632,1.1845,1.18659,1.18401,1.18656,1.18473,1.18681,1.18423,12160
2017-11-30 09:00:00,1.1845,1.18308,1.18456,1.18241,1.18473,1.18331,1.18478,1.18265,12421
2017-11-30 10:00:00,1.18308,1.18301,1.18322,1.18077,1.18331,1.18323,1.18343,1.18101,14379
2017-11-30 11:00:00,1.18301,1.18352,1.18419,1.18277,1.18323,1.18375,1.1844,1.18298,8295
2017-11-30 12:00:00,1.18352,1.18438,1.18488,1.18343,1.18375,1.18461,1.1851,1.18365,10538
2017-11-30 13:00:00,1.18438,1.18578,1.18628,1.18396,1.18461,1.18601,1.18648,1.18419,13281
2017-11-30 14:00:00,1.18578,1.19027,1.19057,1.18578,1.18601,1.19049,1.19079,1.18601,18444
2017-11-30 15:00:00,1.19027,1.19216,1.193,1.19025,1.19049,1.1924,1.19323,1.19048,29487
2017-11-30 16:00:00,1.19216,1.18994,1.19306,1.18991,1.1924,1.19017,1.19327,1.19013,23346
2017-11-30 17:00:00,1.18994,1.18904,1.19,1.18842,1.19017,1.18926,1.19023,1.18866,13521
2017-11-30 18:00:00,1.18904,1.19111,1.19134,1.18882,1.18926,1.19135,1.19157,1.18903,11937
2017-11-30 19:00:00,1.19111,1.18966,1.19117,1.18899,1.19135,1.1899,1.19141,1.18922,8658
2017-11-30 20:00:00,1.18966,1.19012,1.19044,1.18946,1.1899,1.19035,1.19067,1.1897,7926
2017-11-30 21:00:00,1.19012,1.19026,1.19138,1.19,1.19035,1.19051,1.19158,1.19024,4170
2017-11-30 22:00:00,1.19026,1.18885,1.19047,1.18862,1.19051,1.18911,1.19075,1.18888,2382
2017-11-30 23:00:00,1.18885,1.1897,1.19019,1.18885,1.18911,1.18993,1.19043,1.18912,3831
2017-12-01 00:00:00,1.1897,1.19077,1.19147,1.18953,1.18993,1.191,1.19171,1.18976,8832
2017-12-01 01:00:00,1.19077,1.19081,1.19103,1.19009,1.191,1.19103,1.19127,1.19033,6420
2017-12-01 02:00:00,1.19081,1.19059,1.19129,1.19054,1.19103,1.19082,1.19151,1.19076,6645
2017-12-01 03:00:00,1.19059,1.19105,1.19121,1.18993,1.19082,1.19129,1.19144,1.19017,4726
2017-12-01 04:00:00,1.19105,1.191,1.19145,1.19077,1.19129,1.19124,1.19169,1.19098,4385
2017-12-01 05:00:00,1.191,1.19263,1.19285,1.19088,1.19124,1.19287,1.19307,1.19112,5650
2017-12-01 06:00:00,1.19263,1.19189,1.19318,1.19173,1.19287,1.19213,1.19341,1.19196,7593
2017-12-01 07:00:00,1.19189,1.19147,1.19212,1.19059,1.19213,1.1917,1.19234,1.19081,9799
2017-12-01 08:00:00,1.19147,1.1928,1.19393,1.19107,1.1917,1.19304,1.19416,1.19129,18791
2017-12-01 09:00:00,1.1928,1.19014,1.19285,1.18996,1.19304,1.19038,1.1931,1.19018,14388
2017-12-01 10:00:00,1.19014,1.18879,1.19102,1.18825,1.19038,1.18902,1.19125,1.18849,15077
2017-12-01 11:00:00,1.18879,1.18995,1.19033,1.1885,1.18902,1.19017,1.19056,1.18871,10384
2017-12-01 12:00:00,1.18995,1.18907,1.19018,1.18866,1.19017,1.18929,1.1904,1.18889,13242
2017-12-01 13:00:00,1.18907,1.18681,1.18928,1.18622,1.18929,1.18704,1.18945,1.18644,20306
2017-12-01 14:00:00,1.18681,1.18596,1.18734,1.18594,1.18704,1.18623,1.18757,1.18621,17026
2017-12-01 15:00:00,1.18596,1.1864,1.18749,1.18497,1.18623,1.18663,1.18772,1.1852,28780
2017-12-01 16:00:00,1.1864,1.19065,1.19338,1.18634,1.18663,1.19089,1.19361,1.18656,86026
2017-12-01 17:00:00,1.19065,1.19053,1.19162,1.18951,1.19089,1.19076,1.19184,1.18973,38929
2017-12-01 18:00:00,1.19053,1.18937,1.19096,1.18854,1.19076,1.18959,1.19117,1.18873,17760
2017-12-01 19:00:00,1.18937,1.18931,1.18994,1.18842,1.18959,1.18955,1.19017,1.18864,11424
2017-12-01 20:00:00,1.18931,1.18899,1.18954,1.18888,1.18955,1.18922,1.18978,1.18912,6214
2017-12-01 21:00:00,1.18899,1.18936,1.1899,1.18894,1.18922,1.19031,1.19036,1.1892,3323
2017-12-03 19:00:00,1.18936,1.18593,1.18635,1.18529,1.19031,1.18687,1.18701,1.18613,68
2017-12-03 20:00:00,1.18593,1.18538,1.18623,1.18488,1.18687,1.18567,1.18692,1.18522,414
2017-12-03 21:00:00,1.18538,1.18594,1.18635,1.18537,1.18567,1.18657,1.18688,1.18567,245
2017-12-03 22:00:00,1.18594,1.18675,1.18708,1.18585,1.18657,1.18714,1.18752,1.18633,2522
2017-12-03 23:00:00,1.18675,1.18555,1.1874,1.18551,1.18714,1.18578,1.1877,1.18576,5183
2017-12-04 00:00:00,1.18555,1.18696,1.18717,1.18549,1.18578,1.18719,1.1874,1.18572,7607
2017-12-04 01:00:00,1.18696,1.18737,1.18749,1.18655,1.18719,1.18759,1.18772,1.18679,5035
2017-12-04 02:00:00,1.18737,1.18717,1.18736,1.1867,1.18759,1.1874,1.18759,1.18693,3498
2017-12-04 03:00:00,1.18717,1.18696,1.18749,1.18686,1.1874,1.1872,1.18771,1.1871,2723
2017-12-04 04:00:00,1.18696,1.18698,1.18705,1.18662,1.1872,1.18722,1.1873,1.18686,2705
2017-12-04 05:00:00,1.18698,1.18666,1.18706,1.18663,1.18722,1.18689,1.1873,1.18686,3482
2017-12-04 06:00:00,1.18666,1.1864,1.18682,1.18611,1.18689,1.18663,1.18706,1.18633,4789
2017-12-04 07:00:00,1.1864,1.18485,1.18647,1.18352,1.18663,1.18509,1.18671,1.18375,14633
2017-12-04 08:00:00,1.18485,1.18711,1.18775,1.18484,1.18509,1.18735,1.18798,1.18507,14996
2017-12-04 09:00:00,1.18711,1.18532,1.18725,1.18498,1.18735,1.18556,1.18749,1.18517,11215
2017-12-04 10:00:00,1.18532,1.18483,1.18592,1.18425,1.18556,1.18506,1.18614,1.18448,8801
2017-12-04 11:00:00,1.18483,1.18571,1.18605,1.18459,1.18506,1.18594,1.18628,1.18482,10427
2017-12-04 12:00:00,1.18571,1.18553,1.18574,1.18444,1.18594,1.18576,1.18596,1.18466,12736
2017-12-04 13:00:00,1.18553,1.18446,1.18665,1.18418,1.18576,1.18468,1.18687,1.1844,15758
2017-12-04 14:00:00,1.18446,1.18416,1.18457,1.18325,1.18468,1.18441,1.1848,1.18347,15862
2017-12-04 15:00:00,1.18416,1.18485,1.18519,1.18281,1.18441,1.18509,1.1854,1.18304,26563
2017-12-04 16:00:00,1.18485,1.1847,1.18587,1.18444,1.18509,1.18492,1.18611,1.18468,15646
2017-12-04 17:00:00,1.1847,1.18428,1.18509,1.18405,1.18492,1.1845,1.18531,1.18428,7835
2017-12-04 18:00:00,1.18428,1.18485,1.18506,1.18421,1.1845,1.18509,1.1853,1.18442,4292
2017-12-04 19:00:00,1.18485,1.18548,1.18586,1.18474,1.18509,1.18572,1.18608,1.18497,6892
2017-12-04 20:00:00,1.18548,1.18552,1.18575,1.18465,1.18572,1.18576,1.18596,1.18487,6608
2017-12-04 21:00:00,1.18552,1.18635,1.18673,1.18552,1.18576,1.18678,1.18698,1.18575,4063
2017-12-04 22:00:00,1.18635,1.18669,1.18674,1.18609,1.18678,1.18695,1.18699,1.18631,1447
2017-12-04 23:00:00,1.18669,1.18669,1.18694,1.18638,1.18695,1.18691,1.18719,1.18661,2559
2017-12-05 00:00:00,1.18669,1.18695,1.18715,1.18625,1.18691,1.18718,1.18737,1.18648,4990
2017-12-05 01:00:00,1.18695,1.18718,1.18737,1.18678,1.18718,1.18742,1.18761,1.187,3120
2017-12-05 02:00:00,1.18718,1.18728,1.18757,1.18692,1.18742,1.1875,1.18779,1.18712,2439
2017-12-05 03:00:00,1.18728,1.1874,1.18744,1.18703,1.1875,1.18764,1.18768,1.18727,3289
2017-12-05 04:00:00,1.1874,1.18684,1.18749,1.18682,1.18764,1.18707,1.1877,1.18704,2958
2017-12-05 05:00:00,1.18684,1.18662,1.18714,1.18659,1.18707,1.18686,1.18738,1.18682,2412
2017-12-05 06:00:00,1.18662,1.18657,1.18688,1.18619,1.18686,1.1868,1.18711,1.18641,3722
2017-12-05 07:00:00,1.18657,1.1857,1.18757,1.18557,1.1868,1.18592,1.18779,1.1858,8717
2017-12-05 08:00:00,1.1857,1.18473,1.18609,1.1844,1.18592,1.18495,1.1863,1.18463,12013
2017-12-05 09:00:00,1.18473,1.18519,1.18584,1.18407,1.18495,1.18544,1.18607,1.18431,9114
2017-12-05 10:00:00,1.18519,1.18617,1.18658,1.18481,1.18544,1.18641,1.18681,1.18504,7874
2017-12-05 11:00:00,1.18617,1.18646,1.18728,1.18601,1.18641,1.1867,1.1875,1.18624,7960
2017-12-05 12:00:00,1.18646,1.18462,1.18662,1.18449,1.1867,1.18485,1.18684,1.18471,7896
2017-12-05 13:00:00,1.18462,1.18337,1.1847,1.18266,1.18485,1.1836,1.18491,1.18289,13081
2017-12-05 14:00:00,1.18337,1.18276,1.18358,1.18119,1.1836,1.18301,1.18382,1.18141,22701
2017-12-05 15:00:00,1.18276,1.18315,1.18418,1.18208,1.18301,1.18338,1.18442,1.18231,28832
2017-12-05 16:00:00,1.18315,1.18194,1.1832,1.18066,1.18338,1.18217,1.18342,1.18089,17646
2017-12-05 17:00:00,1.18194,1.18046,1.18236,1.18038,1.18217,1.18069,1.18259,1.18059,11614
2017-12-05 18:00:00,1.18046,1.18062,1.18067,1.17997,1.18069,1.18084,1.18089,1.18016,8535
2017-12-05 19:00:00,1.18062,1.18129,1.18171,1.18058,1.18084,1.18153,1.18194,1.18079,7306
2017-12-05 20:00:00,1.18129,1.18227,1.18285,1.18124,1.18153,1.1825,1.18308,1.18148,6786
2017-12-05 21:00:00,1.18227,1.18241,1.18272,1.18225,1.1825,1.18275,1.18295,1.18248,2133
2017-12-05 22:00:00,1.18241,1.18276,1.18288,1.18235,1.18275,1.18301,1.18315,1.18267,1662
2017-12-05 23:00:00,1.18276,1.18295,1.18303,1.18244,1.18301,1.18318,1.18327,1.18265,2877
2017-12-06 00:00:00,1.18295,1.18197,1.18298,1.18152,1.18318,1.18222,1.18322,1.18174,5126
2017-12-06 01:00:00,1.18197,1.18253,1.18286,1.18179,1.18222,1.18276,1.1831,1.18202,4919
2017-12-06 02:00:00,1.18253,1.18263,1.18294,1.18248,1.18276,1.18287,1.18317,1.18272,5172
2017-12-06 03:00:00,1.18263,1.18416,1.1847,1.18262,1.18287,1.18439,1.18493,1.18286,5970
2017-12-06 04:00:00,1.18416,1.18375,1.18435,1.1837,1.18439,1.18399,1.18455,1.18394,4710
2017-12-06 05:00:00,1.18375,1.1843,1.1844,1.18347,1.18399,1.18453,1.18461,1.18371,3271
2017-12-06 06:00:00,1.1843,1.18325,1.18431,1.18308,1.18453,1.18349,1.18455,1.18332,3891
2017-12-06 07:00:00,1.18325,1.18223,1.18384,1.18183,1.18349,1.18245,1.18407,1.18205,12147
2017-12-06 08:00:00,1.18223,1.18213,1.18304,1.18123,1.18245,1.18236,1.18327,1.18146,11653
2017-12-06 09:00:00,1.18213,1.18224,1.18251,1.18112,1.18236,1.18248,1.18275,1.18135,9974
2017-12-06 10:00:00,1.18224,1.18275,1.18325,1.18214,1.18248,1.18298,1.18346,1.18236,8746
2017-12-06 11:00:00,1.18275,1.18115,1.18275,1.18074,1.18298,1.18138,1.18297,1.18098,11359
2017-12-06 12:00:00,1.18115,1.18121,1.18145,1.18039,1.18138,1.18144,1.18169,1.18061,8406
2017-12-06 13:00:00,1.18121,1.18067,1.18227,1.17988,1.18144,1.18089,1.18249,1.18008,14371
2017-12-06 14:00:00,1.18067,1.17892,1.18071,1.17863,1.18089,1.17913,1.18094,1.17885,20132
2017-12-06 15:00:00,1.17892,1.17871,1.17981,1.17844,1.17913,1.17895,1.18005,1.17866,16329
2017-12-06 16:00:00,1.17871,1.17876,1.17943,1.17795,1.17895,1.17899,1.17965,1.17818,11566
2017-12-06 17:00:00,1.17876,1.1792,1.17937,1.17827,1.17899,1.17942,1.1796,1.1785,6981
2017-12-06 18:00:00,1.1792,1.17911,1.17965,1.17877,1.17942,1.17935,1.17987,1.179,6712
2017-12-06 19:00:00,1.17911,1.17902,1.17978,1.17887,1.17935,1.17926,1.18001,1.1791,7036
2017-12-06 20:00:00,1.17902,1.17947,1.17996,1.17892,1.17926,1.17971,1.1802,1.17915,6005
2017-12-06 21:00:00,1.17947,1.17945,1.17955,1.17908,1.17971,1.17972,1.17979,1.17929,2590
2017-12-06 22:00:00,1.17945,1.18018,1.18045,1.17922,1.17972,1.18041,1.18074,1.17959,1918
2017-12-06 23:00:00,1.18018,1.18029,1.18077,1.17999,1.18041,1.18054,1.18101,1.18019,2866
2017-12-07 00:00:00,1.18029,1.17949,1.18055,1.1794,1.18054,1.17972,1.18078,1.17964,4319
2017-12-07 01:00:00,1.17949,1.17973,1.18002,1.17915,1.17972,1.17996,1.18025,1.17939,3673
2017-12-07 02:00:00,1.17973,1.17985,1.18014,1.17947,1.17996,1.18008,1.18038,1.1797,3761
2017-12-07 03:00:00,1.17985,1.18029,1.1804,1.17979,1.18008,1.18054,1.18063,1.18002,2602
2017-12-07 04:00:00,1.18029,1.17969,1.18057,1.17969,1.18054,1.17993,1.18079,1.17992,2651
2017-12-07 05:00:00,1.17969,1.17909,1.17986,1.17881,1.17993,1.17933,1.1801,1.17905,3479
2017-12-07 06:00:00,1.17909,1.17919,1.17921,1.17856,1.17933,1.17942,1.17944,1.17879,3948
2017-12-07 07:00:00,1.17919,1.17941,1.17959,1.17864,1.17942,1.17965,1.17983,1.17886,6625
2017-12-07 08:00:00,1.17941,1.17899,1.18038,1.17873,1.17965,1.17922,1.1806,1.17897,8698
2017-12-07 09:00:00,1.17899,1.1788,1.17972,1.17869,1.17922,1.17904,1.17995,1.17892,5912
2017-12-07 10:00:00,1.1788,1.17783,1.17908,1.1777,1.17904,1.17806,1.1793,1.17793,7560
2017-12-07 11:00:00,1.17783,1.17868,1.17878,1.1775,1.17806,1.17892,1.17899,1.17771,6984
2017-12-07 12:00:00,1.17868,1.17763,1.17917,1.17752,1.17892,1.17786,1.1794,1.17774,9156
2017-12-07 13:00:00,1.17763,1.17984,1.17998,1.17754,1.17786,1.18007,1.1802,1.17777,11148
2017-12-07 14:00:00,1.17984,1.17958,1.17988,1.17871,1.18007,1.17981,1.1801,1.17893,14634
2017-12-07 15:00:00,1.17958,1.17886,1.17992,1.17861,1.17981,1.17908,1.18016,1.1788,15128
2017-12-07 16:00:00,1.17886,1.17883,1.17988,1.17856,1.17908,1.17907,1.1801,1.17877,9925
2017-12-07 17:00:00,1.17883,1.17961,1.17975,1.17851,1.17907,1.17985,1.17996,1.17874,7358
2017-12-07 18:00:00,1.17961,1.17952,1.18136,1.17919,1.17985,1.17975,1.18159,1.17943,15476
2017-12-07 19:00:00,1.17952,1.1772,1.17956,1.17715,1.17975,1.17742,1.17979,1.1774,11701
2017-12-07 20:00:00,1.1772,1.17734,1.17799,1.1772,1.17742,1.17758,1.17821,1.17742,8497
2017-12-07 21:00:00,1.17734,1.17715,1.17744,1.17707,1.17758,1.17741,1.17768,1.17731,2287
2017-12-07 22:00:00,1.17715,1.17744,1.17752,1.17708,1.17741,1.1777,1.1778,1.17737,2900
2017-12-07 23:00:00,1.17744,1.17716,1.17755,1.17703,1.1777,1.17737,1.1778,1.17724,2977
2017-12-08 00:00:00,1.17716,1.17673,1.17733,1.17653,1.17737,1.17697,1.17756,1.17676,4063
2017-12-08 01:00:00,1.17673,1.17621,1.17681,1.17604,1.17697,1.17645,1.17705,1.17628,5023
2017-12-08 02:00:00,1.17621,1.17657,1.17683,1.17618,1.17645,1.17681,1.17706,1.17642,3304
2017-12-08 03:00:00,1.17657,1.17663,1.17679,1.17641,1.17681,1.17686,1.17703,1.17664,2879
2017-12-08 04:00:00,1.17663,1.17608,1.17672,1.17599,1.17686,1.1763,1.17694,1.17622,2647
2017-12-08 05:00:00,1.17608,1.17641,1.17652,1.17593,1.1763,1.17664,1.17674,1.17616,2969
2017-12-08 06:00:00,1.17641,1.1751,1.17667,1.17504,1.17664,1.17534,1.1769,1.17528,7719
2017-12-08 07:00:00,1.1751,1.175,1.17534,1.17415,1.17534,1.17523,1.17554,1.17439,10980
2017-12-08 08:00:00,1.175,1.17342,1.17531,1.17336,1.17523,1.17365,1.17554,1.17359,12776
2017-12-08 09:00:00,1.17342,1.17356,1.17468,1.17313,1.17365,1.17379,1.17488,1.17336,9711
2017-12-08 10:00:00,1.17356,1.17427,1.17431,1.17332,1.17379,1.1745,1.17453,1.17355,6283
2017-12-08 11:00:00,1.17427,1.17369,1.17426,1.17325,1.1745,1.17392,1.1745,1.17349,5863
2017-12-08 12:00:00,1.17369,1.17342,1.17447,1.173,1.17392,1.17364,1.17469,1.17322,9176
2017-12-08 13:00:00,1.17342,1.17615,1.17677,1.1729,1.17364,1.17638,1.17701,1.17312,31964
2017-12-08 14:00:00,1.17615,1.17551,1.17692,1.1751,1.17638,1.17584,1.17714,1.17529,21382
2017-12-08 15:00:00,1.17551,1.17498,1.17709,1.17466,1.17584,1.17521,1.1773,1.17487,21910
2017-12-08 16:00:00,1.17498,1.17595,1.17653,1.17456,1.17521,1.17618,1.17675,1.17478,11913
2017-12-08 17:00:00,1.17595,1.17551,1.17657,1.17537,1.17618,1.17574,1.1768,1.17559,7669
2017-12-08 18:00:00,1.17551,1.17626,1.17645,1.17545,1.17574,1.1765,1.17668,1.17567,4338
2017-12-08 19:00:00,1.17626,1.17662,1.1767,1.17621,1.1765,1.17686,1.17694,1.17644,4054
2017-12-08 20:00:00,1.17662,1.17635,1.17693,1.17632,1.17686,1.17657,1.17713,1.17655,3507
2017-12-08 21:00:00,1.17635,1.17683,1.17725,1.17634,1.17657,1.17783,1.17783,1.17659,3254
2017-12-10 19:00:00,1.17683,1.17618,1.17618,1.17604,1.17783,1.17685,1.17717,1.17662,9
2017-12-10 20:00:00,1.17618,1.17618,1.17632,1.17609,1.17685,1.17703,1.17717,1.17662,34
2017-12-10 21:00:00,1.17618,1.17614,1.17666,1.17607,1.17703,1.17682,1.17703,1.1766,139
2017-12-10 22:00:00,1.17614,1.17684,1.17693,1.17608,1.17682,1.17712,1.17731,1.17662,1117
2017-12-10 23:00:00,1.17684,1.17665,1.17707,1.1765,1.17712,1.1769,1.17732,1.17675,4119
2017-12-11 00:00:00,1.17665,1.17706,1.17731,1.17662,1.1769,1.1773,1.17754,1.17686,7170
2017-12-11 01:00:00,1.17706,1.17757,1.17768,1.17706,1.1773,1.17782,1.17791,1.17729,5651
2017-12-11 02:00:00,1.17757,1.1776,1.17769,1.1774,1.17782,1.17784,1.17792,1.17764,2436
2017-12-11 03:00:00,1.1776,1.17798,1.17833,1.17756,1.17784,1.17821,1.17853,1.17782,4063
2017-12-11 04:00:00,1.17798,1.17776,1.17798,1.17748,1.17821,1.17801,1.17821,1.17771,2528
2017-12-11 05:00:00,1.17776,1.1779,1.17833,1.17766,1.17801,1.17814,1.17857,1.17789,2992
2017-12-11 06:00:00,1.1779,1.17776,1.17851,1.17771,1.17814,1.178,1.17875,1.17793,3642
2017-12-11 07:00:00,1.17776,1.17818,1.17899,1.17767,1.178,1.1784,1.17922,1.17789,7687
2017-12-11 08:00:00,1.17818,1.17928,1.17954,1.17741,1.1784,1.1795,1.17977,1.17764,9675
2017-12-11 09:00:00,1.17928,1.17964,1.17996,1.17873,1.1795,1.17984,1.18019,1.17896,7749
2017-12-11 10:00:00,1.17964,1.1797,1.17998,1.17917,1.17984,1.17993,1.1802,1.17939,5533
2017-12-11 11:00:00,1.1797,1.17905,1.18022,1.17875,1.17993,1.17927,1.18046,1.17898,7119
2017-12-11 12:00:00,1.17905,1.17926,1.17965,1.17878,1.17927,1.17945,1.17988,1.179,7481
2017-12-11 13:00:00,1.17926,1.17771,1.17949,1.17756,1.17945,1.17794,1.1797,1.17778,9330
2017-12-11 14:00:00,1.17771,1.17941,1.17952,1.17763,1.17794,1.17964,1.17973,1.17785,9712
2017-12-11 15:00:00,1.17941,1.17942,1.18106,1.17909,1.17964,1.17966,1.18129,1.17931,15797
2017-12-11 16:00:00,1.17942,1.18,1.18056,1.17929,1.17966,1.18023,1.18079,1.17952,10659
2017-12-11 17:00:00,1.18,1.17907,1.18003,1.17855,1.18023,1.1793,1.18025,1.17878,6582
2017-12-11 18:00:00,1.17907,1.17908,1.17928,1.17826,1.1793,1.17931,1.17951,1.17848,4339
2017-12-11 19:00:00,1.17908,1.17852,1.17932,1.17821,1.17931,1.17874,1.17955,1.17843,4245
2017-12-11 20:00:00,1.17852,1.17716,1.17862,1.17705,1.17874,1.1774,1.17886,1.17727,5345
2017-12-11 21:00:00,1.17716,1.17674,1.17737,1.17631,1.1774,1.177,1.1776,1.17651,3539
2017-12-11 22:00:00,1.17674,1.17715,1.17732,1.17667,1.177,1.17744,1.17762,1.17706,1307
2017-12-11 23:00:00,1.17715,1.1775,1.17772,1.17711,1.17744,1.17775,1.17795,1.17736,4489
2017-12-12 00:00:00,1.1775,1.17744,1.17766,1.17704,1.17775,1.17767,1.17789,1.17728,3089
2017-12-12 01:00:00,1.17744,1.17682,1.17787,1.17676,1.17767,1.17705,1.17811,1.177,3643
2017-12-12 02:00:00,1.17682,1.17674,1.17687,1.17634,1.17705,1.17698,1.17711,1.17657,2727
2017-12-12 03:00:00,1.17674,1.17677,1.17707,1.17667,1.17698,1.17699,1.17729,1.17691,1778
2017-12-12 04:00:00,1.17677,1.17708,1.17709,1.17666,1.17699,1.17732,1.17732,1.17689,1711
2017-12-12 05:00:00,1.17708,1.17719,1.17744,1.17706,1.17732,1.17743,1.17767,1.17731,2185
2017-12-12 06:00:00,1.17719,1.17752,1.1778,1.17711,1.17743,1.17774,1.17804,1.17735,2725
2017-12-12 07:00:00,1.17752,1.17703,1.17833,1.17703,1.17774,1.17727,1.17854,1.17727,6311
2017-12-12 08:00:00,1.17703,1.17898,1.17916,1.17689,1.17727,1.17921,1.1794,1.17712,12638
2017-12-12 09:00:00,1.17898,1.17824,1.17902,1.17765,1.17921,1.1785,1.17924,1.17789,9127
2017-12-12 10:00:00,1.17824,1.1775,1.1785,1.17696,1.1785,1.17773,1.17874,1.17719,8803
2017-12-12 11:00:00,1.1775,1.17741,1.17799,1.17702,1.17773,1.17764,1.17822,1.17724,5945
2017-12-12 12:00:00,1.17741,1.17732,1.17781,1.17681,1.17764,1.17755,1.17804,1.17703,8192
2017-12-12 13:00:00,1.17732,1.17495,1.17732,1.17487,1.17755,1.17518,1.17754,1.17509,11618
2017-12-12 14:00:00,1.17495,1.17411,1.1751,1.17343,1.17518,1.17433,1.17532,1.17365,13084
2017-12-12 15:00:00,1.17411,1.17285,1.17423,1.1721,1.17433,1.17308,1.17446,1.17232,12507
2017-12-12 16:00:00,1.17285,1.17227,1.17297,1.17165,1.17308,1.1725,1.17319,1.17187,11713
2017-12-12 17:00:00,1.17227,1.17225,1.17376,1.17193,1.1725,1.17247,1.17399,1.17215,13218
2017-12-12 18:00:00,1.17225,1.17287,1.17347,1.17198,1.17247,1.1731,1.17369,1.17221,8675
2017-12-12 19:00:00,1.17287,1.17374,1.17398,1.17286,1.1731,1.17397,1.17421,1.1731,6516
2017-12-12 20:00:00,1.17374,1.17441,1.1745,1.17366,1.17397,1.17464,1.17471,1.17389,5268
2017-12-12 21:00:00,1.17441,1.17407,1.17476,1.17388,1.17464,1.17432,1.175,1.17411,2777
2017-12-12 22:00:00,1.17407,1.17357,1.17405,1.17343,1.17432,1.17383,1.17441,1.1737,1417
2017-12-12 23:00:00,1.17357,1.17411,1.17419,1.17346,1.17383,1.17434,1.17442,1.17371,1567
2017-12-13 00:00:00,1.17411,1.17465,1.1747,1.17408,1.17434,1.17487,1.17494,1.17432,2588
2017-12-13 01:00:00,1.17465,1.17419,1.17469,1.17414,1.17487,1.17443,1.17492,1.17437,2370
2017-12-13 02:00:00,1.17419,1.1747,1.1748,1.17414,1.17443,1.17494,1.17504,1.17436,2458
2017-12-13 03:00:00,1.1747,1.17568,1.1761,1.1746,1.17494,1.1759,1.17632,1.17484,5269
2017-12-13 04:00:00,1.17568,1.17527,1.17568,1.17521,1.1759,1.17551,1.17591,1.17545,1899
2017-12-13 05:00:00,1.17527,1.17536,1.17574,1.17525,1.17551,1.17559,1.17598,1.17548,2118
2017-12-13 06:00:00,1.17536,1.17551,1.17617,1.1753,1.17559,1.17571,1.17639,1.17554,3382
2017-12-13 07:00:00,1.17551,1.17373,1.17551,1.17369,1.17571,1.17395,1.17573,1.17392,4076
2017-12-13 08:00:00,1.17373,1.174,1.17468,1.17365,1.17395,1.17424,1.17491,1.17388,4914
2017-12-13 09:00:00,1.174,1.17481,1.17516,1.17381,1.17424,1.17503,1.17538,1.17402,6796
2017-12-13 10:00:00,1.17481,1.17499,1.17534,1.1745,1.17503,1.17522,1.17555,1.17474,6652
2017-12-13 11:00:00,1.17499,1.17382,1.17504,1.1737,1.17522,1.17406,1.17526,1.17393,6377
2017-12-13 12:00:00,1.17382,1.1739,1.17417,1.1729,1.17406,1.17413,1.1744,1.17312,8384
2017-12-13 13:00:00,1.1739,1.17566,1.17698,1.17284,1.17413,1.1759,1.17721,1.17306,24257
2017-12-13 14:00:00,1.17566,1.17501,1.17613,1.17465,1.1759,1.17523,1.17635,1.17488,12970
2017-12-13 15:00:00,1.17501,1.17566,1.17638,1.17479,1.17523,1.17588,1.1766,1.175,13514
2017-12-13 16:00:00,1.17566,1.17595,1.17674,1.17538,1.17588,1.17617,1.17696,1.17561,12899
2017-12-13 17:00:00,1.17595,1.17618,1.17695,1.1756,1.17617,1.1764,1.17718,1.17583,8636
2017-12-13 18:00:00,1.17618,1.17716,1.17779,1.17618,1.1764,1.17786,1.17803,1.17639,9209
2017-12-13 19:00:00,1.17716,1.18194,1.18224,1.17654,1.17786,1.18216,1.18246,1.17677,50982
2017-12-13 20:00:00,1.18194,1.18237,1.18248,1.18117,1.18216,1.1826,1.18271,1.18139,17817
2017-12-13 21:00:00,1.18237,1.18247,1.18304,1.18202,1.1826,1.18272,1.18329,1.18225,3691
2017-12-13 22:00:00,1.18247,1.18245,1.18338,1.18209,1.18272,1.18272,1.18368,1.1824,2435
2017-12-13 23:00:00,1.18245,1.18352,1.18394,1.18204,1.18272,1.18376,1.18417,1.1823,4593
2017-12-14 00:00:00,1.18352,1.18385,1.18393,1.18274,1.18376,1.18408,1.18415,1.18299,7170
2017-12-14 01:00:00,1.18385,1.18412,1.18428,1.18366,1.18408,1.18434,1.18449,1.18388,5617
2017-12-14 02:00:00,1.18412,1.18311,1.18412,1.18306,1.18434,1.18335,1.18435,1.18329,4635
2017-12-14 03:00:00,1.18311,1.18341,1.18365,1.18298,1.18335,1.18365,1.18389,1.18322,3572
2017-12-14 04:00:00,1.18341,1.18313,1.1837,1.18295,1.18365,1.18336,1.18394,1.18318,3097
2017-12-14 05:00:00,1.18313,1.18257,1.18335,1.18245,1.18336,1.1828,1.18358,1.18269,3132
2017-12-14 06:00:00,1.18257,1.18224,1.18257,1.18176,1.1828,1.18247,1.1828,1.182,3929
2017-12-14 07:00:00,1.18224,1.18169,1.18246,1.18097,1.18247,1.18192,1.18269,1.18121,8679
2017-12-14 08:00:00,1.18169,1.18253,1.18367,1.18157,1.18192,1.18277,1.1839,1.18182,13332
2017-12-14 09:00:00,1.18253,1.18181,1.18283,1.18113,1.18277,1.18204,1.18307,1.18137,12492
2017-12-14 10:00:00,1.18181,1.18331,1.18333,1.1811,1.18204,1.18354,1.18355,1.18133,10371
2017-12-14 11:00:00,1.18331,1.1824,1.18363,1.18192,1.18354,1.18263,1.18384,1.18215,9072
2017-12-14 12:00:00,1.1824,1.18315,1.18437,1.18226,1.18263,1.18337,1.18459,1.18249,16905
2017-12-14 13:00:00,1.18315,1.18198,1.18617,1.18151,1.18337,1.18221,1.18638,1.18172,36326
2017-12-14 14:00:00,1.18198,1.18006,1.18258,1.17933,1.18221,1.18028,1.1828,1.17957,30094
2017-12-14 15:00:00,1.18006,1.17766,1.18052,1.177,1.18028,1.17788,1.18075,1.17719,18723
2017-12-14 16:00:00,1.17766,1.17759,1.17828,1.17696,1.17788,1.17782,1.17846,1.17719,15568
2017-12-14 17:00:00,1.17759,1.17869,1.17886,1.17708,1.17782,1.17891,1.17909,1.1773,9698
2017-12-14 18:00:00,1.17869,1.17962,1.1799,1.17826,1.17891,1.17985,1.18014,1.17849,12275
2017-12-14 19:00:00,1.17962,1.17909,1.18003,1.17896,1.17985,1.17932,1.18026,1.17918,7850
2017-12-14 20:00:00,1.17909,1.17867,1.1795,1.17842,1.17932,1.17891,1.17973,1.17865,5782
2017-12-14 21:00:00,1.17867,1.17769,1.17874,1.17738,1.17891,1.17795,1.17897,1.17762,5114
2017-12-14 22:00:00,1.17769,1.17644,1.1779,1.17636,1.17795,1.17667,1.17817,1.17661,2620
2017-12-14 23:00:00,1.17644,1.17734,1.17749,1.17636,1.17667,1.17757,1.17773,1.17659,3736
2017-12-15 00:00:00,1.17734,1.17846,1.17891,1.17721,1.17757,1.1787,1.17915,1.17745,6151
2017-12-15 01:00:00,1.17846,1.17834,1.17877,1.17778,1.1787,1.17857,1.17901,1.17802,4561
2017-12-15 02:00:00,1.17834,1.17845,1.179,1.17822,1.17857,1.17868,1.17924,1.17846,5374
2017-12-15 03:00:00,1.17845,1.17802,1.17866,1.17795,1.17868,1.17827,1.17889,1.17818,4356
2017-12-15 04:00:00,1.17802,1.17827,1.17832,1.17786,1.17827,1.17851,1.17855,1.1781,3384
2017-12-15 05:00:00,1.17827,1.17826,1.17829,1.17772,1.17851,1.1785,1.17854,1.17796,2901
2017-12-15 06:00:00,1.17826,1.17834,1.1785,1.17805,1.1785,1.17857,1.17874,1.17828,3185
2017-12-15 07:00:00,1.17834,1.17907,1.17961,1.17797,1.17857,1.1793,1.17984,1.1782,7593
2017-12-15 08:00:00,1.17907,1.17821,1.17935,1.17804,1.1793,1.17843,1.17957,1.17827,11119
2017-12-15 09:00:00,1.17821,1.17959,1.17975,1.17782,1.17843,1.17982,1.17999,1.17804,10543
2017-12-15 10:00:00,1.17959,1.18046,1.18061,1.17934,1.17982,1.18069,1.18085,1.17957,9500
2017-12-15 11:00:00,1.18046,1.17978,1.18112,1.17956,1.18069,1.18001,1.18135,1.1798,8734
2017-12-15 12:00:00,1.17978,1.18004,1.18005,1.179,1.18001,1.18027,1.18028,1.17922,9486
2017-12-15 13:00:00,1.18004,1.17984,1.18084,1.17922,1.18027,1.18007,1.18107,1.17944,16400
2017-12-15 14:00:00,1.17984,1.17764,1.17992,1.17704,1.18007,1.17788,1.18015,1.17726,19095
2017-12-15 15:00:00,1.17764,1.17628,1.17818,1.17607,1.17788,1.1765,1.1784,1.17627,20025
2017-12-15 16:00:00,1.17628,1.17765,1.17783,1.17594,1.1765,1.17787,1.17804,1.17618,15386
2017-12-15 17:00:00,1.17765,1.1764,1.1781,1.17621,1.17787,1.1766,1.17832,1.17642,8777
2017-12-15 18:00:00,1.1764,1.17541,1.17647,1.17494,1.1766,1.17563,1.1767,1.17517,7048
2017-12-15 19:00:00,1.17541,1.17561,1.17596,1.17526,1.17563,1.17584,1.17619,1.17549,5953
2017-12-15 20:00:00,1.17561,1.17529,1.17585,1.17526,1.17584,1.17553,1.17609,1.17549,6151
2017-12-15 21:00:00,1.17529,1.17454,1.1755,1.17444,1.17553,1.17554,1.17577,1.17513,4730
2017-12-17 19:00:00,1.17454,1.17389,1.17519,1.17363,1.17554,1.1742,1.17573,1.17413,309
2017-12-17 20:00:00,1.17389,1.17393,1.17441,1.17389,1.1742,1.17482,1.17489,1.1741,81
2017-12-17 21:00:00,1.17393,1.17408,1.17483,1.17391,1.17482,1.17478,1.1752,1.17466,245
2017-12-17 22:00:00,1.17408,1.17446,1.17469,1.17358,1.17478,1.17493,1.1752,1.17396,2808
2017-12-17 23:00:00,1.17446,1.17424,1.17496,1.17396,1.17493,1.17445,1.17526,1.17419,4182
2017-12-18 00:00:00,1.17424,1.17486,1.17544,1.17413,1.17445,1.17509,1.17587,1.17433,8612
2017-12-18 01:00:00,1.17486,1.17553,1.17559,1.17474,1.17509,1.17576,1.17582,1.17499,4117
2017-12-18 02:00:00,1.17553,1.17555,1.17616,1.17545,1.17576,1.17579,1.1764,1.17568,3920
2017-12-18 03:00:00,1.17555,1.17629,1.17641,1.17553,1.17579,1.17653,1.17665,1.17576,3109
2017-12-18 04:00:00,1.17629,1.17593,1.17632,1.17586,1.17653,1.17617,1.17656,1.17609,2972
2017-12-18 05:00:00,1.17593,1.17597,1.17616,1.17586,1.17617,1.17621,1.1764,1.1761,2181
2017-12-18 06:00:00,1.17597,1.17672,1.17703,1.17597,1.17621,1.17695,1.17724,1.17621,4134
2017-12-18 07:00:00,1.17672,1.17794,1.17801,1.17606,1.17695,1.17816,1.17822,1.17628,10924
2017-12-18 08:00:00,1.17794,1.17875,1.17901,1.17743,1.17816,1.17899,1.17924,1.17766,12625
2017-12-18 09:00:00,1.17875,1.17881,1.1794,1.17846,1.17899,1.17904,1.17962,1.17869,9204
2017-12-18 10:00:00,1.17881,1.17941,1.17944,1.1783,1.17904,1.17963,1.17968,1.17852,7613
2017-12-18 11:00:00,1.17941,1.17919,1.17973,1.17863,1.17963,1.17941,1.17996,1.17886,7719
2017-12-18 12:00:00,1.17919,1.17941,1.17946,1.17874,1.17941,1.17963,1.17968,1.17895,7246
2017-12-18 13:00:00,1.17941,1.17925,1.17981,1.17906,1.17963,1.17947,1.18003,1.17928,8178
2017-12-18 14:00:00,1.17925,1.18065,1.18088,1.17868,1.17947,1.18088,1.1811,1.1789,12796
2017-12-18 15:00:00,1.18065,1.18109,1.18333,1.18046,1.18088,1.18132,1.18354,1.18069,16012
2017-12-18 16:00:00,1.18109,1.18035,1.18154,1.17964,1.18132,1.18057,1.18177,1.17985,10851
2017-12-18 17:00:00,1.18035,1.17892,1.1804,1.17887,1.18057,1.17916,1.18063,1.1791,7258
2017-12-18 18:00:00,1.17892,1.17919,1.17938,1.17872,1.17916,1.17943,1.17961,1.17895,5595
2017-12-18 19:00:00,1.17919,1.17828,1.17967,1.17741,1.17943,1.17851,1.1799,1.17762,6780
2017-12-18 20:00:00,1.17828,1.178,1.17843,1.17778,1.17851,1.17823,1.17866,1.17801,5639
2017-12-18 21:00:00,1.178,1.17808,1.17827,1.17779,1.17823,1.17834,1.17851,1.17803,3134
2017-12-18 22:00:00,1.17808,1.17817,1.17839,1.17793,1.17834,1.17842,1.17882,1.17823,2134
2017-12-18 23:00:00,1.17817,1.17829,1.17838,1.17805,1.17842,1.17851,1.17864,1.1783,2509
2017-12-19 00:00:00,1.17829,1.17821,1.17834,1.17762,1.17851,1.17844,1.17858,1.17786,4163
2017-12-19 01:00:00,1.17821,1.17811,1.17832,1.17754,1.17844,1.17835,1.17854,1.17776,3484
2017-12-19 02:00:00,1.17811,1.17856,1.1788,1.17791,1.17835,1.17879,1.17904,1.17815,3543
2017-12-19 03:00:00,1.17856,1.17877,1.17889,1.17847,1.17879,1.17902,1.17912,1.17869,3019
2017-12-19 04:00:00,1.17877,1.17911,1.17913,1.1786,1.17902,1.17935,1.17936,1.17884,2140
2017-12-19 05:00:00,1.17911,1.17912,1.17948,1.17891,1.17935,1.17936,1.17972,1.17915,2398
2017-12-19 06:00:00,1.17912,1.17934,1.17975,1.17891,1.17936,1.17957,1.17997,1.17915,3553
2017-12-19 07:00:00,1.17934,1.18047,1.18055,1.17901,1.17957,1.1807,1.18077,1.17924,12514
2017-12-19 08:00:00,1.18047,1.18043,1.18175,1.18008,1.1807,1.18064,1.18198,1.18031,10617
2017-12-19 09:00:00,1.18043,1.18053,1.1811,1.179,1.18064,1.18077,1.1813,1.17922,11487
2017-12-19 10:00:00,1.18053,1.18068,1.18119,1.17988,1.18077,1.18091,1.18142,1.1801,8626
2017-12-19 11:00:00,1.18068,1.18086,1.18123,1.18049,1.18091,1.18109,1.18144,1.18071,8277
2017-12-19 12:00:00,1.18086,1.18276,1.18279,1.18072,1.18109,1.18299,1.18301,1.18094,10818
2017-12-19 13:00:00,1.18276,1.18257,1.18308,1.18139,1.18299,1.18279,1.18331,1.18159,14910
2017-12-19 14:00:00,1.18257,1.18081,1.18292,1.18036,1.18279,1.18103,1.18314,1.18057,14590
2017-12-19 15:00:00,1.18081,1.18086,1.18278,1.18073,1.18103,1.18109,1.18301,1.18094,16639
2017-12-19 16:00:00,1.18086,1.18206,1.18216,1.1804,1.18109,1.18229,1.18239,1.18062,15170
2017-12-19 17:00:00,1.18206,1.18277,1.18285,1.18143,1.18229,1.18301,1.18308,1.18165,11096
2017-12-19 18:00:00,1.18277,1.18432,1.18476,1.1827,1.18301,1.18456,1.185,1.18293,12365
2017-12-19 19:00:00,1.18432,1.18434,1.18467,1.18414,1.18456,1.18457,1.18489,1.18437,6527
2017-12-19 20:00:00,1.18434,1.18394,1.18452,1.18391,1.18457,1.18418,1.18475,1.18413,5874
2017-12-19 21:00:00,1.18394,1.18374,1.18417,1.18367,1.18418,1.18415,1.18439,1.18391,2548
2017-12-19 22:00:00,1.18374,1.18403,1.18427,1.18367,1.18415,1.18433,1.18453,1.18398,1614
2017-12-19 23:00:00,1.18403,1.1836,1.18412,1.18354,1.18433,1.18383,1.18435,1.18377,2243
2017-12-20 00:00:00,1.1836,1.18424,1.18431,1.18343,1.18383,1.18449,1.18454,1.18367,3509
2017-12-20 01:00:00,1.18424,1.18409,1.18452,1.18394,1.18449,1.18432,1.18475,1.18418,3725
2017-12-20 02:00:00,1.18409,1.18419,1.1844,1.18403,1.18432,1.18442,1.18463,1.18426,2623
2017-12-20 03:00:00,1.18419,1.18453,1.18458,1.18415,1.18442,1.18476,1.18482,1.18438,1679
2017-12-20 04:00:00,1.18453,1.18404,1.18457,1.18399,1.18476,1.18427,1.18479,1.18423,1886
2017-12-20 05:00:00,1.18404,1.18449,1.1845,1.184,1.18427,1.18471,1.18474,1.18423,2496
2017-12-20 06:00:00,1.18449,1.1828,1.18478,1.1828,1.18471,1.18304,1.18501,1.18303,5108
2017-12-20 07:00:00,1.1828,1.18406,1.18414,1.18278,1.18304,1.18428,1.18437,1.18301,7042
2017-12-20 08:00:00,1.18406,1.18461,1.18532,1.18339,1.18428,1.18485,1.18552,1.1836,13915
2017-12-20 09:00:00,1.18461,1.18365,1.18518,1.18355,1.18485,1.18388,1.18541,1.18378,9179
2017-12-20 10:00:00,1.18365,1.18437,1.18571,1.18348,1.18388,1.1846,1.18593,1.18369,10507
2017-12-20 11:00:00,1.18437,1.18356,1.18475,1.1835,1.1846,1.1838,1.18497,1.18373,8188
2017-12-20 12:00:00,1.18356,1.18408,1.18471,1.1831,1.1838,1.18431,1.18494,1.18333,9274
2017-12-20 13:00:00,1.18408,1.18428,1.18482,1.18398,1.18431,1.18451,1.18503,1.18419,11056
2017-12-20 14:00:00,1.18428,1.18585,1.18625,1.18423,1.18451,1.18608,1.18646,1.18445,14911
2017-12-20 15:00:00,1.18585,1.18821,1.19007,1.18535,1.18608,1.18844,1.19029,1.18558,25353
2017-12-20 16:00:00,1.18821,1.18798,1.18836,1.18739,1.18844,1.1882,1.18859,1.18761,13660
2017-12-20 17:00:00,1.18798,1.18758,1.18802,1.1873,1.1882,1.1878,1.18825,1.18753,8532
2017-12-20 18:00:00,1.18758,1.18798,1.18879,1.18757,1.1878,1.1882,1.18903,1.18779,7107
2017-12-20 19:00:00,1.18798,1.18769,1.18811,1.18736,1.1882,1.18792,1.18834,1.1876,6125
2017-12-20 20:00:00,1.18769,1.18772,1.18815,1.1875,1.18792,1.18795,1.18836,1.18772,6050
2017-12-20 21:00:00,1.18772,1.18702,1.18772,1.18676,1.18795,1.18729,1.18794,1.187,3459
2017-12-20 22:00:00,1.18702,1.18714,1.18732,1.18682,1.18729,1.1874,1.1876,1.18709,2720
2017-12-20 23:00:00,1.18714,1.18764,1.18809,1.18684,1.1874,1.18789,1.18835,1.18709,4022
2017-12-21 00:00:00,1.18764,1.18736,1.18808,1.18725,1.18789,1.18759,1.18832,1.18749,4540
2017-12-21 01:00:00,1.18736,1.18697,1.18744,1.18695,1.18759,1.18722,1.18767,1.1872,3554
2017-12-21 02:00:00,1.18697,1.1873,1.18732,1.18688,1.18722,1.18754,1.18756,1.18711,2316
2017-12-21 03:00:00,1.1873,1.18648,1.18747,1.18634,1.18754,1.18671,1.18771,1.18658,3971
2017-12-21 04:00:00,1.18648,1.1866,1.18672,1.18631,1.18671,1.18685,1.18696,1.18654,2566
2017-12-21 05:00:00,1.1866,1.18668,1.18672,1.18621,1.18685,1.18692,1.18696,1.18645,2977
2017-12-21 06:00:00,1.18668,1.18681,1.18687,1.18622,1.18692,1.18703,1.1871,1.18644,3035
2017-12-21 07:00:00,1.18681,1.18712,1.1874,1.1864,1.18703,1.18736,1.18763,1.1866,8585
2017-12-21 08:00:00,1.18712,1.18778,1.18796,1.18635,1.18736,1.18801,1.18819,1.18655,12364
2017-12-21 09:00:00,1.18778,1.18797,1.18858,1.1872,1.18801,1.1882,1.1888,1.18742,10150
2017-12-21 10:00:00,1.18797,1.18698,1.18884,1.18692,1.1882,1.18722,1.18907,1.18715,9038
2017-12-21 11:00:00,1.18698,1.18651,1.18764,1.18649,1.18722,1.18673,1.18786,1.18671,7430
2017-12-21 12:00:00,1.18651,1.18618,1.18684,1.18501,1.18673,1.18641,1.18707,1.18524,10450
2017-12-21 13:00:00,1.18618,1.18575,1.18698,1.18539,1.18641,1.18598,1.18722,1.18566,12528
2017-12-21 14:00:00,1.18575,1.18637,1.1869,1.18482,1.18598,1.18659,1.18711,1.18504,13595
2017-12-21 15:00:00,1.18637,1.1859,1.18687,1.18535,1.18659,1.18614,1.18709,1.18555,13078
2017-12-21 16:00:00,1.1859,1.18702,1.1878,1.18576,1.18614,1.18724,1.18803,1.18598,13382
2017-12-21 17:00:00,1.18702,1.18666,1.18723,1.18639,1.18724,1.18689,1.18746,1.18663,4585
2017-12-21 18:00:00,1.18666,1.18659,1.18678,1.18617,1.18689,1.18682,1.18702,1.18638,5225
2017-12-21 19:00:00,1.18659,1.18707,1.18715,1.18605,1.18682,1.1873,1.18739,1.18628,4979
2017-12-21 20:00:00,1.18707,1.18756,1.18778,1.1869,1.1873,1.1878,1.18801,1.18713,5308
2017-12-21 21:00:00,1.18756,1.18731,1.18772,1.18716,1.1878,1.18763,1.18793,1.1874,2883
2017-12-21 22:00:00,1.18731,1.18651,1.18745,1.18632,1.18763,1.18678,1.18769,1.1866,2086
2017-12-21 23:00:00,1.18651,1.1851,1.18675,1.18507,1.18678,1.18532,1.187,1.1853,4673
2017-12-22 00:00:00,1.1851,1.18431,1.18525,1.18159,1.18532,1.18455,1.18548,1.18182,15449
2017-12-22 01:00:00,1.18431,1.18433,1.18466,1.18344,1.18455,1.18457,1.18489,1.18368,6849
2017-12-22 02:00:00,1.18433,1.18495,1.18501,1.18414,1.18457,1.18518,1.18524,1.18438,3971
2017-12-22 03:00:00,1.18495,1.18478,1.18507,1.1846,1.18518,1.18502,1.1853,1.18482,3015
2017-12-22 04:00:00,1.18478,1.1847,1.18499,1.18466,1.18502,1.18493,1.18522,1.1849,2470
2017-12-22 05:00:00,1.1847,1.18484,1.18499,1.18461,1.18493,1.18508,1.18523,1.18485,2122
2017-12-22 06:00:00,1.18484,1.18554,1.18581,1.18456,1.18508,1.18578,1.18603,1.18479,4782
2017-12-22 07:00:00,1.18554,1.18514,1.18601,1.18514,1.18578,1.18538,1.18625,1.18537,6224
2017-12-22 08:00:00,1.18514,1.18534,1.18575,1.18436,1.18538,1.18556,1.18597,1.18459,12551
2017-12-22 09:00:00,1.18534,1.18476,1.18612,1.18444,1.18556,1.185,1.18634,1.18467,11082
2017-12-22 10:00:00,1.18476,1.18464,1.18533,1.18441,1.185,1.18487,1.18556,1.18462,7631
2017-12-22 11:00:00,1.18464,1.18508,1.1856,1.18441,1.18487,1.18532,1.18584,1.18464,10243
2017-12-22 12:00:00,1.18508,1.18484,1.18546,1.18466,1.18532,1.18506,1.18569,1.18489,7369
2017-12-22 13:00:00,1.18484,1.18536,1.18538,1.18474,1.18506,1.18559,1.18561,1.18497,8755
2017-12-22 14:00:00,1.18536,1.18499,1.18558,1.18421,1.18559,1.18523,1.1858,1.18444,12984
2017-12-22 15:00:00,1.18499,1.18336,1.18505,1.18272,1.18523,1.1836,1.18526,1.18294,12580
2017-12-22 16:00:00,1.18336,1.18372,1.1843,1.1829,1.1836,1.18395,1.18453,1.18313,8871
2017-12-22 17:00:00,1.18372,1.1852,1.18521,1.18372,1.18395,1.18544,1.18544,1.18396,7880
2017-12-22 18:00:00,1.1852,1.18496,1.18561,1.1849,1.18544,1.18519,1.18585,1.18514,5878
2017-12-22 19:00:00,1.18496,1.18494,1.18547,1.18426,1.18519,1.18517,1.18569,1.18449,6948
2017-12-22 20:00:00,1.18494,1.1857,1.18579,1.18488,1.18517,1.18593,1.18603,1.18511,6051
2017-12-22 21:00:00,1.1857,1.18578,1.18629,1.18545,1.18593,1.18678,1.18678,1.1857,5697
2017-12-26 04:00:00,1.18578,1.18687,1.18704,1.18665,1.18678,1.1871,1.18728,1.1869,1193
2017-12-26 05:00:00,1.18687,1.18696,1.187,1.18664,1.1871,1.1872,1.18724,1.18688,1494
2017-12-26 06:00:00,1.18696,1.18664,1.18701,1.18662,1.1872,1.18687,1.18725,1.18686,1603
2017-12-26 07:00:00,1.18664,1.18709,1.18745,1.18658,1.18687,1.18733,1.18769,1.18682,2266
2017-12-26 08:00:00,1.18709,1.18681,1.18745,1.18677,1.18733,1.18704,1.18769,1.187,1850
2017-12-26 09:00:00,1.18681,1.18598,1.18706,1.18564,1.18704,1.18621,1.18729,1.18588,3526
2017-12-26 10:00:00,1.18598,1.18586,1.18599,1.18545,1.18621,1.18611,1.18621,1.1857,2815
2017-12-26 11:00:00,1.18586,1.18502,1.18593,1.1849,1.18611,1.18527,1.18616,1.18513,3168
2017-12-26 12:00:00,1.18502,1.18455,1.18524,1.18455,1.18527,1.18478,1.18547,1.18478,6067
2017-12-26 13:00:00,1.18455,1.18541,1.18545,1.18455,1.18478,1.18564,1.1857,1.18479,4092
2017-12-26 14:00:00,1.18541,1.18759,1.18764,1.18541,1.18564,1.18783,1.18788,1.18565,9974
2017-12-26 15:00:00,1.18759,1.18644,1.18777,1.18625,1.18783,1.18668,1.18802,1.18648,7588
2017-12-26 16:00:00,1.18644,1.18655,1.18695,1.18619,1.18668,1.18679,1.1872,1.18643,5508
2017-12-26 17:00:00,1.18655,1.18692,1.18706,1.18603,1.18679,1.18717,1.1873,1.18627,4178
2017-12-26 18:00:00,1.18692,1.1869,1.18707,1.18652,1.18717,1.18714,1.18731,1.18676,3273
2017-12-26 19:00:00,1.1869,1.18623,1.18691,1.18606,1.18714,1.18649,1.18714,1.18632,3512
2017-12-26 20:00:00,1.18623,1.18616,1.18649,1.18605,1.18649,1.18641,1.18673,1.18629,4111
2017-12-26 21:00:00,1.18616,1.1857,1.18629,1.18568,1.18641,1.18598,1.18653,1.18595,2492
2017-12-26 22:00:00,1.1857,1.18594,1.18613,1.18544,1.18598,1.18624,1.18675,1.18582,1056
2017-12-26 23:00:00,1.18594,1.18562,1.18597,1.18544,1.18624,1.18585,1.18625,1.18567,1919
2017-12-27 00:00:00,1.18562,1.18617,1.18635,1.1854,1.18585,1.18641,1.18659,1.18563,4528
2017-12-27 01:00:00,1.18617,1.18593,1.18626,1.18565,1.18641,1.18615,1.1865,1.18588,2674
2017-12-27 02:00:00,1.18593,1.18627,1.18628,1.18583,1.18615,1.1865,1.18652,1.18606,2356
2017-12-27 03:00:00,1.18627,1.18624,1.18662,1.18609,1.1865,1.18648,1.18685,1.18633,2304
2017-12-27 04:00:00,1.18624,1.18734,1.18759,1.18613,1.18648,1.18758,1.18782,1.18634,2764
2017-12-27 05:00:00,1.18734,1.18769,1.18793,1.18726,1.18758,1.18792,1.18816,1.1875,2395
2017-12-27 06:00:00,1.18769,1.18775,1.18836,1.18767,1.18792,1.18799,1.18858,1.18789,2851
2017-12-27 07:00:00,1.18775,1.18667,1.18815,1.18634,1.18799,1.18689,1.18839,1.18656,7131
2017-12-27 08:00:00,1.18667,1.18691,1.18763,1.18645,1.18689,1.18714,1.18786,1.18668,10746
2017-12-27 09:00:00,1.18691,1.18869,1.18899,1.1868,1.18714,1.18891,1.18923,1.18703,10687
2017-12-27 10:00:00,1.18869,1.18917,1.18918,1.18835,1.18891,1.1894,1.1894,1.18858,8243
2017-12-27 11:00:00,1.18917,1.18914,1.18942,1.18793,1.1894,1.18937,1.18965,1.18817,9463
2017-12-27 12:00:00,1.18914,1.18916,1.18987,1.18891,1.18937,1.18938,1.1901,1.18913,9064
2017-12-27 13:00:00,1.18916,1.19,1.19033,1.18915,1.18938,1.19024,1.19055,1.18938,8810
2017-12-27 14:00:00,1.19,1.19057,1.19057,1.18956,1.19024,1.19078,1.19081,1.18978,9301
2017-12-27 15:00:00,1.19057,1.18936,1.19093,1.18921,1.19078,1.18958,1.19115,1.18941,10851
2017-12-27 16:00:00,1.18936,1.19003,1.19004,1.18843,1.18958,1.19027,1.19028,1.18865,11445
2017-12-27 17:00:00,1.19003,1.18978,1.1902,1.18955,1.19027,1.19002,1.19044,1.18977,5238
2017-12-27 18:00:00,1.18978,1.1897,1.19023,1.18935,1.19002,1.18993,1.19046,1.18957,6153
2017-12-27 19:00:00,1.1897,1.18963,1.18993,1.1894,1.18993,1.18987,1.19016,1.18959,7182
2017-12-27 20:00:00,1.18963,1.18933,1.18976,1.18915,1.18987,1.18955,1.18997,1.18934,4557
2017-12-27 21:00:00,1.18933,1.18852,1.18943,1.18835,1.18955,1.18896,1.18966,1.18858,3137
2017-12-27 22:00:00,1.18852,1.18976,1.19008,1.1885,1.18896,1.19006,1.19028,1.18904,2070
2017-12-27 23:00:00,1.18976,1.18991,1.19004,1.18957,1.19006,1.19015,1.19034,1.18982,3248
2017-12-28 00:00:00,1.18991,1.19023,1.19029,1.1896,1.19015,1.19046,1.19053,1.18983,4102
2017-12-28 01:00:00,1.19023,1.19045,1.19048,1.19,1.19046,1.19068,1.19071,1.19024,2967
2017-12-28 02:00:00,1.19045,1.1908,1.19098,1.19013,1.19068,1.19104,1.19118,1.19036,4036
2017-12-28 03:00:00,1.1908,1.19087,1.19098,1.19068,1.19104,1.19112,1.19121,1.19091,2197
2017-12-28 04:00:00,1.19087,1.19164,1.19176,1.19086,1.19112,1.19187,1.192,1.19111,3629
2017-12-28 05:00:00,1.19164,1.19306,1.19319,1.19153,1.19187,1.1933,1.19342,1.19178,5445
2017-12-28 06:00:00,1.19306,1.1931,1.19337,1.19249,1.1933,1.19334,1.1936,1.19272,3539
2017-12-28 07:00:00,1.1931,1.19388,1.19398,1.19273,1.19334,1.1941,1.19419,1.19297,5778
2017-12-28 08:00:00,1.19388,1.19362,1.19455,1.19321,1.1941,1.19386,1.19478,1.19344,9243
2017-12-28 09:00:00,1.19362,1.19308,1.19368,1.1928,1.19386,1.19331,1.1939,1.19302,7412
2017-12-28 10:00:00,1.19308,1.19301,1.19321,1.19223,1.19331,1.19325,1.19344,1.19246,7358
2017-12-28 11:00:00,1.19301,1.19357,1.19359,1.19278,1.19325,1.19379,1.19383,1.19301,5054
2017-12-28 12:00:00,1.19357,1.19394,1.19414,1.19308,1.19379,1.19418,1.19437,1.19331,9115
2017-12-28 13:00:00,1.19394,1.19462,1.19465,1.19314,1.19418,1.19484,1.19487,1.19336,10031
2017-12-28 14:00:00,1.19462,1.19463,1.19489,1.19415,1.19484,1.19485,1.19511,1.19437,9769
2017-12-28 15:00:00,1.19463,1.19362,1.19495,1.19354,1.19485,1.19385,1.19517,1.19375,8426
2017-12-28 16:00:00,1.19362,1.19502,1.19532,1.19359,1.19385,1.19526,1.19555,1.19382,9234
2017-12-28 17:00:00,1.19502,1.1952,1.1954,1.19476,1.19526,1.19542,1.19563,1.195,7286
2017-12-28 18:00:00,1.1952,1.1957,1.1958,1.1951,1.19542,1.19593,1.19603,1.19532,4747
2017-12-28 19:00:00,1.1957,1.19515,1.19574,1.19485,1.19593,1.19538,1.19598,1.19509,5045
2017-12-28 20:00:00,1.19515,1.19394,1.19525,1.19393,1.19538,1.19418,1.19548,1.19417,4436
2017-12-28 21:00:00,1.19394,1.19413,1.1944,1.1938,1.19418,1.19437,1.19463,1.19404,2049
2017-12-28 22:00:00,1.19413,1.19372,1.19451,1.19351,1.19437,1.19399,1.19493,1.1938,1362
2017-12-28 23:00:00,1.19372,1.19383,1.19401,1.19372,1.19399,1.19408,1.19425,1.19398,2004
2017-12-29 00:00:00,1.19383,1.19431,1.19462,1.1938,1.19408,1.19455,1.19484,1.19403,3119
2017-12-29 01:00:00,1.19431,1.19411,1.19481,1.19358,1.19455,1.19436,1.19505,1.19382,5921
2017-12-29 02:00:00,1.19411,1.19467,1.19471,1.19365,1.19436,1.19491,1.19495,1.19387,4844
2017-12-29 03:00:00,1.19467,1.19415,1.19467,1.19406,1.19491,1.19439,1.1949,1.1943,3481
2017-12-29 04:00:00,1.19415,1.19433,1.19448,1.19403,1.19439,1.19457,1.19472,1.19426,2866
2017-12-29 05:00:00,1.19433,1.19479,1.19485,1.19428,1.19457,1.19503,1.19509,1.19452,2493
2017-12-29 06:00:00,1.19479,1.19539,1.19543,1.19475,1.19503,1.19563,1.19566,1.19498,3173
2017-12-29 07:00:00,1.19539,1.19512,1.19576,1.19449,1.19563,1.19535,1.19599,1.19472,6726
2017-12-29 08:00:00,1.19512,1.19663,1.19679,1.19508,1.19535,1.19687,1.19701,1.1953,11114
2017-12-29 09:00:00,1.19663,1.19802,1.19867,1.19662,1.19687,1.19825,1.19889,1.19684,9584
2017-12-29 10:00:00,1.19802,1.19795,1.19842,1.19723,1.19825,1.19817,1.19865,1.19746,8559
2017-12-29 11:00:00,1.19795,1.1986,1.19885,1.19779,1.19817,1.19884,1.19908,1.19802,6013
2017-12-29 12:00:00,1.1986,1.19939,1.19943,1.19835,1.19884,1.19961,1.19962,1.19858,8838
2017-12-29 13:00:00,1.19939,1.19858,1.19977,1.19814,1.19961,1.19881,1.19999,1.19836,9020
2017-12-29 14:00:00,1.19858,1.19917,1.19941,1.19844,1.19881,1.1994,1.19963,1.19866,7011
2017-12-29 15:00:00,1.19917,1.20088,1.20105,1.19866,1.1994,1.20111,1.20127,1.19887,13246
2017-12-29 16:00:00,1.20088,1.2021,1.20214,1.20005,1.20111,1.20233,1.20237,1.20027,12739
2017-12-29 17:00:00,1.2021,1.20204,1.20244,1.20179,1.20233,1.20227,1.20267,1.202,7174
2017-12-29 18:00:00,1.20204,1.20125,1.20229,1.20108,1.20227,1.20149,1.20251,1.2013,5614
2017-12-29 19:00:00,1.20125,1.20082,1.20131,1.2006,1.20149,1.20104,1.20154,1.20084,3625
2017-12-29 20:00:00,1.20082,1.1997,1.20096,1.19965,1.20104,1.19993,1.20118,1.19989,4226
2017-12-29 21:00:00,1.1997,1.20038,1.20065,1.19907,1.19993,1.20103,1.20136,1.19943,2860
2018-01-01 18:00:00,1.20038,1.20042,1.2011,1.19926,1.20103,1.2013,1.20135,1.20005,18
2018-01-01 19:00:00,1.20042,1.19992,1.20042,1.19992,1.2013,1.2008,1.201,1.2008,3
2018-01-01 20:00:00,1.19992,1.1993,1.20022,1.19917,1.2008,1.2003,1.20075,1.20005,31
2018-01-01 21:00:00,1.1993,1.20094,1.20094,1.19943,1.2003,1.20155,1.20155,1.20024,33
2018-01-01 22:00:00,1.20094,1.20141,1.20153,1.20015,1.20155,1.2017,1.20192,1.20072,258
2018-01-01 23:00:00,1.20141,1.20097,1.20142,1.20012,1.2017,1.2012,1.20173,1.2005,9500
2018-01-02 00:00:00,1.20097,1.20146,1.20167,1.2008,1.2012,1.20169,1.20188,1.20104,1200
2018-01-02 04:00:00,1.20146,1.20162,1.20182,1.20116,1.20169,1.20186,1.20206,1.20139,1638
2018-01-02 05:00:00,1.20162,1.20237,1.20237,1.20146,1.20186,1.20259,1.20259,1.20169,2827
2018-01-02 06:00:00,1.20237,1.20274,1.20294,1.20215,1.20259,1.20298,1.20317,1.20238,4175
2018-01-02 07:00:00,1.20274,1.20351,1.20372,1.20227,1.20298,1.20374,1.20396,1.2025,9959
2018-01-02 08:00:00,1.20351,1.20439,1.20467,1.2031,1.20374,1.20463,1.2049,1.20334,11258
2018-01-02 09:00:00,1.20439,1.20694,1.20696,1.20411,1.20463,1.20716,1.20719,1.20433,9952
2018-01-02 10:00:00,1.20694,1.20674,1.20802,1.20602,1.20716,1.20697,1.20824,1.20625,12738
2018-01-02 11:00:00,1.20674,1.20582,1.20696,1.20582,1.20697,1.20606,1.20719,1.20605,7831
2018-01-02 12:00:00,1.20582,1.20616,1.20678,1.20557,1.20606,1.2064,1.207,1.2058,9877
2018-01-02 13:00:00,1.20616,1.20563,1.20655,1.20552,1.2064,1.20587,1.20677,1.20575,11202
2018-01-02 14:00:00,1.20563,1.20377,1.20578,1.20342,1.20587,1.20399,1.206,1.20365,14009
2018-01-02 15:00:00,1.20377,1.20435,1.20449,1.20251,1.20399,1.20457,1.2047,1.20272,16348
2018-01-02 16:00:00,1.20435,1.20481,1.20582,1.20425,1.20457,1.20503,1.20604,1.20448,14737
2018-01-02 17:00:00,1.20481,1.20437,1.20526,1.20402,1.20503,1.2046,1.20548,1.20425,7228
2018-01-02 18:00:00,1.20437,1.20433,1.20488,1.20407,1.2046,1.20457,1.20511,1.20429,4808
2018-01-02 19:00:00,1.20433,1.20522,1.20526,1.2042,1.20457,1.20546,1.2055,1.20443,3894
2018-01-02 20:00:00,1.20522,1.20581,1.20595,1.20506,1.20546,1.20604,1.20619,1.2053,4141
2018-01-02 21:00:00,1.20581,1.20571,1.20642,1.20534,1.20604,1.20596,1.20665,1.20558,3290
2018-01-02 22:00:00,1.20571,1.20562,1.20572,1.20538,1.20596,1.2059,1.20612,1.20551,1053
2018-01-02 23:00:00,1.20562,1.20603,1.20652,1.2056,1.2059,1.20628,1.20674,1.20585,2746
2018-01-03 00:00:00,1.20603,1.20581,1.20627,1.20482,1.20628,1.20605,1.20651,1.20507,5308
2018-01-03 01:00:00,1.20581,1.20519,1.20622,1.20433,1.20605,1.2054,1.20646,1.20457,5754
2018-01-03 02:00:00,1.20519,1.20412,1.20519,1.2041,1.2054,1.20437,1.20542,1.20434,4559
2018-01-03 03:00:00,1.20412,1.20456,1.20467,1.20407,1.20437,1.2048,1.2049,1.20431,2374
2018-01-03 04:00:00,1.20456,1.20498,1.20529,1.20454,1.2048,1.20522,1.20549,1.20478,2633
2018-01-03 05:00:00,1.20498,1.20571,1.20581,1.20481,1.20522,1.20594,1.20604,1.20506,3242
2018-01-03 06:00:00,1.20571,1.20438,1.20595,1.20429,1.20594,1.20458,1.20618,1.20453,5103
2018-01-03 07:00:00,1.20438,1.20381,1.20479,1.20335,1.20458,1.20405,1.20502,1.20357,11311
2018-01-03 08:00:00,1.20381,1.20415,1.20418,1.20301,1.20405,1.20439,1.20442,1.20323,10456
2018-01-03 09:00:00,1.20415,1.20371,1.20424,1.20334,1.20439,1.20394,1.20448,1.20357,6867
2018-01-03 10:00:00,1.20371,1.20167,1.20396,1.20141,1.20394,1.20189,1.20418,1.20164,11464
2018-01-03 11:00:00,1.20167,1.20139,1.20179,1.20097,1.20189,1.20163,1.20201,1.2012,10337
2018-01-03 12:00:00,1.20139,1.20221,1.20225,1.20098,1.20163,1.20245,1.20248,1.20121,8341
2018-01-03 13:00:00,1.20221,1.20317,1.20336,1.20187,1.20245,1.2034,1.20358,1.2021,9427
2018-01-03 14:00:00,1.20317,1.20162,1.20318,1.20132,1.2034,1.20197,1.20341,1.20155,10208
2018-01-03 15:00:00,1.20162,1.20226,1.20237,1.20024,1.20197,1.20247,1.2026,1.20047,16374
2018-01-03 16:00:00,1.20226,1.20287,1.20313,1.20187,1.20247,1.20311,1.20336,1.2021,9022
2018-01-03 17:00:00,1.20287,1.20262,1.20306,1.20232,1.20311,1.20284,1.2033,1.20255,4415
2018-01-03 18:00:00,1.20262,1.20264,1.20284,1.20208,1.20284,1.20296,1.2031,1.20232,3485
2018-01-03 19:00:00,1.20264,1.20152,1.20293,1.20001,1.20296,1.20176,1.20315,1.20023,14872
2018-01-03 20:00:00,1.20152,1.20113,1.2028,1.2009,1.20176,1.20137,1.20303,1.20114,6596
2018-01-03 21:00:00,1.20113,1.20131,1.20148,1.2009,1.20137,1.20157,1.20172,1.20114,3166
2018-01-03 22:00:00,1.20131,1.2009,1.20144,1.2009,1.20157,1.20121,1.20179,1.20118,1682
2018-01-03 23:00:00,1.2009,1.20097,1.20129,1.20055,1.20121,1.20121,1.20154,1.20078,3706
2018-01-04 00:00:00,1.20097,1.20088,1.20102,1.20032,1.20121,1.20111,1.20126,1.20056,4532
2018-01-04 01:00:00,1.20088,1.20068,1.201,1.20038,1.20111,1.20091,1.20123,1.20061,4481
2018-01-04 02:00:00,1.20068,1.20167,1.2018,1.20065,1.20091,1.20191,1.20203,1.20087,4826
2018-01-04 03:00:00,1.20167,1.20134,1.20167,1.20114,1.20191,1.20157,1.20191,1.20137,3234
2018-01-04 04:00:00,1.20134,1.20169,1.20213,1.20134,1.20157,1.20191,1.20237,1.20157,2805
2018-01-04 05:00:00,1.20169,1.20179,1.2022,1.20133,1.20191,1.20204,1.20242,1.20157,2721
2018-01-04 06:00:00,1.20179,1.20268,1.20369,1.20161,1.20204,1.20291,1.20392,1.20184,6775
2018-01-04 07:00:00,1.20268,1.20272,1.20366,1.20239,1.20291,1.20296,1.20389,1.20263,8803
2018-01-04 08:00:00,1.20272,1.20244,1.20341,1.20203,1.20296,1.20269,1.20364,1.20227,9515
2018-01-04 09:00:00,1.20244,1.20421,1.2045,1.20239,1.20269,1.20444,1.20472,1.20263,9380
2018-01-04 10:00:00,1.20421,1.20502,1.20547,1.20403,1.20444,1.20526,1.2057,1.20425,9862
2018-01-04 11:00:00,1.20502,1.20611,1.20647,1.20456,1.20526,1.20634,1.2067,1.20479,10284
2018-01-04 12:00:00,1.20611,1.20695,1.20735,1.20581,1.20634,1.20716,1.20759,1.20603,9203
2018-01-04 13:00:00,1.20695,1.2061,1.20739,1.20542,1.20716,1.20633,1.20761,1.20565,19498
2018-01-04 14:00:00,1.2061,1.20812,1.20852,1.20591,1.20633,1.20835,1.20874,1.20614,15537
2018-01-04 15:00:00,1.20812,1.20733,1.2088,1.20704,1.20835,1.20753,1.20902,1.20726,15273
2018-01-04 16:00:00,1.20733,1.20621,1.20758,1.20597,1.20753,1.20644,1.2078,1.2062,13634
2018-01-04 17:00:00,1.20621,1.20734,1.20775,1.20607,1.20644,1.20757,1.20797,1.2063,7330
2018-01-04 18:00:00,1.20734,1.20636,1.20791,1.20598,1.20757,1.2066,1.20814,1.20621,7439
2018-01-04 19:00:00,1.20636,1.20705,1.20708,1.20628,1.2066,1.20729,1.20731,1.20652,5105
2018-01-04 20:00:00,1.20705,1.20674,1.20724,1.20641,1.20729,1.20698,1.20748,1.20663,4106
2018-01-04 21:00:00,1.20674,1.20671,1.20701,1.20644,1.20698,1.20698,1.20725,1.20667,2925
2018-01-04 22:00:00,1.20671,1.20702,1.20712,1.20632,1.20698,1.2073,1.20742,1.20662,1430
2018-01-04 23:00:00,1.20702,1.20655,1.20712,1.20654,1.2073,1.20679,1.2074,1.20677,2843
2018-01-05 00:00:00,1.20655,1.20762,1.20786,1.2064,1.20679,1.20786,1.20809,1.20665,5948
2018-01-05 01:00:00,1.20762,1.2071,1.20783,1.20689,1.20786,1.20734,1.20807,1.20712,3854
2018-01-05 02:00:00,1.2071,1.207,1.20731,1.2067,1.20734,1.20722,1.20754,1.20693,3949
2018-01-05 03:00:00,1.207,1.20735,1.20745,1.20697,1.20722,1.20759,1.2077,1.2072,3046
2018-01-05 04:00:00,1.20735,1.20728,1.20737,1.20691,1.20759,1.20752,1.20762,1.20715,2188
2018-01-05 05:00:00,1.20728,1.20704,1.20742,1.20685,1.20752,1.20727,1.20767,1.20709,3634
2018-01-05 06:00:00,1.20704,1.20555,1.20733,1.20555,1.20727,1.20578,1.20756,1.20578,5439
2018-01-05 07:00:00,1.20555,1.20563,1.2066,1.20543,1.20578,1.20586,1.20684,1.20566,8683
2018-01-05 08:00:00,1.20563,1.20518,1.20616,1.205,1.20586,1.2054,1.20635,1.20523,10824
2018-01-05 09:00:00,1.20518,1.20443,1.20565,1.20407,1.2054,1.20468,1.20588,1.20428,7895
2018-01-05 10:00:00,1.20443,1.20488,1.20529,1.20409,1.20468,1.20511,1.20553,1.20436,9180
2018-01-05 11:00:00,1.20488,1.20517,1.20542,1.20471,1.20511,1.20539,1.20565,1.20494,5500
2018-01-05 12:00:00,1.20517,1.20465,1.20531,1.20433,1.20539,1.20488,1.20554,1.20457,6438
2018-01-05 13:00:00,1.20465,1.20508,1.20819,1.20436,1.20488,1.20531,1.20843,1.20459,31770
2018-01-05 14:00:00,1.20508,1.20283,1.20548,1.20239,1.20531,1.20312,1.20571,1.20261,23466
2018-01-05 15:00:00,1.20283,1.2035,1.20432,1.20195,1.20312,1.20373,1.20455,1.20218,19534
2018-01-05 16:00:00,1.2035,1.2037,1.20422,1.20291,1.20373,1.20392,1.20446,1.20313,10686
2018-01-05 17:00:00,1.2037,1.20461,1.20479,1.20351,1.20392,1.20483,1.20501,1.20374,6362
2018-01-05 18:00:00,1.20461,1.20443,1.20478,1.20424,1.20483,1.20466,1.20502,1.20448,3936
2018-01-05 19:00:00,1.20443,1.20463,1.20498,1.20442,1.20466,1.20487,1.20521,1.20466,3206
2018-01-05 20:00:00,1.20463,1.20407,1.20483,1.20377,1.20487,1.20429,1.20507,1.20401,2659
2018-01-05 21:00:00,1.20407,1.20263,1.20414,1.20263,1.20429,1.20363,1.20438,1.20298,3821
2018-01-07 19:00:00,1.20263,1.20166,1.20166,1.20162,1.20363,1.20238,1.20238,1.20238,2
2018-01-07 20:00:00,1.20166,1.20246,1.20291,1.20158,1.20238,1.20318,1.20362,1.20232,139
2018-01-07 21:00:00,1.20246,1.20262,1.20264,1.20208,1.20318,1.20329,1.20332,1.20242,205
2018-01-07 22:00:00,1.20262,1.203,1.20352,1.2025,1.20329,1.20337,1.20394,1.20295,1238
2018-01-07 23:00:00,1.203,1.20361,1.20382,1.20301,1.20337,1.20385,1.20404,1.20337,3177
2018-01-08 00:00:00,1.20361,1.20415,1.20439,1.20321,1.20385,1.2044,1.20461,1.20343,2793
2018-01-08 01:00:00,1.20415,1.20434,1.20512,1.20406,1.2044,1.20456,1.20536,1.20429,5341
2018-01-08 02:00:00,1.20434,1.20349,1.20455,1.20296,1.20456,1.20373,1.20479,1.20319,4654
2018-01-08 03:00:00,1.20349,1.20313,1.2035,1.20259,1.20373,1.20337,1.20373,1.20282,2759
2018-01-08 04:00:00,1.20313,1.20243,1.20319,1.20219,1.20337,1.20266,1.20342,1.20243,4012
2018-01-08 05:00:00,1.20243,1.20189,1.20276,1.20111,1.20266,1.2021,1.20299,1.20133,5309
2018-01-08 06:00:00,1.20189,1.2013,1.20217,1.20115,1.2021,1.20154,1.2024,1.20138,4187
2018-01-08 07:00:00,1.2013,1.19919,1.20133,1.19918,1.20154,1.19943,1.20156,1.19939,9531
2018-01-08 08:00:00,1.19919,1.19897,1.19998,1.19823,1.19943,1.19918,1.2002,1.19845,10718
2018-01-08 09:00:00,1.19897,1.19887,1.19927,1.19861,1.19918,1.1991,1.1995,1.19882,6902
2018-01-08 10:00:00,1.19887,1.20027,1.20083,1.19884,1.1991,1.20049,1.20105,1.19907,8388
2018-01-08 11:00:00,1.20027,1.1985,1.20053,1.19835,1.20049,1.19873,1.20076,1.19857,7697
2018-01-08 12:00:00,1.1985,1.19705,1.19896,1.19698,1.19873,1.19728,1.1992,1.19721,11203
2018-01-08 13:00:00,1.19705,1.19691,1.19778,1.19673,1.19728,1.19714,1.198,1.19697,11897
2018-01-08 14:00:00,1.19691,1.1966,1.19781,1.19653,1.19714,1.19683,1.19804,1.19676,12134
2018-01-08 15:00:00,1.1966,1.19742,1.19765,1.1958,1.19683,1.19765,1.19787,1.19602,13107
2018-01-08 16:00:00,1.19742,1.19714,1.19812,1.1969,1.19765,1.19737,1.19834,1.19713,10977
2018-01-08 17:00:00,1.19714,1.19764,1.19776,1.19675,1.19737,1.19787,1.19799,1.19699,6597
2018-01-08 18:00:00,1.19764,1.1961,1.19764,1.19558,1.19787,1.19632,1.19788,1.19579,5947
2018-01-08 19:00:00,1.1961,1.19618,1.19646,1.19546,1.19632,1.19641,1.19668,1.19569,4183
2018-01-08 20:00:00,1.19618,1.19658,1.19661,1.19601,1.19641,1.19681,1.19682,1.19624,3381
2018-01-08 21:00:00,1.19658,1.19659,1.19673,1.19627,1.19681,1.19686,1.19697,1.19649,2251
2018-01-08 22:00:00,1.19659,1.19669,1.19687,1.1965,1.19686,1.19696,1.19716,1.19674,1464
2018-01-08 23:00:00,1.19669,1.19689,1.19695,1.19652,1.19696,1.19712,1.1972,1.19675,2216
2018-01-09 00:00:00,1.19689,1.19704,1.19723,1.1964,1.19712,1.19726,1.19747,1.19663,3459
2018-01-09 01:00:00,1.19704,1.1966,1.19706,1.19569,1.19726,1.19681,1.19729,1.19592,8080
2018-01-09 02:00:00,1.1966,1.19716,1.19746,1.19659,1.19681,1.1974,1.19769,1.19681,8237
2018-01-09 03:00:00,1.19716,1.19706,1.19741,1.19665,1.1974,1.19729,1.19765,1.19688,3233
2018-01-09 04:00:00,1.19706,1.1967,1.19712,1.19648,1.19729,1.19694,1.19736,1.19672,2484
2018-01-09 05:00:00,1.1967,1.19641,1.19707,1.19631,1.19694,1.19664,1.19731,1.19654,2977
2018-01-09 06:00:00,1.19641,1.19549,1.1964,1.19504,1.19664,1.19573,1.19664,1.19528,5695
2018-01-09 07:00:00,1.19549,1.19502,1.19699,1.19499,1.19573,1.19524,1.19721,1.19522,14253
2018-01-09 08:00:00,1.19502,1.19382,1.19518,1.19313,1.19524,1.19405,1.19541,1.19334,15463
2018-01-09 09:00:00,1.19382,1.19375,1.19453,1.19307,1.19405,1.19399,1.19476,1.19331,13266
2018-01-09 10:00:00,1.19375,1.19267,1.19386,1.19241,1.19399,1.19289,1.19409,1.19261,10499
2018-01-09 11:00:00,1.19267,1.19271,1.19288,1.19199,1.19289,1.19295,1.19311,1.19221,7635
2018-01-09 12:00:00,1.19271,1.19324,1.19345,1.19241,1.19295,1.19347,1.19368,1.19265,7829
2018-01-09 13:00:00,1.19324,1.19197,1.19327,1.19144,1.19347,1.1922,1.1935,1.19166,12634
2018-01-09 14:00:00,1.19197,1.19169,1.19319,1.19161,1.1922,1.19192,1.19342,1.19183,14322
2018-01-09 15:00:00,1.19169,1.19286,1.19326,1.19165,1.19192,1.1931,1.19349,1.19188,16291
2018-01-09 16:00:00,1.19286,1.192,1.19304,1.19171,1.1931,1.19223,1.19326,1.19194,11840
2018-01-09 17:00:00,1.192,1.192,1.19247,1.19169,1.19223,1.19222,1.19269,1.19192,6393
2018-01-09 18:00:00,1.192,1.19295,1.19304,1.19153,1.19222,1.19318,1.19326,1.19177,4699
2018-01-09 19:00:00,1.19295,1.19309,1.19348,1.19237,1.19318,1.19332,1.1937,1.19259,4940
2018-01-09 20:00:00,1.19309,1.19365,1.19373,1.19286,1.19332,1.19387,1.19396,1.19309,4008
2018-01-09 21:00:00,1.19365,1.19356,1.1938,1.19346,1.19387,1.19382,1.19403,1.1937,2158
2018-01-09 22:00:00,1.19356,1.19344,1.19371,1.19338,1.19382,1.1937,1.19397,1.19367,1248
2018-01-09 23:00:00,1.19344,1.19273,1.1935,1.19267,1.1937,1.19298,1.19373,1.1929,2970
2018-01-10 00:00:00,1.19273,1.19365,1.19374,1.19271,1.19298,1.19389,1.19398,1.19294,4986
2018-01-10 01:00:00,1.19365,1.19436,1.19441,1.19318,1.19389,1.19458,1.19465,1.19341,8981
2018-01-10 02:00:00,1.19436,1.19473,1.19479,1.19394,1.19458,1.19494,1.19501,1.19415,5390
2018-01-10 03:00:00,1.19473,1.19408,1.19483,1.19399,1.19494,1.19432,1.19507,1.19421,2472
2018-01-10 04:00:00,1.19408,1.19351,1.19417,1.19347,1.19432,1.19374,1.1944,1.1937,3024
2018-01-10 05:00:00,1.19351,1.19269,1.19405,1.19259,1.19374,1.19291,1.19428,1.19283,4814
2018-01-10 06:00:00,1.19269,1.1928,1.19332,1.19221,1.19291,1.19302,1.19355,1.19244,7734
2018-01-10 07:00:00,1.1928,1.19336,1.19439,1.19266,1.19302,1.19359,1.1946,1.19289,16451
2018-01-10 08:00:00,1.19336,1.19451,1.19538,1.19331,1.19359,1.19475,1.19561,1.19355,14432
2018-01-10 09:00:00,1.19451,1.19377,1.19483,1.1937,1.19475,1.19399,1.19506,1.19391,12095
2018-01-10 10:00:00,1.19377,1.19935,1.19993,1.19305,1.19399,1.19958,1.20016,1.19328,34961
2018-01-10 11:00:00,1.19935,1.20045,1.20153,1.1986,1.19958,1.20069,1.20175,1.19883,28261
2018-01-10 12:00:00,1.20045,1.19968,1.20171,1.19946,1.20069,1.19991,1.20192,1.19969,19286
2018-01-10 13:00:00,1.19968,1.19939,1.20017,1.1989,1.19991,1.19961,1.2004,1.19913,16515
2018-01-10 14:00:00,1.19939,1.19847,1.2006,1.1972,1.19961,1.1987,1.20083,1.19743,20370
2018-01-10 15:00:00,1.19847,1.19816,1.19952,1.19761,1.1987,1.19839,1.19975,1.19783,18342
2018-01-10 16:00:00,1.19816,1.19569,1.19828,1.19545,1.19839,1.19591,1.1985,1.19566,17098
2018-01-10 17:00:00,1.19569,1.19591,1.19641,1.195,1.19591,1.19614,1.19664,1.19521,9835
2018-01-10 18:00:00,1.19591,1.19576,1.19668,1.19544,1.19614,1.19597,1.19692,1.19566,7530
2018-01-10 19:00:00,1.19576,1.19567,1.19584,1.19394,1.19597,1.19588,1.19607,1.19415,13209
2018-01-10 20:00:00,1.19567,1.19557,1.19644,1.19532,1.19588,1.1958,1.19667,1.19555,9795
2018-01-10 21:00:00,1.19557,1.19467,1.19573,1.1946,1.1958,1.19494,1.19595,1.19485,2767
2018-01-10 22:00:00,1.19467,1.19483,1.19516,1.19455,1.19494,1.19509,1.19544,1.19484,1534
2018-01-10 23:00:00,1.19483,1.19547,1.19581,1.19481,1.19509,1.19572,1.19603,1.19504,2274
2018-01-11 00:00:00,1.19547,1.19591,1.19591,1.19464,1.19572,1.19614,1.19616,1.19487,7869
2018-01-11 01:00:00,1.19591,1.19581,1.19618,1.1953,1.19614,1.19604,1.19641,1.19554,8606
2018-01-11 02:00:00,1.19581,1.19656,1.19682,1.19551,1.19604,1.19679,1.19704,1.19575,4680
2018-01-11 03:00:00,1.19656,1.19525,1.19692,1.19439,1.19679,1.19548,1.19713,1.19463,10104
2018-01-11 04:00:00,1.19525,1.19457,1.19534,1.19402,1.19548,1.19482,1.19558,1.19426,6382
2018-01-11 05:00:00,1.19457,1.1951,1.1953,1.19401,1.19482,1.19534,1.19555,1.19426,5669
2018-01-11 06:00:00,1.1951,1.1941,1.1951,1.19353,1.19534,1.19433,1.19533,1.19376,5859
2018-01-11 07:00:00,1.1941,1.19389,1.19489,1.19284,1.19433,1.1941,1.19511,1.19307,11303
2018-01-11 08:00:00,1.19389,1.1937,1.1941,1.19282,1.1941,1.19393,1.19433,1.19304,13458
2018-01-11 09:00:00,1.1937,1.19468,1.19487,1.19319,1.19393,1.19491,1.19509,1.19342,12404
2018-01-11 10:00:00,1.19468,1.19455,1.19506,1.19378,1.19491,1.19477,1.19529,1.19401,10834
2018-01-11 11:00:00,1.19455,1.19424,1.19496,1.19395,1.19477,1.19447,1.19519,1.19418,8930
2018-01-11 12:00:00,1.19424,1.20031,1.2012,1.19353,1.19447,1.20055,1.20142,1.19377,38073
2018-01-11 13:00:00,1.20031,1.20304,1.20342,1.20013,1.20055,1.20326,1.20365,1.20036,41434
2018-01-11 14:00:00,1.20304,1.20466,1.20479,1.20299,1.20326,1.20489,1.205,1.20321,22056
2018-01-11 15:00:00,1.20466,1.20479,1.20579,1.20384,1.20489,1.205,1.20601,1.20406,23238
2018-01-11 16:00:00,1.20479,1.20334,1.20487,1.20309,1.205,1.20356,1.2051,1.20331,14189
2018-01-11 17:00:00,1.20334,1.20366,1.20399,1.20301,1.20356,1.20387,1.20422,1.20324,8092
2018-01-11 18:00:00,1.20366,1.20358,1.20465,1.20291,1.20387,1.2038,1.20488,1.20313,9817
2018-01-11 19:00:00,1.20358,1.2038,1.20447,1.20328,1.2038,1.20403,1.2047,1.20352,5829
2018-01-11 20:00:00,1.2038,1.20298,1.20388,1.20264,1.20403,1.20319,1.20412,1.20287,4066
2018-01-11 21:00:00,1.20298,1.20306,1.20337,1.20272,1.20319,1.20331,1.2036,1.20296,3047
2018-01-11 22:00:00,1.20306,1.20373,1.20394,1.20298,1.20331,1.204,1.20419,1.20332,2112
2018-01-11 23:00:00,1.20373,1.20418,1.20428,1.20299,1.204,1.20441,1.20451,1.20321,3862
2018-01-12 00:00:00,1.20418,1.20573,1.20655,1.20405,1.20441,1.20596,1.20679,1.20426,14037
2018-01-12 01:00:00,1.20573,1.20439,1.20603,1.20419,1.20596,1.20461,1.20624,1.20441,7960
2018-01-12 02:00:00,1.20439,1.20457,1.20494,1.20408,1.20461,1.20481,1.20517,1.20432,5055
2018-01-12 03:00:00,1.20457,1.20504,1.20519,1.20442,1.20481,1.20528,1.20541,1.20467,4080
2018-01-12 04:00:00,1.20504,1.20525,1.20535,1.20446,1.20528,1.20549,1.2056,1.2047,3591
2018-01-12 05:00:00,1.20525,1.2043,1.20562,1.20391,1.20549,1.20454,1.20585,1.20413,4341
2018-01-12 06:00:00,1.2043,1.20473,1.20512,1.20412,1.20454,1.20496,1.20534,1.20435,5124
2018-01-12 07:00:00,1.20473,1.20615,1.20752,1.20445,1.20496,1.20638,1.20769,1.20467,18486
2018-01-12 08:00:00,1.20615,1.21103,1.21195,1.20511,1.20638,1.21123,1.21218,1.20533,32021
2018-01-12 09:00:00,1.21103,1.21243,1.21359,1.21097,1.21123,1.21264,1.21381,1.21119,25235
2018-01-12 10:00:00,1.21243,1.21178,1.21279,1.21134,1.21264,1.21202,1.21302,1.21155,11542
2018-01-12 11:00:00,1.21178,1.21231,1.21348,1.21178,1.21202,1.21254,1.21369,1.21201,11811
2018-01-12 12:00:00,1.21231,1.21322,1.21372,1.21215,1.21254,1.21345,1.21394,1.21238,12093
2018-01-12 13:00:00,1.21322,1.21188,1.21479,1.21111,1.21345,1.21212,1.21499,1.21133,42287
2018-01-12 14:00:00,1.21188,1.21369,1.21478,1.21101,1.21212,1.21388,1.215,1.21123,28677
2018-01-12 15:00:00,1.21369,1.2147,1.21542,1.21315,1.21388,1.21493,1.21564,1.21337,25412
2018-01-12 16:00:00,1.2147,1.21291,1.21547,1.2121,1.21493,1.21314,1.2157,1.21231,24735
2018-01-12 17:00:00,1.21291,1.21334,1.21361,1.2123,1.21314,1.21357,1.21383,1.21254,11024
2018-01-12 18:00:00,1.21334,1.21611,1.21656,1.21318,1.21357,1.21635,1.21679,1.21341,14173
2018-01-12 19:00:00,1.21611,1.21801,1.21841,1.21595,1.21635,1.21825,1.21861,1.21616,13915
2018-01-12 20:00:00,1.21801,1.2186,1.21876,1.21756,1.21825,1.21884,1.21899,1.2178,5475
2018-01-12 21:00:00,1.2186,1.22021,1.22178,1.21857,1.21884,1.22099,1.22207,1.21881,10183
2018-01-14 19:00:00,1.22021,1.21989,1.2199,1.21989,1.22099,1.22066,1.22066,1.22066,2
2018-01-14 20:00:00,1.21989,1.21958,1.22003,1.21949,1.22066,1.21995,1.22064,1.21992,99
2018-01-14 21:00:00,1.21958,1.21913,1.21978,1.21888,1.21995,1.21982,1.22031,1.21922,146
2018-01-14 22:00:00,1.21913,1.22014,1.2207,1.21913,1.21982,1.22049,1.22122,1.21953,2256
2018-01-14 23:00:00,1.22014,1.21909,1.22106,1.21898,1.22049,1.21932,1.22134,1.2192,5591
2018-01-15 00:00:00,1.21909,1.21899,1.21977,1.21865,1.21932,1.21922,1.22002,1.21887,11104
2018-01-15 01:00:00,1.21899,1.21972,1.22078,1.21885,1.21922,1.21993,1.22102,1.21906,13055
2018-01-15 02:00:00,1.21972,1.21936,1.22073,1.21911,1.21993,1.21959,1.22095,1.21934,9278
2018-01-15 03:00:00,1.21936,1.21991,1.22033,1.21916,1.21959,1.22014,1.22053,1.21939,6920
2018-01-15 04:00:00,1.21991,1.22092,1.22099,1.21949,1.22014,1.22115,1.22122,1.21973,6953
2018-01-15 05:00:00,1.22092,1.22218,1.2239,1.22068,1.22115,1.22242,1.22412,1.22091,16878
2018-01-15 06:00:00,1.22218,1.22077,1.2229,1.22065,1.22242,1.221,1.22314,1.22088,13232
2018-01-15 07:00:00,1.22077,1.22107,1.22194,1.22003,1.221,1.2213,1.22215,1.22025,12732
2018-01-15 08:00:00,1.22107,1.22299,1.22333,1.22085,1.2213,1.22323,1.22357,1.22109,13338
2018-01-15 09:00:00,1.22299,1.22592,1.22686,1.22277,1.22323,1.22615,1.22708,1.22299,18653
2018-01-15 10:00:00,1.22592,1.22733,1.22956,1.22564,1.22615,1.22756,1.22978,1.22586,21186
2018-01-15 11:00:00,1.22733,1.22546,1.22814,1.22509,1.22756,1.22568,1.22836,1.22533,13297
2018-01-15 12:00:00,1.22546,1.22687,1.22715,1.22504,1.22568,1.22709,1.22738,1.22526,10541
2018-01-15 13:00:00,1.22687,1.22821,1.22853,1.2264,1.22709,1.22844,1.22875,1.22664,12703
2018-01-15 14:00:00,1.22821,1.22606,1.229,1.22586,1.22844,1.22629,1.22923,1.2261,13345
2018-01-15 15:00:00,1.22606,1.22586,1.22703,1.22534,1.22629,1.22608,1.22726,1.22556,11085
2018-01-15 16:00:00,1.22586,1.22646,1.22928,1.22581,1.22608,1.2267,1.22953,1.22603,14761
2018-01-15 17:00:00,1.22646,1.22706,1.22867,1.22646,1.2267,1.22729,1.22891,1.22669,4946
2018-01-15 18:00:00,1.22706,1.22717,1.22756,1.22671,1.22729,1.22741,1.2278,1.22694,3458
2018-01-15 19:00:00,1.22717,1.22675,1.22735,1.22621,1.22741,1.22699,1.22759,1.22646,3234
2018-01-15 20:00:00,1.22675,1.22683,1.22771,1.22625,1.22699,1.22709,1.22796,1.22649,5066
2018-01-15 21:00:00,1.22683,1.22618,1.22685,1.22617,1.22709,1.22653,1.22709,1.22652,4604
2018-01-15 22:00:00,1.22618,1.22634,1.22664,1.22612,1.22653,1.2266,1.22692,1.22643,1064
2018-01-15 23:00:00,1.22634,1.22657,1.22739,1.22601,1.2266,1.2268,1.22763,1.22627,4766
2018-01-16 00:00:00,1.22657,1.22608,1.22686,1.22594,1.2268,1.22631,1.2271,1.22617,6553
2018-01-16 01:00:00,1.22608,1.22643,1.22648,1.22468,1.22631,1.22666,1.22671,1.22492,9517
2018-01-16 02:00:00,1.22643,1.22668,1.22787,1.2258,1.22666,1.2269,1.22809,1.22604,9147
2018-01-16 03:00:00,1.22668,1.22564,1.22684,1.22543,1.2269,1.22588,1.22707,1.22567,6241
2018-01-16 04:00:00,1.22564,1.22659,1.22693,1.22564,1.22588,1.22683,1.22716,1.22587,5248
2018-01-16 05:00:00,1.22659,1.22616,1.22689,1.22604,1.22683,1.22639,1.22711,1.22627,4593
2018-01-16 06:00:00,1.22616,1.2266,1.22824,1.2257,1.22639,1.22684,1.22846,1.22593,10446
2018-01-16 07:00:00,1.2266,1.22455,1.22667,1.22146,1.22684,1.22478,1.22691,1.2217,37921
2018-01-16 08:00:00,1.22455,1.22351,1.22665,1.22214,1.22478,1.22373,1.22687,1.22238,23844
2018-01-16 09:00:00,1.22351,1.2232,1.224,1.22211,1.22373,1.22344,1.22421,1.22233,17689
2018-01-16 10:00:00,1.2232,1.22119,1.22375,1.22004,1.22344,1.22142,1.22398,1.22027,23280
2018-01-16 11:00:00,1.22119,1.22143,1.22229,1.2204,1.22142,1.22166,1.22252,1.2206,10590
2018-01-16 12:00:00,1.22143,1.22312,1.22392,1.22134,1.22166,1.22336,1.22415,1.22156,12254
2018-01-16 13:00:00,1.22312,1.22135,1.22348,1.2211,1.22336,1.22157,1.2237,1.22131,13885
2018-01-16 14:00:00,1.22135,1.22078,1.22169,1.21942,1.22157,1.22101,1.22191,1.21963,22564
2018-01-16 15:00:00,1.22078,1.22283,1.22329,1.2206,1.22101,1.22307,1.22352,1.22082,19318
2018-01-16 16:00:00,1.22283,1.2243,1.22475,1.22241,1.22307,1.22453,1.22493,1.22263,16531
2018-01-16 17:00:00,1.2243,1.22425,1.22444,1.2232,1.22453,1.22449,1.22468,1.22343,11527
2018-01-16 18:00:00,1.22425,1.22661,1.22683,1.22419,1.22449,1.22685,1.22706,1.22443,11044
2018-01-16 19:00:00,1.22661,1.22707,1.22799,1.22623,1.22685,1.2273,1.22822,1.22645,14481
2018-01-16 20:00:00,1.22707,1.22654,1.22731,1.22639,1.2273,1.22678,1.22755,1.22662,9151
2018-01-16 21:00:00,1.22654,1.22585,1.22654,1.2253,1.22678,1.22611,1.22677,1.22554,4068
2018-01-16 22:00:00,1.22585,1.22549,1.22624,1.22531,1.22611,1.22574,1.22645,1.22559,1695
2018-01-16 23:00:00,1.22549,1.22695,1.22759,1.22548,1.22574,1.22719,1.22783,1.22573,5010
2018-01-17 00:00:00,1.22695,1.2302,1.23221,1.22628,1.22719,1.23044,1.23244,1.22651,22128
2018-01-17 01:00:00,1.2302,1.22896,1.23047,1.22842,1.23044,1.2292,1.2307,1.22865,17349
2018-01-17 02:00:00,1.22896,1.2267,1.22961,1.22663,1.2292,1.22694,1.22986,1.22686,12507
2018-01-17 03:00:00,1.2267,1.22665,1.22743,1.22582,1.22694,1.22688,1.22767,1.22606,10420
2018-01-17 04:00:00,1.22665,1.22485,1.22689,1.22473,1.22688,1.22509,1.22713,1.22497,10601
2018-01-17 05:00:00,1.22485,1.22432,1.2253,1.22361,1.22509,1.22456,1.22555,1.22385,11697
2018-01-17 06:00:00,1.22432,1.22192,1.225,1.2214,1.22456,1.22215,1.22525,1.22163,14872
2018-01-17 07:00:00,1.22192,1.22165,1.22342,1.22073,1.22215,1.22188,1.22364,1.22095,26085
2018-01-17 08:00:00,1.22165,1.22254,1.22431,1.22101,1.22188,1.22275,1.22453,1.22125,27524
2018-01-17 09:00:00,1.22254,1.22353,1.22425,1.22154,1.22275,1.22379,1.22448,1.22177,17630
2018-01-17 10:00:00,1.22353,1.22336,1.22488,1.22311,1.22379,1.22358,1.22511,1.22334,16251
2018-01-17 11:00:00,1.22336,1.22059,1.2236,1.22041,1.22358,1.22082,1.22383,1.22065,14802
2018-01-17 12:00:00,1.22059,1.22085,1.22131,1.22001,1.22082,1.22108,1.22155,1.22023,13490
2018-01-17 13:00:00,1.22085,1.2218,1.2222,1.21952,1.22108,1.22204,1.22244,1.21976,19516
2018-01-17 14:00:00,1.2218,1.22208,1.22287,1.22113,1.22204,1.22231,1.22309,1.22137,21720
2018-01-17 15:00:00,1.22208,1.22413,1.22447,1.22149,1.22231,1.22434,1.2247,1.22172,26492
2018-01-17 16:00:00,1.22413,1.22273,1.22439,1.22245,1.22434,1.22297,1.22461,1.22268,20160
2018-01-17 17:00:00,1.22273,1.22507,1.22522,1.22261,1.22297,1.2253,1.22545,1.22284,12086
2018-01-17 18:00:00,1.22507,1.22757,1.22869,1.22486,1.2253,1.22783,1.22892,1.2251,19684
2018-01-17 19:00:00,1.22757,1.22365,1.22758,1.22345,1.22783,1.22389,1.22783,1.22368,19313
2018-01-17 20:00:00,1.22365,1.22118,1.22373,1.22075,1.22389,1.22142,1.22394,1.22099,19617
2018-01-17 21:00:00,1.22118,1.21835,1.22166,1.2176,1.22142,1.21877,1.2219,1.21786,10686
2018-01-17 22:00:00,1.21835,1.21641,1.21907,1.21639,1.21877,1.21669,1.21938,1.21667,3420
2018-01-17 23:00:00,1.21641,1.21792,1.21869,1.21641,1.21669,1.21818,1.21892,1.21666,4837
2018-01-18 00:00:00,1.21792,1.21887,1.22032,1.21781,1.21818,1.21911,1.22056,1.21805,16978
2018-01-18 01:00:00,1.21887,1.2192,1.21959,1.21789,1.21911,1.21944,1.21984,1.21811,11419
2018-01-18 02:00:00,1.2192,1.21929,1.22001,1.21898,1.21944,1.21952,1.22026,1.2192,9324
2018-01-18 03:00:00,1.21929,1.21786,1.21939,1.21723,1.21952,1.2181,1.21963,1.21747,8377
2018-01-18 04:00:00,1.21786,1.21936,1.21958,1.21778,1.2181,1.21958,1.21982,1.21803,8403
2018-01-18 05:00:00,1.21936,1.22056,1.22077,1.2193,1.21958,1.22081,1.22101,1.21955,9796
2018-01-18 06:00:00,1.22056,1.22064,1.22088,1.2195,1.22081,1.22088,1.22111,1.21973,9032
2018-01-18 07:00:00,1.22064,1.22056,1.22112,1.21854,1.22088,1.22078,1.22134,1.21877,17399
2018-01-18 08:00:00,1.22056,1.22027,1.22166,1.22007,1.22078,1.2205,1.22189,1.22029,16957
2018-01-18 09:00:00,1.22027,1.22135,1.22169,1.21949,1.2205,1.22159,1.22192,1.21971,13457
2018-01-18 10:00:00,1.22135,1.22268,1.22285,1.22113,1.22159,1.22291,1.22308,1.22132,12651
2018-01-18 11:00:00,1.22268,1.22388,1.22459,1.22261,1.22291,1.22411,1.22483,1.22284,14531
2018-01-18 12:00:00,1.22388,1.22384,1.22515,1.22329,1.22411,1.22406,1.22539,1.22352,15552
2018-01-18 13:00:00,1.22384,1.22483,1.22491,1.2226,1.22406,1.22505,1.22512,1.22282,19103
2018-01-18 14:00:00,1.22483,1.22595,1.22638,1.22406,1.22505,1.22617,1.22661,1.22429,20351
2018-01-18 15:00:00,1.22595,1.22381,1.22595,1.22296,1.22617,1.22405,1.22617,1.22318,23967
2018-01-18 16:00:00,1.22381,1.22367,1.22529,1.22255,1.22405,1.2239,1.22554,1.22278,27533
2018-01-18 17:00:00,1.22367,1.22274,1.22547,1.22195,1.2239,1.22296,1.22568,1.22218,15516
2018-01-18 18:00:00,1.22274,1.22248,1.22348,1.22187,1.22296,1.22272,1.22371,1.2221,12750
2018-01-18 19:00:00,1.22248,1.22424,1.22438,1.22237,1.22272,1.22446,1.22461,1.22261,9480
2018-01-18 20:00:00,1.22424,1.22378,1.22463,1.22252,1.22446,1.22402,1.22485,1.22274,11205
2018-01-18 21:00:00,1.22378,1.22357,1.22421,1.22356,1.22402,1.22407,1.22445,1.22379,3269
2018-01-18 22:00:00,1.22357,1.22395,1.22429,1.22322,1.22407,1.2242,1.22468,1.22371,2953
2018-01-18 23:00:00,1.22395,1.22334,1.22451,1.22311,1.2242,1.22355,1.22475,1.22331,5010
2018-01-19 00:00:00,1.22334,1.22353,1.22526,1.22309,1.22355,1.22375,1.2255,1.22332,13198
2018-01-19 01:00:00,1.22353,1.22425,1.22444,1.22315,1.22375,1.22447,1.22469,1.22335,10990
2018-01-19 02:00:00,1.22425,1.22437,1.22549,1.2239,1.22447,1.2246,1.22573,1.22413,12041
2018-01-19 03:00:00,1.22437,1.22657,1.2269,1.22422,1.2246,1.22681,1.22714,1.22447,11446
2018-01-19 04:00:00,1.22657,1.22614,1.22658,1.22583,1.22681,1.22636,1.22682,1.22607,6063
2018-01-19 05:00:00,1.22614,1.22597,1.22627,1.22519,1.22636,1.22617,1.2265,1.22543,4941
2018-01-19 06:00:00,1.22597,1.22581,1.22673,1.22562,1.22617,1.22605,1.22696,1.22585,9898
2018-01-19 07:00:00,1.22581,1.22709,1.22781,1.22503,1.22605,1.22732,1.22805,1.22526,18995
2018-01-19 08:00:00,1.22709,1.22819,1.22839,1.2261,1.22732,1.22844,1.22861,1.22634,21966
2018-01-19 09:00:00,1.22819,1.22806,1.22944,1.22639,1.22844,1.22831,1.22967,1.22662,21378
2018-01-19 10:00:00,1.22806,1.2273,1.2283,1.22655,1.22831,1.22753,1.22853,1.22678,14702
2018-01-19 11:00:00,1.2273,1.22723,1.22763,1.22548,1.22753,1.22745,1.22784,1.22572,14068
2018-01-19 12:00:00,1.22723,1.22559,1.22723,1.22521,1.22745,1.22583,1.22744,1.22545,12438
2018-01-19 13:00:00,1.22559,1.22423,1.22682,1.22382,1.22583,1.22447,1.22706,1.22405,29824
2018-01-19 14:00:00,1.22423,1.22492,1.22514,1.22295,1.22447,1.22528,1.22542,1.22317,22690
2018-01-19 15:00:00,1.22492,1.22198,1.22562,1.22173,1.22528,1.22222,1.22586,1.22195,26266
2018-01-19 16:00:00,1.22198,1.22363,1.22382,1.22196,1.22222,1.22386,1.22405,1.22218,15613
2018-01-19 17:00:00,1.22363,1.22314,1.22422,1.22304,1.22386,1.22338,1.22444,1.22326,10053
2018-01-19 18:00:00,1.22314,1.22316,1.22317,1.22181,1.22338,1.2234,1.2234,1.22204,8316
2018-01-19 19:00:00,1.22316,1.22319,1.22375,1.22305,1.2234,1.22343,1.22398,1.22327,8151
2018-01-19 20:00:00,1.22319,1.22196,1.22334,1.2219,1.22343,1.22221,1.22357,1.22215,5875
2018-01-19 21:00:00,1.22196,1.22133,1.22325,1.22133,1.22221,1.22205,1.22352,1.2216,9682
2018-01-21 19:00:00,1.22133,1.22669,1.22689,1.22652,1.22205,1.22716,1.22735,1.22703,168
2018-01-21 20:00:00,1.22669,1.22703,1.22728,1.22623,1.22716,1.22742,1.22762,1.22667,375
2018-01-21 21:00:00,1.22703,1.22686,1.22723,1.2264,1.22742,1.22727,1.22762,1.22687,418
2018-01-21 22:00:00,1.22686,1.22573,1.22707,1.22539,1.22727,1.22604,1.22757,1.22572,2206
2018-01-21 23:00:00,1.22573,1.22549,1.22584,1.22328,1.22604,1.22573,1.22615,1.22353,7564
2018-01-22 00:00:00,1.22549,1.2243,1.22563,1.22403,1.22573,1.22454,1.22587,1.22427,10736
2018-01-22 01:00:00,1.2243,1.22276,1.22435,1.2224,1.22454,1.22299,1.22458,1.22263,13661
2018-01-22 02:00:00,1.22276,1.22356,1.22365,1.22254,1.22299,1.22377,1.2239,1.22277,8845
2018-01-22 03:00:00,1.22356,1.22277,1.22366,1.22236,1.22377,1.22301,1.22389,1.2226,6031
2018-01-22 04:00:00,1.22277,1.22229,1.22289,1.22151,1.22301,1.22251,1.22312,1.22176,7519
2018-01-22 05:00:00,1.22229,1.22302,1.22321,1.22161,1.22251,1.22325,1.22345,1.22184,7157
2018-01-22 06:00:00,1.22302,1.2215,1.22328,1.22127,1.22325,1.22175,1.22351,1.22152,9969
2018-01-22 07:00:00,1.2215,1.22362,1.22417,1.22146,1.22175,1.22385,1.2244,1.2217,15657
2018-01-22 08:00:00,1.22362,1.22406,1.2249,1.2234,1.22385,1.22429,1.22514,1.22363,14460
2018-01-22 09:00:00,1.22406,1.22485,1.22548,1.22406,1.22429,1.2251,1.22571,1.22429,10625
2018-01-22 10:00:00,1.22485,1.22611,1.2266,1.22464,1.2251,1.22632,1.22684,1.22489,12898
2018-01-22 11:00:00,1.22611,1.2254,1.2262,1.22503,1.22632,1.22564,1.22645,1.22527,8612
2018-01-22 12:00:00,1.2254,1.22403,1.22555,1.22379,1.22564,1.22426,1.22577,1.22402,9640
2018-01-22 13:00:00,1.22403,1.22483,1.22506,1.22324,1.22426,1.22507,1.22529,1.22347,11181
2018-01-22 14:00:00,1.22483,1.2239,1.22578,1.22373,1.22507,1.22413,1.22601,1.22396,14087
2018-01-22 15:00:00,1.2239,1.22525,1.22594,1.22373,1.22413,1.22547,1.22617,1.22395,15310
2018-01-22 16:00:00,1.22525,1.22273,1.22537,1.22271,1.22547,1.22294,1.2256,1.22293,16328
2018-01-22 17:00:00,1.22273,1.22423,1.22436,1.2223,1.22294,1.22447,1.2246,1.22252,15664
2018-01-22 18:00:00,1.22423,1.22482,1.22497,1.22381,1.22447,1.22506,1.2252,1.22404,7751
2018-01-22 19:00:00,1.22482,1.22573,1.22601,1.22463,1.22506,1.22597,1.22625,1.22487,7356
2018-01-22 20:00:00,1.22573,1.22573,1.22593,1.22533,1.22597,1.22597,1.22616,1.22557,6345
2018-01-22 21:00:00,1.22573,1.22607,1.22617,1.22555,1.22597,1.22633,1.22641,1.22579,3227
2018-01-22 22:00:00,1.22607,1.22592,1.22631,1.22556,1.22633,1.22621,1.2266,1.22592,2929
2018-01-22 23:00:00,1.22592,1.22553,1.22592,1.2254,1.22621,1.22576,1.22619,1.22564,3683
2018-01-23 00:00:00,1.22553,1.22662,1.22718,1.22548,1.22576,1.22687,1.22741,1.22571,7018
2018-01-23 01:00:00,1.22662,1.22651,1.22743,1.22612,1.22687,1.22676,1.22766,1.22636,7804
2018-01-23 02:00:00,1.22651,1.22604,1.22661,1.22498,1.22676,1.22627,1.22685,1.22522,7236
2018-01-23 03:00:00,1.22604,1.22565,1.22749,1.22536,1.22627,1.22589,1.22775,1.22561,15863
2018-01-23 04:00:00,1.22565,1.22585,1.22642,1.22539,1.22589,1.22608,1.22666,1.22564,6243
2018-01-23 05:00:00,1.22585,1.22567,1.22599,1.22505,1.22608,1.22593,1.22622,1.22529,6219
2018-01-23 06:00:00,1.22567,1.22468,1.22699,1.22432,1.22593,1.22493,1.22723,1.22454,14276
2018-01-23 07:00:00,1.22468,1.22502,1.22554,1.22373,1.22493,1.22526,1.22577,1.22396,18412
2018-01-23 08:00:00,1.22502,1.22375,1.22518,1.22219,1.22526,1.22399,1.22541,1.22242,23843
2018-01-23 09:00:00,1.22375,1.22366,1.22445,1.223,1.22399,1.22391,1.22469,1.22324,13634
2018-01-23 10:00:00,1.22366,1.22456,1.22534,1.22365,1.22391,1.22479,1.22556,1.2239,14041
2018-01-23 11:00:00,1.22456,1.22355,1.22566,1.22355,1.22479,1.22376,1.22589,1.22375,15884
2018-01-23 12:00:00,1.22355,1.22482,1.22527,1.22329,1.22376,1.22505,1.2255,1.2235,15293
2018-01-23 13:00:00,1.22482,1.22575,1.22637,1.22443,1.22505,1.22598,1.2266,1.22466,15684
2018-01-23 14:00:00,1.22575,1.22774,1.22822,1.22501,1.22598,1.22797,1.22844,1.22523,21781
2018-01-23 15:00:00,1.22774,1.2292,1.23052,1.22758,1.22797,1.22944,1.23074,1.22782,29796
2018-01-23 16:00:00,1.2292,1.22751,1.22935,1.22696,1.22944,1.22773,1.22959,1.22719,20237
2018-01-23 17:00:00,1.22751,1.22782,1.2289,1.2274,1.22773,1.22806,1.22914,1.22763,10688
2018-01-23 18:00:00,1.22782,1.22796,1.22882,1.22746,1.22806,1.22818,1.22905,1.2277,9659
2018-01-23 19:00:00,1.22796,1.2294,1.22944,1.2279,1.22818,1.22965,1.22968,1.22813,8982
2018-01-23 20:00:00,1.2294,1.22926,1.22959,1.22873,1.22965,1.2295,1.22982,1.22897,5901
2018-01-23 21:00:00,1.22926,1.22972,1.22986,1.22919,1.2295,1.22998,1.23009,1.22942,3641
2018-01-23 22:00:00,1.22972,1.22961,1.22984,1.22951,1.22998,1.22986,1.23009,1.22974,1326
2018-01-23 23:00:00,1.22961,1.23079,1.23147,1.22926,1.22986,1.23101,1.23166,1.2295,6660
2018-01-24 00:00:00,1.23079,1.22989,1.23115,1.22901,1.23101,1.23012,1.2314,1.22925,9339
2018-01-24 01:00:00,1.22989,1.23058,1.23108,1.22919,1.23012,1.23082,1.23131,1.22944,10091
2018-01-24 02:00:00,1.23058,1.23085,1.23172,1.23004,1.23082,1.23108,1.23196,1.23027,16113
2018-01-24 03:00:00,1.23085,1.23135,1.23154,1.22999,1.23108,1.23159,1.23178,1.23021,8477
2018-01-24 04:00:00,1.23135,1.23206,1.23342,1.23134,1.23159,1.23229,1.23366,1.23159,12450
2018-01-24 05:00:00,1.23206,1.23235,1.23242,1.23126,1.23229,1.23258,1.23265,1.2315,6905
2018-01-24 06:00:00,1.23235,1.23081,1.23281,1.23054,1.23258,1.23105,1.23304,1.23077,14461
2018-01-24 07:00:00,1.23081,1.23109,1.23188,1.23017,1.23105,1.23132,1.2321,1.2304,17789
2018-01-24 08:00:00,1.23109,1.2339,1.23436,1.23103,1.23132,1.23415,1.23459,1.23127,30009
2018-01-24 09:00:00,1.2339,1.2336,1.23551,1.23356,1.23415,1.23383,1.23572,1.2338,27101
2018-01-24 10:00:00,1.2336,1.2336,1.2347,1.23328,1.23383,1.23382,1.23494,1.2335,18233
2018-01-24 11:00:00,1.2336,1.23391,1.2348,1.23284,1.23382,1.23414,1.23504,1.23307,18781
2018-01-24 12:00:00,1.23391,1.23374,1.23447,1.23295,1.23414,1.23397,1.23471,1.23319,17563
2018-01-24 13:00:00,1.23374,1.23647,1.23669,1.23371,1.23397,1.2367,1.23691,1.23394,33969
2018-01-24 14:00:00,1.23647,1.23913,1.23954,1.23621,1.2367,1.23937,1.23977,1.23643,28807
2018-01-24 15:00:00,1.23913,1.23797,1.24013,1.2379,1.23937,1.23819,1.24035,1.23813,27314
2018-01-24 16:00:00,1.23797,1.23888,1.23962,1.23757,1.23819,1.23911,1.23984,1.23779,22293
2018-01-24 17:00:00,1.23888,1.23903,1.23953,1.23816,1.23911,1.23927,1.23975,1.23837,12425
2018-01-24 18:00:00,1.23903,1.24112,1.24137,1.2389,1.23927,1.24134,1.24161,1.23912,17017
2018-01-24 19:00:00,1.24112,1.24034,1.24138,1.23965,1.24134,1.24056,1.24162,1.23987,10990
2018-01-24 20:00:00,1.24034,1.23979,1.24049,1.23935,1.24056,1.24002,1.24073,1.23958,9378
2018-01-24 21:00:00,1.23979,1.24059,1.24092,1.23966,1.24002,1.24101,1.24113,1.23989,6178
2018-01-24 22:00:00,1.24059,1.24031,1.24084,1.23993,1.24101,1.24058,1.24124,1.24021,3399
2018-01-24 23:00:00,1.24031,1.23916,1.24033,1.23892,1.24058,1.23939,1.24061,1.23916,4214
2018-01-25 00:00:00,1.23916,1.23973,1.23989,1.23835,1.23939,1.23998,1.24013,1.23858,12357
2018-01-25 01:00:00,1.23973,1.24088,1.24095,1.23886,1.23998,1.24112,1.2412,1.23909,10857
2018-01-25 02:00:00,1.24088,1.24216,1.24268,1.24045,1.24112,1.24239,1.24291,1.24068,16700
2018-01-25 03:00:00,1.24216,1.24304,1.24392,1.24189,1.24239,1.24327,1.24412,1.24212,18268
2018-01-25 04:00:00,1.24304,1.24348,1.24378,1.2425,1.24327,1.24372,1.244,1.24273,10128
2018-01-25 05:00:00,1.24348,1.2447,1.24475,1.2425,1.24372,1.24493,1.24499,1.24274,10090
2018-01-25 06:00:00,1.2447,1.24345,1.24584,1.24219,1.24493,1.24369,1.24607,1.24241,24341
2018-01-25 07:00:00,1.24345,1.24177,1.2441,1.24078,1.24369,1.24202,1.24432,1.24099,48188
2018-01-25 08:00:00,1.24177,1.23954,1.24186,1.23879,1.24202,1.23979,1.2421,1.23901,34454
2018-01-25 09:00:00,1.23954,1.24307,1.24322,1.23953,1.23979,1.24331,1.24346,1.23978,20918
2018-01-25 10:00:00,1.24307,1.24122,1.2431,1.24069,1.24331,1.24144,1.24334,1.24091,18574
2018-01-25 11:00:00,1.24122,1.24021,1.24201,1.23974,1.24144,1.24046,1.24224,1.23998,13781
2018-01-25 12:00:00,1.24021,1.24036,1.2414,1.23961,1.24046,1.2406,1.2418,1.23986,18572
2018-01-25 13:00:00,1.24036,1.24956,1.24975,1.24009,1.2406,1.2498,1.24995,1.24037,77738
2018-01-25 14:00:00,1.24956,1.24892,1.25369,1.2461,1.2498,1.24917,1.25392,1.24634,78478
2018-01-25 15:00:00,1.24892,1.25029,1.25292,1.2483,1.24917,1.25053,1.25315,1.24853,45684
2018-01-25 16:00:00,1.25029,1.24861,1.25056,1.24827,1.25053,1.24885,1.25079,1.24848,25260
2018-01-25 17:00:00,1.24861,1.24911,1.24912,1.24762,1.24885,1.24936,1.24936,1.24784,16330
2018-01-25 18:00:00,1.24911,1.24832,1.25053,1.24724,1.24936,1.24856,1.25076,1.24747,22392
2018-01-25 19:00:00,1.24832,1.23889,1.24863,1.23628,1.24856,1.23914,1.24887,1.23653,93735
2018-01-25 20:00:00,1.23889,1.24051,1.24301,1.23869,1.23914,1.24076,1.24325,1.23894,37584
2018-01-25 21:00:00,1.24051,1.2392,1.24216,1.23866,1.24076,1.23992,1.2424,1.2389,9345
2018-01-25 22:00:00,1.2392,1.23715,1.23973,1.23687,1.23992,1.23746,1.24027,1.23713,1630
2018-01-25 23:00:00,1.23715,1.23904,1.23944,1.23718,1.23746,1.23924,1.23968,1.23746,7742
2018-01-26 00:00:00,1.23904,1.24046,1.24095,1.23852,1.23924,1.24071,1.24118,1.23876,14522
2018-01-26 01:00:00,1.24046,1.24284,1.24322,1.24022,1.24071,1.24307,1.24345,1.24046,19050
2018-01-26 02:00:00,1.24284,1.24259,1.24285,1.24108,1.24307,1.24282,1.24309,1.24132,18353
2018-01-26 03:00:00,1.24259,1.24283,1.24308,1.24214,1.24282,1.24307,1.24332,1.24238,10249
2018-01-26 04:00:00,1.24283,1.24203,1.24305,1.24193,1.24307,1.24227,1.24328,1.24217,6385
2018-01-26 05:00:00,1.24203,1.24298,1.2431,1.24116,1.24227,1.24322,1.24336,1.24141,7691
2018-01-26 06:00:00,1.24298,1.24494,1.24512,1.24268,1.24322,1.24518,1.24536,1.24292,16560
2018-01-26 07:00:00,1.24494,1.24736,1.24926,1.24464,1.24518,1.24759,1.2495,1.24488,35950
2018-01-26 08:00:00,1.24736,1.24659,1.24899,1.2451,1.24759,1.24683,1.24923,1.24533,32540
2018-01-26 09:00:00,1.24659,1.24545,1.24664,1.24509,1.24683,1.24569,1.24688,1.24531,24232
2018-01-26 10:00:00,1.24545,1.24577,1.24658,1.24412,1.24569,1.24599,1.24679,1.24435,19739
2018-01-26 11:00:00,1.24577,1.24376,1.24637,1.24287,1.24599,1.24396,1.24662,1.24309,21448
2018-01-26 12:00:00,1.24376,1.24395,1.24491,1.2433,1.24396,1.24418,1.24514,1.24353,20086
2018-01-26 13:00:00,1.24395,1.24278,1.24564,1.24196,1.24418,1.24301,1.24594,1.24219,35433
2018-01-26 14:00:00,1.24278,1.24403,1.24467,1.24117,1.24301,1.24426,1.24489,1.24139,44067
2018-01-26 15:00:00,1.24403,1.24318,1.24444,1.2414,1.24426,1.24339,1.24465,1.24162,32480
2018-01-26 16:00:00,1.24318,1.24203,1.24362,1.2406,1.24339,1.24225,1.24386,1.24083,27948
2018-01-26 17:00:00,1.24203,1.2438,1.2441,1.24148,1.24225,1.24403,1.24434,1.24171,18693
2018-01-26 18:00:00,1.2438,1.24432,1.24491,1.2432,1.24403,1.24457,1.24514,1.24342,12977
2018-01-26 19:00:00,1.24432,1.24198,1.24467,1.24167,1.24457,1.24222,1.24491,1.24191,25752
2018-01-26 20:00:00,1.24198,1.24188,1.24222,1.24049,1.24222,1.24213,1.24246,1.24072,10037
2018-01-26 21:00:00,1.24188,1.24277,1.24311,1.24165,1.24213,1.24339,1.24342,1.2419,5507
2018-01-28 20:00:00,1.24277,1.24196,1.24338,1.24192,1.24339,1.24271,1.24401,1.24269,81
2018-01-28 21:00:00,1.24196,1.24228,1.24281,1.2419,1.24271,1.24304,1.24332,1.24252,49
2018-01-28 22:00:00,1.24228,1.24145,1.24248,1.24118,1.24304,1.24177,1.24298,1.24148,1641
2018-01-28 23:00:00,1.24145,1.243,1.24302,1.24147,1.24177,1.24325,1.24326,1.24175,5054
2018-01-29 00:00:00,1.243,1.24203,1.24312,1.24194,1.24325,1.24227,1.24335,1.24217,12266
2018-01-29 01:00:00,1.24203,1.23963,1.2421,1.23946,1.24227,1.23986,1.24235,1.23969,18279
2018-01-29 02:00:00,1.23963,1.23989,1.24005,1.2384,1.23986,1.24012,1.24029,1.23863,14462
2018-01-29 03:00:00,1.23989,1.2414,1.24187,1.23965,1.24012,1.24164,1.24211,1.23989,13181
2018-01-29 04:00:00,1.2414,1.24118,1.24209,1.24102,1.24164,1.24142,1.24232,1.24125,6102
2018-01-29 05:00:00,1.24118,1.24126,1.24178,1.24043,1.24142,1.2415,1.24201,1.24067,10001
2018-01-29 06:00:00,1.24126,1.24145,1.24257,1.24034,1.2415,1.24169,1.2428,1.24057,14162
2018-01-29 07:00:00,1.24145,1.2401,1.24279,1.23934,1.24169,1.24034,1.24301,1.23953,23460
2018-01-29 08:00:00,1.2401,1.24062,1.24083,1.23874,1.24034,1.24086,1.24106,1.23896,23947
2018-01-29 09:00:00,1.24062,1.2411,1.24152,1.23932,1.24086,1.24132,1.24177,1.23955,20111
2018-01-29 10:00:00,1.2411,1.24025,1.2427,1.24025,1.24132,1.24047,1.24292,1.24047,18473
2018-01-29 11:00:00,1.24025,1.2392,1.24035,1.23899,1.24047,1.23944,1.24059,1.23921,13562
2018-01-29 12:00:00,1.2392,1.23836,1.24031,1.23759,1.23944,1.23857,1.24052,1.23782,18929
2018-01-29 13:00:00,1.23836,1.23635,1.23883,1.2358,1.23857,1.23658,1.23905,1.23603,22172
2018-01-29 14:00:00,1.23635,1.23508,1.23701,1.23441,1.23658,1.2353,1.23725,1.23464,22761
2018-01-29 15:00:00,1.23508,1.23554,1.23731,1.23486,1.2353,1.23576,1.23754,1.23508,22657
2018-01-29 16:00:00,1.23554,1.2351,1.23665,1.23356,1.23576,1.23534,1.23688,1.23379,34758
2018-01-29 17:00:00,1.2351,1.23706,1.23719,1.23439,1.23534,1.23727,1.23742,1.23462,17063
2018-01-29 18:00:00,1.23706,1.23766,1.23791,1.2368,1.23727,1.2379,1.23815,1.23704,11509
2018-01-29 19:00:00,1.23766,1.23875,1.23891,1.23724,1.2379,1.23899,1.23913,1.23745,11190
2018-01-29 20:00:00,1.23875,1.23815,1.23886,1.23799,1.23899,1.23838,1.23909,1.23823,8290
2018-01-29 21:00:00,1.23815,1.23804,1.23821,1.2377,1.23838,1.23846,1.23852,1.23794,2938
2018-01-29 22:00:00,1.23804,1.23813,1.23842,1.23766,1.23846,1.2384,1.23869,1.23793,2130
2018-01-29 23:00:00,1.23813,1.23798,1.2385,1.23772,1.2384,1.23821,1.23876,1.23796,3558
2018-01-30 00:00:00,1.23798,1.2375,1.23851,1.23672,1.23821,1.23775,1.23874,1.23695,10582
2018-01-30 01:00:00,1.2375,1.23835,1.23871,1.2372,1.23775,1.23858,1.23895,1.23743,10641
2018-01-30 02:00:00,1.23835,1.23681,1.23841,1.23591,1.23858,1.23706,1.23865,1.23615,15482
2018-01-30 03:00:00,1.23681,1.23776,1.23822,1.23655,1.23706,1.23798,1.23845,1.23679,11689
2018-01-30 04:00:00,1.23776,1.23705,1.23854,1.23697,1.23798,1.23727,1.23878,1.2372,12969
2018-01-30 05:00:00,1.23705,1.23628,1.23752,1.2359,1.23727,1.23651,1.23775,1.23615,8763
2018-01-30 06:00:00,1.23628,1.23469,1.23646,1.23457,1.23651,1.23494,1.2367,1.23479,11885
2018-01-30 07:00:00,1.23469,1.23549,1.23694,1.23468,1.23494,1.23571,1.23716,1.23492,16930
2018-01-30 08:00:00,1.23549,1.23811,1.23837,1.23338,1.23571,1.23835,1.23861,1.23358,26060
2018-01-30 09:00:00,1.23811,1.23967,1.24066,1.23764,1.23835,1.23995,1.2409,1.23787,29189
2018-01-30 10:00:00,1.23967,1.24116,1.2423,1.23935,1.23995,1.2414,1.24254,1.23957,25549
2018-01-30 11:00:00,1.24116,1.24385,1.24401,1.24074,1.2414,1.2441,1.24424,1.24096,20521
2018-01-30 12:00:00,1.24385,1.24255,1.24385,1.24167,1.2441,1.24278,1.24408,1.2419,17687
2018-01-30 13:00:00,1.24255,1.24439,1.24472,1.24025,1.24278,1.24462,1.24493,1.24047,22878
2018-01-30 14:00:00,1.24439,1.24404,1.2453,1.243,1.24462,1.24424,1.24552,1.24322,27422
2018-01-30 15:00:00,1.24404,1.24093,1.24418,1.2402,1.24424,1.24116,1.2444,1.24043,27724
2018-01-30 16:00:00,1.24093,1.23895,1.24196,1.23828,1.24116,1.23918,1.2422,1.23851,25000
2018-01-30 17:00:00,1.23895,1.24042,1.24068,1.23846,1.23918,1.24065,1.24091,1.2387,13100
2018-01-30 18:00:00,1.24042,1.23946,1.24058,1.2383,1.24065,1.23969,1.24081,1.23853,12556
2018-01-30 19:00:00,1.23946,1.24042,1.24045,1.2388,1.23969,1.24064,1.24067,1.23903,11018
2018-01-30 20:00:00,1.24042,1.23931,1.2405,1.23928,1.24064,1.23954,1.24071,1.2395,5928
2018-01-30 21:00:00,1.23931,1.24012,1.24021,1.23927,1.23954,1.24038,1.24045,1.2395,2608
2018-01-30 22:00:00,1.24012,1.24039,1.24041,1.23991,1.24038,1.24065,1.24086,1.2403,2519
2018-01-30 23:00:00,1.24039,1.24073,1.24122,1.23955,1.24065,1.24097,1.24147,1.23976,4956
2018-01-31 00:00:00,1.24073,1.24166,1.24234,1.24053,1.24097,1.2419,1.2426,1.24076,13930
2018-01-31 01:00:00,1.24166,1.24138,1.24198,1.24011,1.2419,1.2416,1.2422,1.24032,15421
2018-01-31 02:00:00,1.24138,1.24133,1.24139,1.23979,1.2416,1.24154,1.24162,1.24003,14560
2018-01-31 03:00:00,1.24133,1.24227,1.24328,1.24127,1.24154,1.24252,1.2435,1.24149,18510
2018-01-31 04:00:00,1.24227,1.24183,1.24264,1.24141,1.24252,1.24207,1.24287,1.24165,11337
2018-01-31 05:00:00,1.24183,1.24359,1.24365,1.24161,1.24207,1.2438,1.24388,1.24186,9734
2018-01-31 06:00:00,1.24359,1.24481,1.24494,1.24322,1.2438,1.24506,1.24516,1.24347,14205
2018-01-31 07:00:00,1.24481,1.24433,1.24615,1.24335,1.24506,1.24456,1.24638,1.24358,27420
2018-01-31 08:00:00,1.24433,1.24364,1.24498,1.24241,1.24456,1.24387,1.24522,1.24263,23777
2018-01-31 09:00:00,1.24364,1.24505,1.24552,1.24319,1.24387,1.2453,1.24575,1.24343,23780
2018-01-31 10:00:00,1.24505,1.24428,1.24591,1.24384,1.2453,1.24452,1.24612,1.24407,20305
2018-01-31 11:00:00,1.24428,1.24535,1.24551,1.244,1.24452,1.24558,1.24574,1.24425,13272
2018-01-31 12:00:00,1.24535,1.24584,1.24595,1.24449,1.24558,1.24608,1.24616,1.24472,13574
2018-01-31 13:00:00,1.24584,1.24637,1.24721,1.24468,1.24608,1.2466,1.24743,1.24494,23953
2018-01-31 14:00:00,1.24637,1.2458,1.2465,1.24441,1.2466,1.246,1.24674,1.24462,20250
2018-01-31 15:00:00,1.2458,1.24552,1.24738,1.24516,1.246,1.24577,1.24761,1.24537,28291
2018-01-31 16:00:00,1.24552,1.24262,1.24623,1.24228,1.24577,1.24285,1.24646,1.24251,31026
2018-01-31 17:00:00,1.24262,1.24138,1.2436,1.24054,1.24285,1.24161,1.24383,1.24078,18219
2018-01-31 18:00:00,1.24138,1.24177,1.24221,1.24075,1.24161,1.24237,1.24257,1.241,14218
2018-01-31 19:00:00,1.24177,1.24104,1.24371,1.23857,1.24237,1.24126,1.24396,1.23879,57940
2018-01-31 20:00:00,1.24104,1.24141,1.24225,1.2401,1.24126,1.24165,1.24248,1.24034,21498
2018-01-31 21:00:00,1.24141,1.24122,1.24167,1.24086,1.24165,1.24148,1.2419,1.2411,4017
2018-01-31 22:00:00,1.24122,1.24112,1.24131,1.24036,1.24148,1.24138,1.2416,1.24079,5710
2018-01-31 23:00:00,1.24112,1.24158,1.24214,1.24111,1.24138,1.24181,1.24237,1.24133,3303
2018-02-01 00:00:00,1.24158,1.24195,1.24277,1.24156,1.24181,1.2422,1.243,1.24179,7070
2018-02-01 01:00:00,1.24195,1.24175,1.24253,1.24045,1.2422,1.24198,1.24274,1.24068,10668
2018-02-01 02:00:00,1.24175,1.24167,1.24266,1.24141,1.24198,1.2419,1.24289,1.24164,7270
2018-02-01 03:00:00,1.24167,1.24238,1.24252,1.24132,1.2419,1.24261,1.24274,1.24155,5500
2018-02-01 04:00:00,1.24238,1.24206,1.24272,1.24157,1.24261,1.2423,1.24295,1.2418,4419
2018-02-01 05:00:00,1.24206,1.24199,1.24269,1.24178,1.2423,1.24221,1.24292,1.24198,4575
2018-02-01 06:00:00,1.24199,1.23931,1.24211,1.23922,1.24221,1.23954,1.24235,1.23946,13350
2018-02-01 07:00:00,1.23931,1.24016,1.24032,1.23842,1.23954,1.2404,1.24055,1.23863,22220
2018-02-01 08:00:00,1.24016,1.24272,1.24381,1.24006,1.2404,1.24296,1.24402,1.24029,24791
2018-02-01 09:00:00,1.24272,1.24451,1.24488,1.24266,1.24296,1.24474,1.2451,1.24289,19639
2018-02-01 10:00:00,1.24451,1.24289,1.24499,1.24278,1.24474,1.24312,1.24522,1.24301,14722
2018-02-01 11:00:00,1.24289,1.24367,1.24371,1.24236,1.24312,1.24389,1.24394,1.24257,14883
2018-02-01 12:00:00,1.24367,1.24529,1.24588,1.24311,1.24389,1.24553,1.2461,1.24334,19660
2018-02-01 13:00:00,1.24529,1.24481,1.24612,1.24433,1.24553,1.24504,1.24635,1.24456,22232
2018-02-01 14:00:00,1.24481,1.24409,1.24526,1.24359,1.24504,1.24433,1.24549,1.24382,20214
2018-02-01 15:00:00,1.24409,1.24681,1.24734,1.24305,1.24433,1.24705,1.24755,1.24328,30504
2018-02-01 16:00:00,1.24681,1.248,1.24876,1.2461,1.24705,1.24824,1.24899,1.24632,26517
2018-02-01 17:00:00,1.248,1.24772,1.24972,1.24739,1.24824,1.24795,1.24995,1.24757,18514
2018-02-01 18:00:00,1.24772,1.24926,1.24942,1.24764,1.24795,1.24949,1.24964,1.24787,11692
2018-02-01 19:00:00,1.24926,1.25016,1.25054,1.24825,1.24949,1.25039,1.25076,1.24849,15441
2018-02-01 20:00:00,1.25016,1.25137,1.25219,1.25002,1.25039,1.25159,1.2524,1.25025,20780
2018-02-01 21:00:00,1.25137,1.25071,1.25172,1.25036,1.25159,1.25137,1.25196,1.2506,7136
2018-02-01 22:00:00,1.25071,1.25031,1.25127,1.25013,1.25137,1.25068,1.25171,1.25037,4048
2018-02-01 23:00:00,1.25031,1.25095,1.25144,1.25034,1.25068,1.2512,1.25168,1.25066,4361
2018-02-02 00:00:00,1.25095,1.2506,1.25113,1.24965,1.2512,1.25084,1.25136,1.24989,7027
2018-02-02 01:00:00,1.2506,1.24981,1.2514,1.24909,1.25084,1.25003,1.25163,1.24932,17846
2018-02-02 02:00:00,1.24981,1.24932,1.25031,1.24877,1.25003,1.24955,1.25053,1.24899,11220
2018-02-02 03:00:00,1.24932,1.2499,1.24994,1.24915,1.24955,1.25013,1.25017,1.24938,6410
2018-02-02 04:00:00,1.2499,1.2492,1.24995,1.2491,1.25013,1.24942,1.25019,1.24933,4527
2018-02-02 05:00:00,1.2492,1.24946,1.24971,1.24897,1.24942,1.2497,1.24994,1.24919,4824
2018-02-02 06:00:00,1.24946,1.2494,1.24972,1.24857,1.2497,1.24963,1.24993,1.24879,10496
2018-02-02 07:00:00,1.2494,1.25087,1.25133,1.2493,1.24963,1.25109,1.25154,1.24952,15043
2018-02-02 08:00:00,1.25087,1.24926,1.25171,1.24843,1.25109,1.24948,1.25193,1.24865,22915
2018-02-02 09:00:00,1.24926,1.24857,1.24942,1.24793,1.24948,1.2488,1.24962,1.24815,16246
2018-02-02 10:00:00,1.24857,1.24887,1.24901,1.24745,1.2488,1.24909,1.24925,1.24768,12963
2018-02-02 11:00:00,1.24887,1.24894,1.2498,1.24843,1.24909,1.24917,1.25002,1.24866,12156
2018-02-02 12:00:00,1.24894,1.24892,1.24923,1.24842,1.24917,1.24916,1.24946,1.24865,10980
2018-02-02 13:00:00,1.24892,1.2444,1.24957,1.2437,1.24916,1.24461,1.25001,1.24393,46721
2018-02-02 14:00:00,1.2444,1.2427,1.24591,1.24263,1.24461,1.24294,1.24614,1.24284,34983
2018-02-02 15:00:00,1.2427,1.24345,1.24369,1.24081,1.24294,1.24368,1.2439,1.24101,34279
2018-02-02 16:00:00,1.24345,1.2444,1.24535,1.24346,1.24368,1.24463,1.24559,1.24368,27327
2018-02-02 17:00:00,1.2444,1.24682,1.2477,1.24441,1.24463,1.24705,1.2479,1.24463,23494
2018-02-02 18:00:00,1.24682,1.24683,1.24896,1.24662,1.24705,1.24707,1.24919,1.24686,20248
2018-02-02 19:00:00,1.24683,1.24498,1.24707,1.24474,1.24707,1.24521,1.24731,1.24497,21053
2018-02-02 20:00:00,1.24498,1.24605,1.24637,1.24482,1.24521,1.24628,1.24658,1.24503,17233
2018-02-02 21:00:00,1.24605,1.24542,1.24616,1.24507,1.24628,1.24604,1.24638,1.24535,7031
2018-02-04 19:00:00,1.24542,1.24355,1.24362,1.24353,1.24604,1.24417,1.24422,1.24414,23
2018-02-04 20:00:00,1.24355,1.24313,1.24357,1.24313,1.24417,1.24365,1.24417,1.24353,75
2018-02-04 21:00:00,1.24313,1.2434,1.24342,1.24248,1.24365,1.24372,1.24376,1.24283,407
2018-02-04 22:00:00,1.2434,1.24297,1.24436,1.2427,1.24372,1.24335,1.24467,1.24312,3387
2018-02-04 23:00:00,1.24297,1.24452,1.24538,1.24232,1.24335,1.24476,1.24562,1.24258,11683
2018-02-05 00:00:00,1.24452,1.24571,1.24573,1.2439,1.24476,1.24591,1.24595,1.24414,12075
2018-02-05 01:00:00,1.24571,1.24534,1.24574,1.24432,1.24591,1.24555,1.24597,1.24456,8970
2018-02-05 02:00:00,1.24534,1.24599,1.24615,1.24427,1.24555,1.24624,1.24638,1.24452,9599
2018-02-05 03:00:00,1.24599,1.24538,1.24654,1.24529,1.24624,1.2456,1.24678,1.24552,7093
2018-02-05 04:00:00,1.24538,1.2458,1.246,1.24523,1.2456,1.24604,1.24624,1.24546,5154
2018-02-05 05:00:00,1.2458,1.24593,1.24628,1.24519,1.24604,1.24618,1.24653,1.24543,5573
2018-02-05 06:00:00,1.24593,1.24518,1.24615,1.24459,1.24618,1.24541,1.24638,1.24481,7871
2018-02-05 07:00:00,1.24518,1.24387,1.24616,1.24381,1.24541,1.24409,1.24638,1.24405,15541
2018-02-05 08:00:00,1.24387,1.24612,1.24671,1.24381,1.24409,1.24637,1.24692,1.24404,21340
2018-02-05 09:00:00,1.24612,1.24596,1.24739,1.24542,1.24637,1.24621,1.2476,1.24563,14445
2018-02-05 10:00:00,1.24596,1.24612,1.2471,1.24574,1.24621,1.24634,1.24731,1.24597,9679
2018-02-05 11:00:00,1.24612,1.24467,1.24621,1.24454,1.24634,1.24489,1.24644,1.24476,14409
2018-02-05 12:00:00,1.24467,1.24396,1.24494,1.24383,1.24489,1.24418,1.24515,1.24407,15448
2018-02-05 13:00:00,1.24396,1.24365,1.24478,1.2435,1.24418,1.24387,1.245,1.24372,17386
2018-02-05 14:00:00,1.24365,1.24062,1.24369,1.23986,1.24387,1.24091,1.24391,1.24008,26706
2018-02-05 15:00:00,1.24062,1.24189,1.24286,1.23981,1.24091,1.24213,1.24308,1.24,27922
2018-02-05 16:00:00,1.24189,1.24153,1.2427,1.24028,1.24213,1.24177,1.2429,1.24051,22478
2018-02-05 17:00:00,1.24153,1.24276,1.24294,1.24047,1.24177,1.24299,1.24314,1.24071,13101
2018-02-05 18:00:00,1.24276,1.24199,1.24277,1.24104,1.24299,1.24223,1.243,1.24126,16023
2018-02-05 19:00:00,1.24199,1.23975,1.24205,1.23929,1.24223,1.23999,1.24227,1.23952,15477
2018-02-05 20:00:00,1.23975,1.23869,1.24208,1.23868,1.23999,1.23894,1.24232,1.23891,71431
2018-02-05 21:00:00,1.23869,1.23657,1.23942,1.23614,1.23894,1.23689,1.23962,1.23639,24831
2018-02-05 22:00:00,1.23657,1.23737,1.23846,1.23647,1.23689,1.23769,1.23892,1.23685,3854
2018-02-05 23:00:00,1.23737,1.23659,1.23825,1.23641,1.23769,1.23684,1.2385,1.23665,7723
2018-02-06 00:00:00,1.23659,1.23822,1.23859,1.23629,1.23684,1.23843,1.23877,1.23651,21603
2018-02-06 01:00:00,1.23822,1.23747,1.23872,1.23679,1.23843,1.2377,1.23897,1.23702,25777
2018-02-06 02:00:00,1.23747,1.23701,1.23771,1.23538,1.2377,1.23725,1.23794,1.2356,31690
2018-02-06 03:00:00,1.23701,1.23661,1.23779,1.23621,1.23725,1.23684,1.23802,1.23644,17886
2018-02-06 04:00:00,1.23661,1.23551,1.23751,1.23499,1.23684,1.23575,1.23774,1.23522,16490
2018-02-06 05:00:00,1.23551,1.23747,1.23752,1.23549,1.23575,1.2377,1.23774,1.23573,17630
2018-02-06 06:00:00,1.23747,1.23805,1.23889,1.23699,1.2377,1.23829,1.23912,1.23723,17259
2018-02-06 07:00:00,1.23805,1.23949,1.24037,1.23745,1.23829,1.23973,1.24058,1.23767,30746
2018-02-06 08:00:00,1.23949,1.24166,1.24336,1.2391,1.23973,1.24188,1.24358,1.23933,33749
2018-02-06 09:00:00,1.24166,1.24017,1.24197,1.23893,1.24188,1.24041,1.24219,1.23916,21947
2018-02-06 10:00:00,1.24017,1.24077,1.24161,1.23946,1.24041,1.24101,1.24184,1.23969,18752
2018-02-06 11:00:00,1.24077,1.23715,1.24106,1.237,1.24101,1.23738,1.24127,1.23722,19199
2018-02-06 12:00:00,1.23715,1.23389,1.23718,1.23339,1.23738,1.23411,1.23741,1.23362,29934
2018-02-06 13:00:00,1.23389,1.23427,1.23465,1.23212,1.23411,1.2345,1.23486,1.23233,38296
2018-02-06 14:00:00,1.23427,1.23351,1.23569,1.23254,1.2345,1.23373,1.23592,1.23276,34016
2018-02-06 15:00:00,1.23351,1.23431,1.23457,1.23127,1.23373,1.23454,1.23479,1.2315,41293
2018-02-06 16:00:00,1.23431,1.23798,1.23834,1.23405,1.23454,1.23818,1.23857,1.23429,27071
2018-02-06 17:00:00,1.23798,1.23899,1.24032,1.23722,1.23818,1.23923,1.24054,1.23743,24505
2018-02-06 18:00:00,1.23899,1.23976,1.24037,1.23853,1.23923,1.24,1.24057,1.23877,18272
2018-02-06 19:00:00,1.23976,1.23906,1.23983,1.23843,1.24,1.2393,1.24006,1.23866,13550
2018-02-06 20:00:00,1.23906,1.23706,1.23947,1.23688,1.2393,1.23729,1.23967,1.23711,17634
2018-02-06 21:00:00,1.23706,1.2376,1.23804,1.23689,1.23729,1.23789,1.23827,1.23712,5963
2018-02-06 22:00:00,1.2376,1.23788,1.23817,1.2369,1.23789,1.2383,1.23853,1.2373,4202
2018-02-06 23:00:00,1.23788,1.23793,1.23847,1.23761,1.2383,1.23817,1.2387,1.23785,4240
2018-02-07 00:00:00,1.23793,1.23855,1.23923,1.23747,1.23817,1.23879,1.23947,1.23771,10819
2018-02-07 01:00:00,1.23855,1.23877,1.23896,1.23768,1.23879,1.23899,1.23918,1.23793,8748
2018-02-07 02:00:00,1.23877,1.23824,1.23891,1.23774,1.23899,1.23848,1.23914,1.23797,7309
2018-02-07 03:00:00,1.23824,1.23844,1.23915,1.23824,1.23848,1.23867,1.2394,1.23847,8340
2018-02-07 04:00:00,1.23844,1.23872,1.2392,1.23819,1.23867,1.23895,1.23943,1.23843,4775
2018-02-07 05:00:00,1.23872,1.23894,1.2391,1.23825,1.23895,1.23919,1.23933,1.23849,5482
2018-02-07 06:00:00,1.23894,1.2395,1.23972,1.23761,1.23919,1.23974,1.23994,1.23785,9900
2018-02-07 07:00:00,1.2395,1.23817,1.24051,1.23797,1.23974,1.2384,1.24074,1.23819,17940
2018-02-07 08:00:00,1.23817,1.23765,1.23872,1.23614,1.2384,1.23789,1.23896,1.23637,24037
2018-02-07 09:00:00,1.23765,1.23496,1.23807,1.23487,1.23789,1.23518,1.23828,1.2351,18935
2018-02-07 10:00:00,1.23496,1.23376,1.23515,1.23364,1.23518,1.23399,1.23538,1.23387,14721
2018-02-07 11:00:00,1.23376,1.23489,1.23538,1.23371,1.23399,1.23508,1.23561,1.23394,13392
2018-02-07 12:00:00,1.23489,1.23413,1.23498,1.23332,1.23508,1.23437,1.23521,1.23348,13893
2018-02-07 13:00:00,1.23413,1.23362,1.23448,1.23326,1.23437,1.23385,1.23471,1.23348,14911
2018-02-07 14:00:00,1.23362,1.23411,1.23441,1.23226,1.23385,1.23435,1.23463,1.23248,22330
2018-02-07 15:00:00,1.23411,1.2292,1.2343,1.2284,1.23435,1.22943,1.23451,1.22861,33123
2018-02-07 16:00:00,1.2292,1.22801,1.23037,1.22768,1.22943,1.22824,1.23059,1.22788,26272
2018-02-07 17:00:00,1.22801,1.22689,1.22803,1.22543,1.22824,1.22711,1.22826,1.22565,21918
2018-02-07 18:00:00,1.22689,1.22594,1.2271,1.22447,1.22711,1.22617,1.22731,1.22467,19767
2018-02-07 19:00:00,1.22594,1.22754,1.22812,1.22526,1.22617,1.22778,1.22835,1.22549,14389
2018-02-07 20:00:00,1.22754,1.22596,1.22791,1.22571,1.22778,1.22619,1.22814,1.22591,14641
2018-02-07 21:00:00,1.22596,1.22619,1.22711,1.22588,1.22619,1.22669,1.22734,1.22611,6982
2018-02-07 22:00:00,1.22619,1.22526,1.22631,1.22503,1.22669,1.22554,1.2268,1.22536,3957
2018-02-07 23:00:00,1.22526,1.22688,1.22691,1.22521,1.22554,1.22713,1.22715,1.2255,5248
2018-02-08 00:00:00,1.22688,1.22713,1.22757,1.2265,1.22713,1.22736,1.2278,1.22674,9725
2018-02-08 01:00:00,1.22713,1.22706,1.22791,1.22643,1.22736,1.22729,1.22814,1.22667,9999
2018-02-08 02:00:00,1.22706,1.22735,1.22792,1.22679,1.22729,1.22759,1.22816,1.22703,7158
2018-02-08 03:00:00,1.22735,1.2274,1.22856,1.22723,1.22759,1.22764,1.22879,1.22745,8946
2018-02-08 04:00:00,1.2274,1.22577,1.22757,1.22534,1.22764,1.226,1.22779,1.22558,10782
2018-02-08 05:00:00,1.22577,1.22738,1.2275,1.22567,1.226,1.22759,1.22774,1.2259,11432
2018-02-08 06:00:00,1.22738,1.22629,1.22822,1.22614,1.22759,1.22652,1.22843,1.22636,11261
2018-02-08 07:00:00,1.22629,1.22667,1.22939,1.22625,1.22652,1.2269,1.22961,1.22647,22567
2018-02-08 08:00:00,1.22667,1.22401,1.22694,1.22346,1.2269,1.22424,1.22718,1.22369,24133
2018-02-08 09:00:00,1.22401,1.22298,1.2241,1.2224,1.22424,1.22318,1.22433,1.22262,16884
2018-02-08 10:00:00,1.22298,1.2246,1.22473,1.22257,1.22318,1.22482,1.22494,1.22278,16346
2018-02-08 11:00:00,1.2246,1.22322,1.2246,1.22311,1.22482,1.22345,1.22484,1.22334,14179
2018-02-08 12:00:00,1.22322,1.22352,1.22505,1.22111,1.22345,1.22374,1.22527,1.22132,33232
2018-02-08 13:00:00,1.22352,1.22743,1.22756,1.2233,1.22374,1.22764,1.22779,1.22353,32437
2018-02-08 14:00:00,1.22743,1.2276,1.22939,1.22713,1.22764,1.22782,1.22963,1.22734,30294
2018-02-08 15:00:00,1.2276,1.22588,1.22781,1.22434,1.22782,1.22611,1.22805,1.22449,34799
2018-02-08 16:00:00,1.22588,1.22382,1.22655,1.22339,1.22611,1.22405,1.22677,1.22361,37482
2018-02-08 17:00:00,1.22382,1.22492,1.2254,1.22312,1.22405,1.22514,1.22562,1.22334,36695
2018-02-08 18:00:00,1.22492,1.22657,1.22717,1.22434,1.22514,1.22679,1.22739,1.22457,39066
2018-02-08 19:00:00,1.22657,1.22628,1.22718,1.22584,1.22679,1.22651,1.2274,1.22608,18223
2018-02-08 20:00:00,1.22628,1.22422,1.22642,1.22408,1.22651,1.22447,1.22664,1.22433,19764
2018-02-08 21:00:00,1.22422,1.22458,1.22511,1.22409,1.22447,1.22487,1.22535,1.22433,5289
2018-02-08 22:00:00,1.22458,1.22462,1.22494,1.22413,1.22487,1.22491,1.22538,1.22451,1978
2018-02-08 23:00:00,1.22462,1.22598,1.22628,1.22459,1.22491,1.22621,1.22654,1.22485,6192
2018-02-09 00:00:00,1.22598,1.22537,1.22617,1.22475,1.22621,1.22559,1.22641,1.22499,10322
2018-02-09 01:00:00,1.22537,1.2251,1.22627,1.2249,1.22559,1.22535,1.22649,1.22513,13752
2018-02-09 02:00:00,1.2251,1.22541,1.22554,1.22391,1.22535,1.22565,1.22577,1.22414,16244
2018-02-09 03:00:00,1.22541,1.22561,1.22607,1.22524,1.22565,1.22583,1.22631,1.22548,11890
2018-02-09 04:00:00,1.22561,1.22528,1.22574,1.22507,1.22583,1.22551,1.22598,1.22532,4749
2018-02-09 05:00:00,1.22528,1.22565,1.22608,1.22466,1.22551,1.22588,1.22631,1.22489,7124
2018-02-09 06:00:00,1.22565,1.22641,1.22673,1.22507,1.22588,1.22666,1.22696,1.22531,9016
2018-02-09 07:00:00,1.22641,1.22827,1.22862,1.22617,1.22666,1.22849,1.22885,1.2264,23759
2018-02-09 08:00:00,1.22827,1.22698,1.22827,1.22577,1.22849,1.22721,1.2285,1.22601,22859
2018-02-09 09:00:00,1.22698,1.22636,1.2273,1.22537,1.22721,1.2266,1.22753,1.22561,18934
2018-02-09 10:00:00,1.22636,1.22567,1.22691,1.22477,1.2266,1.2259,1.22715,1.22509,15559
2018-02-09 11:00:00,1.22567,1.22396,1.22583,1.22326,1.2259,1.2242,1.22607,1.22349,16781
2018-02-09 12:00:00,1.22396,1.22471,1.22499,1.22263,1.2242,1.22491,1.22522,1.22283,21154
2018-02-09 13:00:00,1.22471,1.22755,1.22785,1.22458,1.22491,1.22779,1.22808,1.22482,31324
2018-02-09 14:00:00,1.22755,1.22563,1.22755,1.2248,1.22779,1.22587,1.22779,1.22502,32003
2018-02-09 15:00:00,1.22563,1.22474,1.22598,1.22345,1.22587,1.22497,1.22621,1.22368,35724
2018-02-09 16:00:00,1.22474,1.22248,1.22477,1.22234,1.22497,1.2227,1.225,1.22257,36729
2018-02-09 17:00:00,1.22248,1.22132,1.22268,1.22045,1.2227,1.22155,1.22292,1.22069,34171
2018-02-09 18:00:00,1.22132,1.2228,1.22357,1.22086,1.22155,1.22304,1.2238,1.22108,25044
2018-02-09 19:00:00,1.2228,1.223,1.22363,1.22231,1.22304,1.22323,1.22386,1.22255,24968
2018-02-09 20:00:00,1.223,1.22339,1.22439,1.22283,1.22323,1.22362,1.2246,1.22307,19637
2018-02-09 21:00:00,1.22339,1.22484,1.2254,1.22314,1.22362,1.22563,1.2257,1.2234,11374
2018-02-11 19:00:00,1.22484,1.22436,1.22456,1.22436,1.22563,1.22498,1.22529,1.22495,17
2018-02-11 20:00:00,1.22436,1.22436,1.22472,1.22436,1.22498,1.22498,1.22502,1.22484,53
2018-02-11 21:00:00,1.22436,1.22468,1.22498,1.22437,1.22498,1.22517,1.22537,1.22487,109
2018-02-11 22:00:00,1.22468,1.22507,1.22508,1.22405,1.22517,1.22545,1.22547,1.22455,1106
2018-02-11 23:00:00,1.22507,1.22512,1.22516,1.22429,1.22545,1.22536,1.22542,1.22455,5604
2018-02-12 00:00:00,1.22512,1.22616,1.22633,1.22506,1.22536,1.22641,1.22656,1.22529,7115
2018-02-12 01:00:00,1.22616,1.22706,1.22796,1.22601,1.22641,1.2273,1.22818,1.22625,8789
2018-02-12 02:00:00,1.22706,1.22829,1.22843,1.2269,1.2273,1.22852,1.22864,1.22714,5639
2018-02-12 03:00:00,1.22829,1.22857,1.22897,1.22775,1.22852,1.2288,1.22918,1.22797,5073
2018-02-12 04:00:00,1.22857,1.22857,1.22967,1.22794,1.2288,1.22881,1.22988,1.22818,5755
2018-02-12 05:00:00,1.22857,1.22816,1.2286,1.22768,1.22881,1.2284,1.22885,1.22791,4244
2018-02-12 06:00:00,1.22816,1.22891,1.22904,1.22765,1.2284,1.22915,1.22927,1.22787,6944
2018-02-12 07:00:00,1.22891,1.22686,1.22949,1.2268,1.22915,1.22708,1.22971,1.22703,17139
2018-02-12 08:00:00,1.22686,1.22717,1.22815,1.22599,1.22708,1.2274,1.22837,1.22622,20731
2018-02-12 09:00:00,1.22717,1.22627,1.22807,1.22624,1.2274,1.2265,1.2283,1.22647,15466
2018-02-12 10:00:00,1.22627,1.22671,1.22743,1.22574,1.2265,1.22694,1.22765,1.22596,10346
2018-02-12 11:00:00,1.22671,1.22687,1.22741,1.2262,1.22694,1.2271,1.22765,1.22642,9103
2018-02-12 12:00:00,1.22687,1.22612,1.22691,1.22525,1.2271,1.22635,1.22714,1.22548,10978
2018-02-12 13:00:00,1.22612,1.22419,1.22669,1.22339,1.22635,1.22443,1.2269,1.22362,15869
2018-02-12 14:00:00,1.22419,1.22616,1.22638,1.22362,1.22443,1.22639,1.22661,1.22385,19280
2018-02-12 15:00:00,1.22616,1.22758,1.2279,1.225,1.22639,1.22781,1.22812,1.22522,23216
2018-02-12 16:00:00,1.22758,1.22658,1.22817,1.22631,1.22781,1.2268,1.22837,1.22655,16855
2018-02-12 17:00:00,1.22658,1.2274,1.22763,1.22599,1.2268,1.22763,1.22786,1.22619,10266
2018-02-12 18:00:00,1.2274,1.22816,1.22889,1.22738,1.22763,1.2284,1.22911,1.2276,8257
2018-02-12 19:00:00,1.22816,1.22815,1.22866,1.22781,1.2284,1.22839,1.22889,1.22803,5638
2018-02-12 20:00:00,1.22815,1.229,1.22964,1.22806,1.22839,1.22922,1.22987,1.2283,8941
2018-02-12 21:00:00,1.229,1.22898,1.22937,1.2287,1.22922,1.2294,1.22959,1.22893,3168
2018-02-12 22:00:00,1.22898,1.22895,1.22909,1.22848,1.2294,1.22924,1.22951,1.22881,1579
2018-02-12 23:00:00,1.22895,1.22998,1.23063,1.22891,1.22924,1.23019,1.23088,1.22919,5312
2018-02-13 00:00:00,1.22998,1.22852,1.23003,1.22848,1.23019,1.22876,1.23026,1.22871,7044
2018-02-13 01:00:00,1.22852,1.22928,1.22952,1.22844,1.22876,1.22949,1.22975,1.22867,5957
2018-02-13 02:00:00,1.22928,1.22891,1.22937,1.22833,1.22949,1.22915,1.22961,1.22858,4941
2018-02-13 03:00:00,1.22891,1.22908,1.22964,1.22862,1.22915,1.22929,1.22986,1.22885,4521
2018-02-13 04:00:00,1.22908,1.23032,1.23039,1.22906,1.22929,1.23057,1.2306,1.22927,5692
2018-02-13 05:00:00,1.23032,1.23125,1.23147,1.22982,1.23057,1.23148,1.2317,1.23006,8247
2018-02-13 06:00:00,1.23125,1.23157,1.23242,1.23122,1.23148,1.23179,1.23264,1.23144,10453
2018-02-13 07:00:00,1.23157,1.23154,1.23312,1.23084,1.23179,1.23175,1.23334,1.23106,21591
2018-02-13 08:00:00,1.23154,1.232,1.23369,1.2309,1.23175,1.23224,1.2339,1.23112,19814
2018-02-13 09:00:00,1.232,1.23126,1.23314,1.23121,1.23224,1.2315,1.23336,1.23145,16375
2018-02-13 10:00:00,1.23126,1.23476,1.23495,1.23111,1.2315,1.235,1.23518,1.23133,17799
2018-02-13 11:00:00,1.23476,1.23381,1.23503,1.23381,1.235,1.23405,1.23526,1.23404,11077
2018-02-13 12:00:00,1.23381,1.23392,1.2355,1.23373,1.23405,1.23415,1.23571,1.23396,12997
2018-02-13 13:00:00,1.23392,1.23424,1.23451,1.23253,1.23415,1.23444,1.23473,1.23275,16565
2018-02-13 14:00:00,1.23424,1.23647,1.23669,1.23417,1.23444,1.23666,1.2369,1.23439,21651
2018-02-13 15:00:00,1.23647,1.23569,1.237,1.23487,1.23666,1.23593,1.23724,1.2351,23810
2018-02-13 16:00:00,1.23569,1.23619,1.23673,1.23526,1.23593,1.23641,1.23694,1.23548,15777
2018-02-13 17:00:00,1.23619,1.23519,1.23668,1.23486,1.23641,1.23543,1.23691,1.23509,9601
2018-02-13 18:00:00,1.23519,1.23465,1.23598,1.2344,1.23543,1.23488,1.2362,1.23462,7752
2018-02-13 19:00:00,1.23465,1.23537,1.2354,1.23436,1.23488,1.23558,1.23562,1.23459,6472
2018-02-13 20:00:00,1.23537,1.23551,1.23647,1.23537,1.23558,1.23574,1.2367,1.23559,8082
2018-02-13 21:00:00,1.23551,1.23489,1.23585,1.23464,1.23574,1.23541,1.23608,1.23487,3591
2018-02-13 22:00:00,1.23489,1.23493,1.23539,1.23461,1.23541,1.23517,1.23572,1.2349,3754
2018-02-13 23:00:00,1.23493,1.23526,1.23538,1.23466,1.23517,1.23549,1.23563,1.23491,2615
2018-02-14 00:00:00,1.23526,1.23511,1.2361,1.23506,1.23549,1.23534,1.23632,1.23528,5763
2018-02-14 01:00:00,1.23511,1.23531,1.23612,1.23501,1.23534,1.23554,1.23635,1.23524,6440
2018-02-14 02:00:00,1.23531,1.23793,1.23795,1.23529,1.23554,1.23816,1.23818,1.23553,11569
2018-02-14 03:00:00,1.23793,1.23886,1.23915,1.23763,1.23816,1.2391,1.23937,1.23784,13866
2018-02-14 04:00:00,1.23886,1.23761,1.23912,1.23739,1.2391,1.23785,1.23936,1.23761,9546
2018-02-14 05:00:00,1.23761,1.23775,1.23852,1.2372,1.23785,1.23799,1.23875,1.23744,8085
2018-02-14 06:00:00,1.23775,1.23724,1.23789,1.23671,1.23799,1.23748,1.23813,1.23694,7083
2018-02-14 07:00:00,1.23724,1.23717,1.23774,1.23632,1.23748,1.23738,1.23797,1.23654,12905
2018-02-14 08:00:00,1.23717,1.23652,1.23847,1.23595,1.23738,1.23674,1.23871,1.23618,15140
2018-02-14 09:00:00,1.23652,1.2352,1.23667,1.23496,1.23674,1.23542,1.23688,1.23518,12316
2018-02-14 10:00:00,1.2352,1.23555,1.23565,1.23447,1.23542,1.23577,1.23588,1.2347,9920
2018-02-14 11:00:00,1.23555,1.23413,1.23564,1.23409,1.23577,1.23436,1.23586,1.2343,9299
2018-02-14 12:00:00,1.23413,1.23422,1.23502,1.23388,1.23436,1.23444,1.23525,1.2341,8941
2018-02-14 13:00:00,1.23422,1.23033,1.23499,1.22748,1.23444,1.23056,1.23548,1.22771,54372
2018-02-14 14:00:00,1.23033,1.23216,1.23296,1.23001,1.23056,1.23238,1.23318,1.23023,38569
2018-02-14 15:00:00,1.23216,1.24019,1.24058,1.23212,1.23238,1.24042,1.2408,1.23235,56002
2018-02-14 16:00:00,1.24019,1.23935,1.2415,1.23908,1.24042,1.23958,1.24172,1.23931,31215
2018-02-14 17:00:00,1.23935,1.24166,1.24194,1.23836,1.23958,1.24189,1.24215,1.2386,18862
2018-02-14 18:00:00,1.24166,1.24232,1.24411,1.24151,1.24189,1.24255,1.24433,1.24175,18498
2018-02-14 19:00:00,1.24232,1.24357,1.24408,1.24214,1.24255,1.2438,1.2443,1.24236,13989
2018-02-14 20:00:00,1.24357,1.24631,1.24635,1.2433,1.2438,1.24653,1.24658,1.24354,14876
2018-02-14 21:00:00,1.24631,1.24483,1.24642,1.24466,1.24653,1.2453,1.24662,1.24487,5526
2018-02-14 22:00:00,1.24483,1.24521,1.24603,1.24473,1.2453,1.24558,1.24639,1.24513,4729
2018-02-14 23:00:00,1.24521,1.24673,1.24687,1.24488,1.24558,1.24696,1.2471,1.24513,5199
2018-02-15 00:00:00,1.24673,1.24522,1.24686,1.24469,1.24696,1.24547,1.2471,1.24493,10740
2018-02-15 01:00:00,1.24522,1.24597,1.24725,1.24513,1.24547,1.24621,1.24745,1.24536,11503
2018-02-15 02:00:00,1.24597,1.24569,1.24671,1.24535,1.24621,1.24592,1.24694,1.24557,8067
2018-02-15 03:00:00,1.24569,1.24583,1.24597,1.2451,1.24592,1.24607,1.2462,1.24533,5151
2018-02-15 04:00:00,1.24583,1.24554,1.24664,1.24541,1.24607,1.24578,1.24688,1.24565,6471
2018-02-15 05:00:00,1.24554,1.24645,1.24664,1.24537,1.24578,1.24668,1.24689,1.2456,4683
2018-02-15 06:00:00,1.24645,1.24664,1.24727,1.24594,1.24668,1.24688,1.24751,1.24617,8654
2018-02-15 07:00:00,1.24664,1.24993,1.25093,1.24657,1.24688,1.25016,1.25116,1.24679,28930
2018-02-15 08:00:00,1.24993,1.24905,1.25031,1.24833,1.25016,1.24926,1.25054,1.24854,21008
2018-02-15 09:00:00,1.24905,1.24861,1.24994,1.24823,1.24926,1.24884,1.25016,1.24846,13457
2018-02-15 10:00:00,1.24861,1.24798,1.24891,1.24747,1.24884,1.24821,1.24915,1.24771,10663
2018-02-15 11:00:00,1.24798,1.24707,1.24863,1.24639,1.24821,1.24731,1.24885,1.24661,14111
2018-02-15 12:00:00,1.24707,1.24747,1.24862,1.246,1.24731,1.24771,1.24883,1.24624,14214
2018-02-15 13:00:00,1.24747,1.24727,1.24941,1.24609,1.24771,1.24749,1.24961,1.24647,24307
2018-02-15 14:00:00,1.24727,1.24974,1.24975,1.2467,1.24749,1.24997,1.24998,1.24692,20736
2018-02-15 15:00:00,1.24974,1.24761,1.25047,1.24731,1.24997,1.24785,1.2507,1.24753,29114
2018-02-15 16:00:00,1.24761,1.24813,1.24916,1.24706,1.24785,1.24837,1.24938,1.2473,18308
2018-02-15 17:00:00,1.24813,1.24704,1.24838,1.24562,1.24837,1.24728,1.2486,1.24582,16233
2018-02-15 18:00:00,1.24704,1.24922,1.24953,1.24695,1.24728,1.24946,1.24977,1.24716,11555
2018-02-15 19:00:00,1.24922,1.25068,1.25069,1.24904,1.24946,1.25091,1.25092,1.24926,9500
2018-02-15 20:00:00,1.25068,1.25037,1.25079,1.25014,1.25091,1.25061,1.251,1.25037,7248
2018-02-15 21:00:00,1.25037,1.25051,1.25079,1.24945,1.25061,1.2508,1.25101,1.24968,3698
2018-02-15 22:00:00,1.25051,1.24993,1.25045,1.24973,1.2508,1.25024,1.25085,1.25008,8230
2018-02-15 23:00:00,1.24993,1.25018,1.25062,1.24956,1.25024,1.25041,1.25086,1.2498,3064
2018-02-16 00:00:00,1.25018,1.25039,1.25068,1.24961,1.25041,1.25062,1.25092,1.24983,5891
2018-02-16 01:00:00,1.25039,1.25126,1.25139,1.25027,1.25062,1.25148,1.25161,1.25051,5494
2018-02-16 02:00:00,1.25126,1.25379,1.25443,1.2506,1.25148,1.25404,1.25469,1.25083,14233
2018-02-16 03:00:00,1.25379,1.25382,1.25402,1.25258,1.25404,1.25406,1.25425,1.25281,6057
2018-02-16 04:00:00,1.25382,1.25473,1.25547,1.25334,1.25406,1.25496,1.25566,1.25355,15876
2018-02-16 05:00:00,1.25473,1.25479,1.25536,1.25423,1.25496,1.25502,1.25559,1.25445,7325
2018-02-16 06:00:00,1.25479,1.25371,1.25479,1.25342,1.25502,1.25395,1.25503,1.25364,7504
2018-02-16 07:00:00,1.25371,1.25283,1.2544,1.25253,1.25395,1.25303,1.25464,1.25275,15499
2018-02-16 08:00:00,1.25283,1.25331,1.25376,1.25221,1.25303,1.25354,1.254,1.25244,19927
2018-02-16 09:00:00,1.25331,1.25264,1.25407,1.25254,1.25354,1.25287,1.2543,1.25277,14772
2018-02-16 10:00:00,1.25264,1.24867,1.25281,1.24837,1.25287,1.2489,1.25302,1.24858,20274
2018-02-16 11:00:00,1.24867,1.24813,1.24881,1.24731,1.2489,1.24837,1.24902,1.24754,14854
2018-02-16 12:00:00,1.24813,1.24726,1.24833,1.24589,1.24837,1.2475,1.24855,1.24612,18114
2018-02-16 13:00:00,1.24726,1.24515,1.24735,1.24487,1.2475,1.24537,1.24756,1.24507,25360
2018-02-16 14:00:00,1.24515,1.24432,1.24524,1.24278,1.24537,1.24459,1.24545,1.24298,28020
2018-02-16 15:00:00,1.24432,1.24467,1.24592,1.2432,1.24459,1.24487,1.24613,1.2434,24056
2018-02-16 16:00:00,1.24467,1.24396,1.24588,1.24395,1.24487,1.24419,1.2461,1.24417,17106
2018-02-16 17:00:00,1.24396,1.24396,1.24449,1.24301,1.24419,1.2442,1.24472,1.24325,10728
2018-02-16 18:00:00,1.24396,1.24104,1.24415,1.2409,1.2442,1.24128,1.24439,1.24114,11842
2018-02-16 19:00:00,1.24104,1.2415,1.24183,1.23923,1.24128,1.24173,1.24206,1.23944,14808
2018-02-16 20:00:00,1.2415,1.24046,1.24151,1.2403,1.24173,1.24068,1.24175,1.2405,6848
2018-02-16 21:00:00,1.24046,1.24081,1.24109,1.2403,1.24068,1.24141,1.24141,1.24054,3441
2018-02-18 20:00:00,1.24081,1.23968,1.24066,1.23958,1.24141,1.24048,1.24068,1.2401,50
2018-02-18 21:00:00,1.23968,1.23988,1.24008,1.23968,1.24048,1.24063,1.24063,1.24046,39
2018-02-18 22:00:00,1.23988,1.24139,1.24154,1.23988,1.24063,1.2417,1.24192,1.24052,1849
2018-02-18 23:00:00,1.24139,1.24107,1.24196,1.24096,1.2417,1.24132,1.24221,1.2412,4684
2018-02-19 00:00:00,1.24107,1.24216,1.2428,1.24096,1.24132,1.2424,1.24302,1.24121,8240
2018-02-19 01:00:00,1.24216,1.24326,1.24341,1.2421,1.2424,1.24348,1.24366,1.24233,6232
2018-02-19 02:00:00,1.24326,1.24232,1.24323,1.24231,1.24348,1.24255,1.24347,1.24254,4340
2018-02-19 03:00:00,1.24232,1.242,1.24259,1.24178,1.24255,1.24221,1.24281,1.24201,3855
2018-02-19 04:00:00,1.242,1.24145,1.24228,1.24106,1.24221,1.2417,1.24252,1.2413,6151
2018-02-19 05:00:00,1.24145,1.24083,1.24179,1.24034,1.2417,1.24106,1.24203,1.24054,6166
2018-02-19 06:00:00,1.24083,1.24156,1.24171,1.24037,1.24106,1.24179,1.24194,1.24061,9136
2018-02-19 07:00:00,1.24156,1.24113,1.242,1.23866,1.24179,1.24136,1.24224,1.23889,18714
2018-02-19 08:00:00,1.24113,1.23963,1.24188,1.2393,1.24136,1.23984,1.2421,1.2395,14200
2018-02-19 09:00:00,1.23963,1.24096,1.24157,1.23962,1.23984,1.24119,1.2418,1.23983,10278
2018-02-19 10:00:00,1.24096,1.24241,1.24248,1.2408,1.24119,1.24264,1.24271,1.24103,9885
2018-02-19 11:00:00,1.24241,1.24228,1.2426,1.24096,1.24264,1.24251,1.24283,1.24119,8563
2018-02-19 12:00:00,1.24228,1.24057,1.24252,1.24001,1.24251,1.24081,1.24276,1.24024,8761
2018-02-19 13:00:00,1.24057,1.23717,1.24098,1.23692,1.24081,1.23741,1.24121,1.23713,17954
2018-02-19 14:00:00,1.23717,1.23739,1.23797,1.2368,1.23741,1.2376,1.2382,1.23702,11412
2018-02-19 15:00:00,1.23739,1.23958,1.23977,1.23729,1.2376,1.23981,1.24,1.23749,13598
2018-02-19 16:00:00,1.23958,1.24067,1.24078,1.23902,1.23981,1.2409,1.241,1.23925,8989
2018-02-19 17:00:00,1.24067,1.24118,1.24146,1.24006,1.2409,1.24142,1.24168,1.24028,3614
2018-02-19 18:00:00,1.24118,1.24074,1.2413,1.24041,1.24142,1.24099,1.24154,1.24065,2448
2018-02-19 19:00:00,1.24074,1.24065,1.24107,1.24051,1.24099,1.24091,1.24136,1.24075,1262
2018-02-19 20:00:00,1.24065,1.2405,1.24077,1.24031,1.24091,1.24076,1.24105,1.24059,1034
2018-02-19 21:00:00,1.2405,1.24059,1.24068,1.24042,1.24076,1.24088,1.24096,1.2407,2672
2018-02-19 22:00:00,1.24059,1.24049,1.24095,1.24028,1.24088,1.24075,1.2413,1.24057,1514
2018-02-19 23:00:00,1.24049,1.23992,1.24111,1.23933,1.24075,1.24016,1.24138,1.23957,3914
2018-02-20 00:00:00,1.23992,1.2405,1.24097,1.2395,1.24016,1.24074,1.24119,1.23975,6530
2018-02-20 01:00:00,1.2405,1.2393,1.24053,1.23839,1.24074,1.23952,1.24076,1.23863,11707
2018-02-20 02:00:00,1.2393,1.23843,1.23969,1.23816,1.23952,1.23866,1.23991,1.23838,5980
2018-02-20 03:00:00,1.23843,1.23847,1.23871,1.23781,1.23866,1.23871,1.23891,1.23806,4007
2018-02-20 04:00:00,1.23847,1.23864,1.23924,1.23811,1.23871,1.23887,1.23947,1.23834,6240
2018-02-20 05:00:00,1.23864,1.2384,1.23957,1.23789,1.23887,1.23863,1.2398,1.23812,5139
2018-02-20 06:00:00,1.2384,1.23768,1.23855,1.23738,1.23863,1.23791,1.23878,1.23757,8592
2018-02-20 07:00:00,1.23768,1.23592,1.23907,1.23555,1.23791,1.23616,1.23931,1.23576,21773
2018-02-20 08:00:00,1.23592,1.23581,1.23719,1.23443,1.23616,1.23603,1.23742,1.23465,19305
2018-02-20 09:00:00,1.23581,1.23425,1.23632,1.23419,1.23603,1.2345,1.23654,1.23442,16474
2018-02-20 10:00:00,1.23425,1.23389,1.23497,1.23332,1.2345,1.23411,1.23519,1.23352,14691
2018-02-20 11:00:00,1.23389,1.23474,1.23515,1.23319,1.23411,1.23497,1.23537,1.23341,11450
2018-02-20 12:00:00,1.23474,1.23451,1.23548,1.23367,1.23497,1.23472,1.23569,1.23389,12757
2018-02-20 13:00:00,1.23451,1.23244,1.23461,1.2319,1.23472,1.23267,1.23484,1.23208,19822
2018-02-20 14:00:00,1.23244,1.2345,1.23606,1.23215,1.23267,1.23474,1.2363,1.23239,22217
2018-02-20 15:00:00,1.2345,1.23396,1.23533,1.23371,1.23474,1.23418,1.23556,1.23395,18447
2018-02-20 16:00:00,1.23396,1.23471,1.235,1.23245,1.23418,1.23493,1.23522,1.23267,17648
2018-02-20 17:00:00,1.23471,1.23432,1.23566,1.23394,1.23493,1.23455,1.2359,1.23416,11939
2018-02-20 18:00:00,1.23432,1.23391,1.23447,1.23291,1.23455,1.23414,1.2347,1.23313,9035
2018-02-20 19:00:00,1.23391,1.23341,1.23426,1.23321,1.23414,1.23364,1.2345,1.23343,7549
2018-02-20 20:00:00,1.23341,1.2335,1.23391,1.23311,1.23364,1.23373,1.23414,1.23334,6021
2018-02-20 21:00:00,1.2335,1.23357,1.23369,1.2334,1.23373,1.23388,1.23394,1.23362,2316
2018-02-20 22:00:00,1.23357,1.23334,1.23389,1.23329,1.23388,1.2337,1.23433,1.23364,3108
2018-02-20 23:00:00,1.23334,1.23343,1.2336,1.23276,1.2337,1.23366,1.23383,1.23299,2792
2018-02-21 00:00:00,1.23343,1.23341,1.23436,1.23304,1.23366,1.23364,1.2346,1.23325,8423
2018-02-21 01:00:00,1.23341,1.23367,1.23391,1.23275,1.23364,1.2339,1.23414,1.23299,6831
2018-02-21 02:00:00,1.23367,1.23331,1.23433,1.23325,1.2339,1.23355,1.23456,1.23349,7448
2018-02-21 03:00:00,1.23331,1.23292,1.23355,1.23227,1.23355,1.23315,1.2338,1.23251,6468
2018-02-21 04:00:00,1.23292,1.23208,1.23336,1.23166,1.23315,1.23232,1.2336,1.23188,7440
2018-02-21 05:00:00,1.23208,1.23215,1.23255,1.23157,1.23232,1.23238,1.23279,1.23178,6347
2018-02-21 06:00:00,1.23215,1.2335,1.2335,1.23208,1.23238,1.23372,1.23372,1.23231,6656
2018-02-21 07:00:00,1.2335,1.23147,1.23386,1.23091,1.23372,1.23171,1.23409,1.23113,14590
2018-02-21 08:00:00,1.23147,1.23159,1.23244,1.23065,1.23171,1.23182,1.23266,1.23087,17016
2018-02-21 09:00:00,1.23159,1.23325,1.23349,1.2308,1.23182,1.23347,1.2337,1.23103,13609
2018-02-21 10:00:00,1.23325,1.23255,1.23326,1.23133,1.23347,1.23279,1.23347,1.23156,11676
2018-02-21 11:00:00,1.23255,1.23148,1.23283,1.23132,1.23279,1.2317,1.23302,1.23156,9976
2018-02-21 12:00:00,1.23148,1.23037,1.2322,1.22989,1.2317,1.2306,1.23242,1.23009,19812
2018-02-21 13:00:00,1.23037,1.23195,1.23195,1.22989,1.2306,1.23218,1.23218,1.23011,18877
2018-02-21 14:00:00,1.23195,1.23225,1.23347,1.23171,1.23218,1.23247,1.23368,1.23192,27700
2018-02-21 15:00:00,1.23225,1.23187,1.2334,1.23133,1.23247,1.23208,1.23362,1.23156,24539
2018-02-21 16:00:00,1.23187,1.23137,1.23234,1.23026,1.23208,1.23159,1.23257,1.23047,15942
2018-02-21 17:00:00,1.23137,1.23259,1.23263,1.231,1.23159,1.23281,1.23286,1.23123,7861
2018-02-21 18:00:00,1.23259,1.23219,1.23267,1.23165,1.23281,1.23261,1.2329,1.23188,7077
2018-02-21 19:00:00,1.23219,1.23011,1.23589,1.22982,1.23261,1.23035,1.23612,1.23002,51919
2018-02-21 20:00:00,1.23011,1.22891,1.23013,1.22799,1.23035,1.22915,1.23037,1.22823,22098
2018-02-21 21:00:00,1.22891,1.22815,1.22981,1.22811,1.22915,1.22858,1.23003,1.22838,5429
2018-02-21 22:00:00,1.22815,1.22743,1.22846,1.22719,1.22858,1.22771,1.22876,1.22749,3890
2018-02-21 23:00:00,1.22743,1.22794,1.22835,1.22741,1.22771,1.22817,1.22859,1.22769,3109
2018-02-22 00:00:00,1.22794,1.22714,1.228,1.2264,1.22817,1.22737,1.22823,1.22663,7920
2018-02-22 01:00:00,1.22714,1.22774,1.22837,1.22669,1.22737,1.22798,1.2286,1.22691,11478
2018-02-22 02:00:00,1.22774,1.22786,1.22826,1.22758,1.22798,1.22809,1.2285,1.22783,5723
2018-02-22 03:00:00,1.22786,1.2276,1.22793,1.22713,1.22809,1.22784,1.22817,1.22737,4200
2018-02-22 04:00:00,1.2276,1.22718,1.22778,1.22714,1.22784,1.2274,1.22802,1.22735,3820
2018-02-22 05:00:00,1.22718,1.22735,1.22795,1.22705,1.2274,1.22759,1.22819,1.22727,4944
2018-02-22 06:00:00,1.22735,1.22647,1.2279,1.22589,1.22759,1.2267,1.22813,1.22611,7683
2018-02-22 07:00:00,1.22647,1.2272,1.22781,1.22586,1.2267,1.22743,1.22804,1.22604,13690
2018-02-22 08:00:00,1.2272,1.22832,1.22873,1.22639,1.22743,1.22856,1.22895,1.22661,17598
2018-02-22 09:00:00,1.22832,1.22928,1.22946,1.22743,1.22856,1.2295,1.22969,1.22764,17917
2018-02-22 10:00:00,1.22928,1.22891,1.22977,1.22854,1.2295,1.22913,1.23,1.22876,11144
2018-02-22 11:00:00,1.22891,1.2285,1.22935,1.22789,1.22913,1.2287,1.22958,1.22812,8792
2018-02-22 12:00:00,1.2285,1.22685,1.23072,1.2268,1.2287,1.22707,1.23097,1.22703,27474
2018-02-22 13:00:00,1.22685,1.23122,1.23144,1.22635,1.22707,1.23144,1.23163,1.22658,27848
2018-02-22 14:00:00,1.23122,1.23264,1.23359,1.23044,1.23144,1.23288,1.23381,1.23066,28142
2018-02-22 15:00:00,1.23264,1.23207,1.23512,1.23151,1.23288,1.23231,1.23533,1.23173,25594
2018-02-22 16:00:00,1.23207,1.23243,1.23309,1.23129,1.23231,1.23266,1.23331,1.23152,19614
2018-02-22 17:00:00,1.23243,1.23352,1.23435,1.23234,1.23266,1.23375,1.23457,1.23257,10469
2018-02-22 18:00:00,1.23352,1.23239,1.23381,1.23186,1.23375,1.23262,1.23405,1.23209,9317
2018-02-22 19:00:00,1.23239,1.23301,1.23351,1.23221,1.23262,1.23323,1.23374,1.23243,6714
2018-02-22 20:00:00,1.23301,1.23246,1.23334,1.23184,1.23323,1.23268,1.23358,1.23206,6039
2018-02-22 21:00:00,1.23246,1.23285,1.23305,1.23221,1.23268,1.2333,1.23336,1.23242,3432
2018-02-22 22:00:00,1.23285,1.23286,1.23311,1.23229,1.2333,1.2332,1.23377,1.23278,3788
2018-02-22 23:00:00,1.23286,1.23246,1.23363,1.23241,1.2332,1.23268,1.23389,1.23264,4037
2018-02-23 00:00:00,1.23246,1.23259,1.23306,1.23206,1.23268,1.23283,1.23329,1.23229,5195
2018-02-23 01:00:00,1.23259,1.23246,1.23281,1.23153,1.23283,1.23268,1.23304,1.23175,6199
2018-02-23 02:00:00,1.23246,1.23129,1.23251,1.23103,1.23268,1.2315,1.23274,1.23128,5521
2018-02-23 03:00:00,1.23129,1.2306,1.23149,1.23006,1.2315,1.23083,1.23173,1.23029,6930
2018-02-23 04:00:00,1.2306,1.23004,1.23089,1.22945,1.23083,1.23027,1.2311,1.22968,5199
2018-02-23 05:00:00,1.23004,1.23014,1.23046,1.22952,1.23027,1.23037,1.23069,1.22975,4142
2018-02-23 06:00:00,1.23014,1.22931,1.23069,1.2287,1.23037,1.22952,1.23092,1.22892,6095
2018-02-23 07:00:00,1.22931,1.22941,1.22961,1.22786,1.22952,1.22964,1.22983,1.22809,11410
2018-02-23 08:00:00,1.22941,1.23165,1.23199,1.22874,1.22964,1.23187,1.2322,1.22896,17584
2018-02-23 09:00:00,1.23165,1.23066,1.23196,1.23039,1.23187,1.23089,1.23218,1.23062,12983
2018-02-23 10:00:00,1.23066,1.22999,1.23164,1.22983,1.23089,1.23022,1.23188,1.23005,11640
2018-02-23 11:00:00,1.22999,1.23055,1.23066,1.22867,1.23022,1.23077,1.2309,1.22888,12616
2018-02-23 12:00:00,1.23055,1.22972,1.23117,1.22957,1.23077,1.22995,1.2314,1.2298,11518
2018-02-23 13:00:00,1.22972,1.22968,1.2305,1.22883,1.22995,1.2299,1.23071,1.22906,14604
2018-02-23 14:00:00,1.22968,1.2303,1.23056,1.22861,1.2299,1.23052,1.23078,1.22883,14986
2018-02-23 15:00:00,1.2303,1.22985,1.23174,1.22891,1.23052,1.23006,1.23195,1.22913,21634
2018-02-23 16:00:00,1.22985,1.22965,1.23031,1.2284,1.23006,1.22988,1.23053,1.22862,18363
2018-02-23 17:00:00,1.22965,1.23051,1.23069,1.22958,1.22988,1.23074,1.23092,1.22981,7225
2018-02-23 18:00:00,1.23051,1.22932,1.23052,1.22889,1.23074,1.22954,1.23075,1.22911,5568
2018-02-23 19:00:00,1.22932,1.2295,1.22963,1.22877,1.22954,1.22974,1.22986,1.22901,5406
2018-02-23 20:00:00,1.2295,1.22935,1.23042,1.22925,1.22974,1.22958,1.23065,1.22946,6328
2018-02-23 21:00:00,1.22935,1.22922,1.22974,1.22871,1.22958,1.22998,1.23,1.22896,5694
2018-02-25 19:00:00,1.22922,1.22922,1.22926,1.2289,1.22998,1.2296,1.22969,1.22946,29
2018-02-25 20:00:00,1.22922,1.22888,1.22927,1.22843,1.2296,1.22941,1.22964,1.2288,277
2018-02-25 21:00:00,1.22888,1.2292,1.2299,1.22865,1.22941,1.22959,1.2306,1.2291,438
2018-02-25 22:00:00,1.2292,1.2286,1.22927,1.22838,1.22959,1.22902,1.22984,1.22873,1171
2018-02-25 23:00:00,1.2286,1.22873,1.22938,1.22799,1.22902,1.22898,1.22963,1.22823,4690
2018-02-26 00:00:00,1.22873,1.22886,1.22922,1.22791,1.22898,1.22911,1.22945,1.22815,6610
2018-02-26 01:00:00,1.22886,1.22976,1.23039,1.2287,1.22911,1.23,1.23062,1.22893,7655
2018-02-26 02:00:00,1.22976,1.2314,1.23179,1.2297,1.23,1.23164,1.23202,1.22993,7235
2018-02-26 03:00:00,1.2314,1.23091,1.23163,1.23082,1.23164,1.23115,1.23188,1.23105,3326
2018-02-26 04:00:00,1.23091,1.23111,1.23133,1.23062,1.23115,1.23135,1.23156,1.23085,3028
2018-02-26 05:00:00,1.23111,1.23269,1.2327,1.23092,1.23135,1.23293,1.23294,1.23115,5981
2018-02-26 06:00:00,1.23269,1.23293,1.23334,1.23229,1.23293,1.23315,1.23357,1.23253,6636
2018-02-26 07:00:00,1.23293,1.23188,1.23337,1.23143,1.23315,1.23212,1.23359,1.23165,14791
2018-02-26 08:00:00,1.23188,1.23185,1.23337,1.23146,1.23212,1.23206,1.2336,1.2317,15105
2018-02-26 09:00:00,1.23185,1.23419,1.23488,1.23175,1.23206,1.23441,1.2351,1.232,12859
2018-02-26 10:00:00,1.23419,1.23446,1.23541,1.23362,1.23441,1.2347,1.23565,1.23384,10943
2018-02-26 11:00:00,1.23446,1.23344,1.23477,1.23316,1.2347,1.23368,1.23496,1.23339,8447
2018-02-26 12:00:00,1.23344,1.23197,1.23364,1.23196,1.23368,1.23219,1.23387,1.23219,11143
2018-02-26 13:00:00,1.23197,1.23033,1.23258,1.23031,1.23219,1.23053,1.2328,1.23053,15453
2018-02-26 14:00:00,1.23033,1.23025,1.23137,1.22966,1.23053,1.2305,1.2316,1.22989,19295
2018-02-26 15:00:00,1.23025,1.22886,1.23058,1.22767,1.2305,1.22908,1.23081,1.22788,27491
2018-02-26 16:00:00,1.22886,1.2294,1.23164,1.22855,1.22908,1.22963,1.23187,1.22877,16906
2018-02-26 17:00:00,1.2294,1.23067,1.23076,1.22891,1.22963,1.2309,1.231,1.22913,8654
2018-02-26 18:00:00,1.23067,1.2309,1.23108,1.23013,1.2309,1.23112,1.23131,1.23034,5042
2018-02-26 19:00:00,1.2309,1.23105,1.23129,1.23051,1.23112,1.23128,1.23152,1.23075,4796
2018-02-26 20:00:00,1.23105,1.23121,1.23151,1.23066,1.23128,1.23144,1.23172,1.23089,4829
2018-02-26 21:00:00,1.23121,1.2316,1.23187,1.23102,1.23144,1.23187,1.2321,1.23122,2271
2018-02-26 22:00:00,1.2316,1.23114,1.23162,1.23105,1.23187,1.23144,1.23196,1.2314,3223
2018-02-26 23:00:00,1.23114,1.23141,1.2315,1.23076,1.23144,1.23165,1.23175,1.23102,2743
2018-02-27 00:00:00,1.23141,1.23305,1.23357,1.23133,1.23165,1.23329,1.23381,1.23156,8746
2018-02-27 01:00:00,1.23305,1.23349,1.23357,1.23264,1.23329,1.23371,1.23381,1.23286,6660
2018-02-27 02:00:00,1.23349,1.23348,1.23417,1.2333,1.23371,1.23371,1.2344,1.23351,4669
2018-02-27 03:00:00,1.23348,1.23231,1.23362,1.23205,1.23371,1.23255,1.23385,1.23227,5748
2018-02-27 04:00:00,1.23231,1.2323,1.23268,1.23202,1.23255,1.23254,1.2329,1.23225,3409
2018-02-27 05:00:00,1.2323,1.23249,1.23292,1.23224,1.23254,1.23273,1.23315,1.23247,2782
2018-02-27 06:00:00,1.23249,1.23259,1.23323,1.23188,1.23273,1.2328,1.23347,1.23212,5800
2018-02-27 07:00:00,1.23259,1.23398,1.23438,1.23205,1.2328,1.2342,1.2346,1.23228,13558
2018-02-27 08:00:00,1.23398,1.23318,1.23454,1.23252,1.2342,1.2334,1.23475,1.23274,15911
2018-02-27 09:00:00,1.23318,1.23301,1.23376,1.23258,1.2334,1.23324,1.234,1.2328,10665
2018-02-27 10:00:00,1.23301,1.23266,1.23367,1.23205,1.23324,1.2329,1.23389,1.23228,13094
2018-02-27 11:00:00,1.23266,1.2316,1.23299,1.2312,1.2329,1.23184,1.23319,1.23143,9986
2018-02-27 12:00:00,1.2316,1.23161,1.23201,1.23139,1.23184,1.23183,1.23222,1.23161,8830
2018-02-27 13:00:00,1.23161,1.22866,1.23171,1.22847,1.23183,1.22891,1.23193,1.2287,35794
2018-02-27 14:00:00,1.22866,1.22727,1.22978,1.22701,1.22891,1.22749,1.23,1.22722,33275
2018-02-27 15:00:00,1.22727,1.22378,1.22778,1.22204,1.22749,1.22399,1.22801,1.22226,49807
2018-02-27 16:00:00,1.22378,1.22384,1.22456,1.22294,1.22399,1.22407,1.22479,1.22316,30768
2018-02-27 17:00:00,1.22384,1.22466,1.22497,1.22243,1.22407,1.22489,1.2252,1.22266,16086
2018-02-27 18:00:00,1.22466,1.22416,1.22538,1.22402,1.22489,1.2244,1.22561,1.22425,8859
2018-02-27 19:00:00,1.22416,1.22347,1.22439,1.2233,1.2244,1.22371,1.22462,1.22352,7525
2018-02-27 20:00:00,1.22347,1.22281,1.2239,1.2228,1.22371,1.22305,1.22414,1.22302,6905
2018-02-27 21:00:00,1.22281,1.22309,1.22322,1.22246,1.22305,1.22338,1.22349,1.22268,3190
2018-02-27 22:00:00,1.22309,1.22342,1.22344,1.22284,1.22338,1.22368,1.22372,1.22323,2332
2018-02-27 23:00:00,1.22342,1.2225,1.22375,1.22247,1.22368,1.22274,1.22399,1.2227,3170
2018-02-28 00:00:00,1.2225,1.22306,1.22362,1.222,1.22274,1.22327,1.22385,1.22224,8145
2018-02-28 01:00:00,1.22306,1.22285,1.22366,1.22259,1.22327,1.22308,1.22389,1.22282,9043
2018-02-28 02:00:00,1.22285,1.22153,1.22327,1.22142,1.22308,1.22178,1.22349,1.22165,7592
2018-02-28 03:00:00,1.22153,1.22226,1.22282,1.22144,1.22178,1.22248,1.22304,1.22166,7057
2018-02-28 04:00:00,1.22226,1.22231,1.22253,1.22195,1.22248,1.22254,1.22275,1.22219,3339
2018-02-28 05:00:00,1.22231,1.22261,1.2227,1.22204,1.22254,1.22285,1.22294,1.22227,3457
2018-02-28 06:00:00,1.22261,1.22348,1.22373,1.2217,1.22285,1.22372,1.22396,1.22193,7597
2018-02-28 07:00:00,1.22348,1.22227,1.22407,1.22215,1.22372,1.22248,1.22429,1.22233,14419
2018-02-28 08:00:00,1.22227,1.22098,1.22233,1.21984,1.22248,1.2212,1.22255,1.22005,21358
2018-02-28 09:00:00,1.22098,1.22192,1.2222,1.21976,1.2212,1.22214,1.22244,1.21998,18731
2018-02-28 10:00:00,1.22192,1.22194,1.22292,1.2209,1.22214,1.22217,1.22312,1.22112,15085
2018-02-28 11:00:00,1.22194,1.22171,1.22246,1.22128,1.22217,1.22194,1.22269,1.2215,13324
2018-02-28 12:00:00,1.22171,1.22179,1.22248,1.22098,1.22194,1.22201,1.22271,1.2212,14663
2018-02-28 13:00:00,1.22179,1.2217,1.22216,1.22013,1.22201,1.22193,1.22239,1.22035,19140
2018-02-28 14:00:00,1.2217,1.22069,1.22276,1.22054,1.22193,1.22093,1.22295,1.22078,21264
2018-02-28 15:00:00,1.22069,1.21949,1.2214,1.21867,1.22093,1.21971,1.22161,1.2189,31280
2018-02-28 16:00:00,1.21949,1.22096,1.22201,1.21921,1.21971,1.22119,1.22224,1.21944,21588
2018-02-28 17:00:00,1.22096,1.22075,1.22212,1.22038,1.22119,1.22097,1.22235,1.22061,9567
2018-02-28 18:00:00,1.22075,1.22097,1.22099,1.21995,1.22097,1.2212,1.22123,1.22017,6254
2018-02-28 19:00:00,1.22097,1.22022,1.22135,1.21992,1.2212,1.22046,1.22157,1.22015,6557
2018-02-28 20:00:00,1.22022,1.21992,1.22034,1.21941,1.22046,1.22014,1.22057,1.21962,8025
2018-02-28 21:00:00,1.21992,1.21922,1.22012,1.21915,1.22014,1.21962,1.22031,1.21938,3414
2018-02-28 22:00:00,1.21922,1.21914,1.21982,1.21888,1.21962,1.21941,1.22022,1.21914,3266
2018-02-28 23:00:00,1.21914,1.21904,1.2195,1.21891,1.21941,1.21928,1.21975,1.21914,2204
2018-03-01 00:00:00,1.21904,1.21882,1.21929,1.21824,1.21928,1.21903,1.21951,1.21847,6548
2018-03-01 01:00:00,1.21882,1.21906,1.21915,1.2183,1.21903,1.21927,1.21939,1.21854,5445
2018-03-01 02:00:00,1.21906,1.21887,1.21931,1.21851,1.21927,1.2191,1.21955,1.21873,4138
2018-03-01 03:00:00,1.21887,1.21947,1.21974,1.21878,1.2191,1.2197,1.21996,1.219,2920
2018-03-01 04:00:00,1.21947,1.21926,1.2195,1.21888,1.2197,1.21949,1.21974,1.21911,2927
2018-03-01 05:00:00,1.21926,1.21913,1.21959,1.21895,1.21949,1.21936,1.21984,1.21918,2892
2018-03-01 06:00:00,1.21913,1.22045,1.22051,1.21865,1.21936,1.22068,1.22074,1.21888,6285
2018-03-01 07:00:00,1.22045,1.21994,1.22121,1.21989,1.22068,1.22015,1.22143,1.22011,14207
2018-03-01 08:00:00,1.21994,1.21962,1.22047,1.21899,1.22015,1.21984,1.2207,1.21923,15647
2018-03-01 09:00:00,1.21962,1.21805,1.21963,1.21788,1.21984,1.21828,1.21988,1.21809,13750
2018-03-01 10:00:00,1.21805,1.21868,1.2195,1.21788,1.21828,1.21891,1.21972,1.2181,12186
2018-03-01 11:00:00,1.21868,1.21835,1.21895,1.21789,1.21891,1.21859,1.21916,1.21809,9497
2018-03-01 12:00:00,1.21835,1.21676,1.21878,1.21635,1.21859,1.217,1.219,1.21656,14211
2018-03-01 13:00:00,1.21676,1.21863,1.21869,1.2162,1.217,1.21886,1.21892,1.21636,17069
2018-03-01 14:00:00,1.21863,1.21711,1.2191,1.21638,1.21886,1.21747,1.21932,1.21659,22455
2018-03-01 15:00:00,1.21711,1.21755,1.22048,1.21534,1.21747,1.21776,1.22068,1.21556,43340
2018-03-01 16:00:00,1.21755,1.22143,1.2221,1.21706,1.21776,1.22166,1.22233,1.21728,28211
2018-03-01 17:00:00,1.22143,1.2211,1.22191,1.22037,1.22166,1.22133,1.22213,1.2206,13836
2018-03-01 18:00:00,1.2211,1.2196,1.22162,1.21855,1.22133,1.21982,1.22183,1.21878,16482
2018-03-01 19:00:00,1.2196,1.22541,1.22575,1.2195,1.21982,1.22565,1.22597,1.21971,26849
2018-03-01 20:00:00,1.22541,1.22617,1.22723,1.22512,1.22565,1.22638,1.22742,1.22536,20940
2018-03-01 21:00:00,1.22617,1.22656,1.22692,1.22589,1.22638,1.22686,1.22712,1.22613,3752
2018-03-01 22:00:00,1.22656,1.22734,1.22735,1.22613,1.22686,1.22758,1.22761,1.22644,2433
2018-03-01 23:00:00,1.22734,1.227,1.22734,1.2265,1.22758,1.22723,1.22757,1.22674,3396
2018-03-02 00:00:00,1.227,1.22724,1.22742,1.22608,1.22723,1.22746,1.22762,1.22632,6225
2018-03-02 01:00:00,1.22724,1.22735,1.22795,1.22661,1.22746,1.22756,1.22816,1.22684,7337
2018-03-02 02:00:00,1.22735,1.22721,1.22756,1.22686,1.22756,1.22742,1.22779,1.22709,5459
2018-03-02 03:00:00,1.22721,1.22791,1.22804,1.2271,1.22742,1.22815,1.22827,1.22734,3801
2018-03-02 04:00:00,1.22791,1.22771,1.22869,1.2277,1.22815,1.22793,1.2289,1.22792,3739
2018-03-02 05:00:00,1.22771,1.22779,1.22845,1.22736,1.22793,1.22803,1.22868,1.22757,4587
2018-03-02 06:00:00,1.22779,1.2262,1.22784,1.22609,1.22803,1.22641,1.22808,1.22632,7570
2018-03-02 07:00:00,1.2262,1.22622,1.2266,1.22504,1.22641,1.22644,1.22683,1.22527,15198
2018-03-02 08:00:00,1.22622,1.22731,1.22777,1.22534,1.22644,1.22755,1.22798,1.22556,17601
2018-03-02 09:00:00,1.22731,1.22749,1.2281,1.22611,1.22755,1.22772,1.22834,1.22634,14907
2018-03-02 10:00:00,1.22749,1.22894,1.22971,1.22735,1.22772,1.22916,1.22993,1.22756,16100
2018-03-02 11:00:00,1.22894,1.2303,1.23216,1.22877,1.22916,1.23052,1.23239,1.22898,23347
2018-03-02 12:00:00,1.2303,1.23071,1.23222,1.23027,1.23052,1.23094,1.23242,1.23049,18295
2018-03-02 13:00:00,1.23071,1.23078,1.23206,1.2293,1.23094,1.23102,1.23216,1.22953,22856
2018-03-02 14:00:00,1.23078,1.23127,1.23145,1.22959,1.23102,1.23152,1.23169,1.22983,22045
2018-03-02 15:00:00,1.23127,1.23081,1.23317,1.23072,1.23152,1.23104,1.2334,1.23095,25256
2018-03-02 16:00:00,1.23081,1.23137,1.23225,1.23031,1.23104,1.23158,1.23249,1.23053,19325
2018-03-02 17:00:00,1.23137,1.23111,1.23191,1.23032,1.23158,1.23133,1.23215,1.23055,10259
2018-03-02 18:00:00,1.23111,1.23205,1.23228,1.2311,1.23133,1.23228,1.23251,1.23133,8390
2018-03-02 19:00:00,1.23205,1.23297,1.23299,1.23192,1.23228,1.2332,1.23322,1.23215,6863
2018-03-02 20:00:00,1.23297,1.23298,1.23348,1.23226,1.2332,1.2332,1.23371,1.23249,7704
2018-03-02 21:00:00,1.23298,1.23149,1.23302,1.23146,1.2332,1.23225,1.23325,1.23195,4561
2018-03-04 22:00:00,1.23318,1.23442,1.23638,1.23234,1.23392,1.23477,1.23672,1.23282,5931
2018-03-04 23:00:00,1.23442,1.23165,1.23457,1.22984,1.23476,1.23189,1.23486,1.23005,19491
2018-03-05 00:00:00,1.23165,1.23313,1.23368,1.23151,1.23189,1.23337,1.23391,1.23174,8087
2018-03-05 01:00:00,1.23313,1.23287,1.23361,1.23272,1.23337,1.23313,1.23382,1.23296,4779
2018-03-05 02:00:00,1.23288,1.23207,1.23294,1.23186,1.23313,1.2323,1.23318,1.23208,4626
2018-03-05 03:00:00,1.23207,1.23258,1.23271,1.23152,1.2323,1.23281,1.23294,1.23176,3729
2018-03-05 04:00:00,1.23257,1.23205,1.23263,1.23181,1.2328,1.23229,1.23287,1.23203,3218
2018-03-05 05:00:00,1.23205,1.23178,1.23247,1.23113,1.23229,1.23201,1.23272,1.23137,3704
2018-03-05 06:00:00,1.23178,1.229,1.23198,1.22859,1.23201,1.22923,1.23222,1.22879,8661
2018-03-05 07:00:00,1.22901,1.22834,1.22964,1.2268,1.22923,1.22857,1.22986,1.22702,21659
2018-03-05 08:00:00,1.22833,1.23232,1.23323,1.22815,1.22856,1.23256,1.23344,1.22837,22669
2018-03-05 09:00:00,1.23232,1.23209,1.23333,1.23106,1.23256,1.23235,1.23355,1.23127,13672
2018-03-05 10:00:00,1.2321,1.23126,1.23307,1.23057,1.23235,1.23149,1.2333,1.23078,14373
2018-03-05 11:00:00,1.23126,1.23006,1.23149,1.22941,1.23149,1.23026,1.23172,1.22964,13936
2018-03-05 12:00:00,1.23005,1.22965,1.23049,1.22829,1.23025,1.22988,1.23073,1.2285,13703
2018-03-05 13:00:00,1.22966,1.23071,1.23115,1.22919,1.22989,1.23094,1.23137,1.2294,12736
2018-03-05 14:00:00,1.23071,1.23227,1.23228,1.23011,1.23094,1.2325,1.23253,1.23034,17388
2018-03-05 15:00:00,1.23226,1.2326,1.23284,1.2309,1.23249,1.23283,1.23308,1.2311,22967
2018-03-05 16:00:00,1.23261,1.2328,1.2348,1.23193,1.23284,1.23304,1.235,1.23216,20803
2018-03-05 17:00:00,1.2328,1.23331,1.23395,1.23217,1.23304,1.23353,1.23417,1.23241,11564
2018-03-05 18:00:00,1.23331,1.2324,1.23343,1.23207,1.23353,1.23262,1.23367,1.2323,7304
2018-03-05 19:00:00,1.2324,1.23243,1.23332,1.23213,1.23262,1.23266,1.23354,1.23236,6089
2018-03-05 20:00:00,1.23243,1.2337,1.23376,1.23216,1.23266,1.23393,1.234,1.23236,5544
2018-03-05 21:00:00,1.2337,1.23347,1.2337,1.23325,1.23393,1.23373,1.23393,1.23348,2011
2018-03-05 22:00:00,1.23347,1.23336,1.23372,1.23309,1.23373,1.2336,1.23398,1.23332,1537
2018-03-05 23:00:00,1.23335,1.23355,1.23384,1.23333,1.23359,1.23379,1.23406,1.23351,2296
2018-03-06 00:00:00,1.23355,1.23486,1.23548,1.2334,1.23379,1.23511,1.23574,1.23364,6902
2018-03-06 01:00:00,1.23487,1.23547,1.23618,1.23477,1.23512,1.23571,1.23642,1.23501,8543
2018-03-06 02:00:00,1.23547,1.23496,1.23585,1.23469,1.23571,1.23517,1.23605,1.2349,4070
2018-03-06 03:00:00,1.23496,1.23484,1.2354,1.23454,1.23518,1.23507,1.23563,1.23477,3542
2018-03-06 04:00:00,1.23484,1.2346,1.23501,1.23454,1.23507,1.23484,1.23525,1.23478,2816
2018-03-06 05:00:00,1.2346,1.2348,1.23507,1.2342,1.23484,1.23504,1.23531,1.23443,3676
2018-03-06 06:00:00,1.2348,1.23376,1.23545,1.23332,1.23504,1.234,1.23567,1.23354,6892
2018-03-06 07:00:00,1.23376,1.23321,1.23493,1.2327,1.234,1.23345,1.23516,1.23292,13035
2018-03-06 08:00:00,1.23321,1.23377,1.23449,1.23287,1.23345,1.23399,1.23472,1.23311,14292
2018-03-06 09:00:00,1.23377,1.23429,1.23442,1.23309,1.23399,1.23452,1.23466,1.23333,12107
2018-03-06 10:00:00,1.23429,1.23452,1.23507,1.23333,1.23452,1.23474,1.2353,1.23355,10488
2018-03-06 11:00:00,1.23453,1.23961,1.23991,1.23419,1.23475,1.23985,1.24014,1.23443,27245
2018-03-06 12:00:00,1.23961,1.24076,1.2413,1.23889,1.23984,1.24096,1.24154,1.23911,19039
2018-03-06 13:00:00,1.24076,1.2406,1.24108,1.23945,1.24097,1.24083,1.24132,1.23967,15248
2018-03-06 14:00:00,1.2406,1.23947,1.24094,1.23854,1.24083,1.23968,1.24116,1.23877,22049
2018-03-06 15:00:00,1.23947,1.23967,1.24072,1.2393,1.23967,1.23988,1.24094,1.23951,24049
2018-03-06 16:00:00,1.23967,1.24145,1.24191,1.23961,1.23988,1.2417,1.24215,1.23981,21076
2018-03-06 17:00:00,1.24145,1.2392,1.24161,1.23876,1.2417,1.23944,1.24184,1.23899,11820
2018-03-06 18:00:00,1.23921,1.24049,1.24082,1.23911,1.23945,1.24073,1.24104,1.23933,10232
2018-03-06 19:00:00,1.24049,1.24045,1.24106,1.23993,1.24073,1.24069,1.24126,1.24014,5652
2018-03-06 20:00:00,1.24045,1.24018,1.24065,1.23984,1.24069,1.24039,1.24086,1.24005,6177
2018-03-06 21:00:00,1.24018,1.24018,1.24077,1.24013,1.2404,1.24056,1.241,1.24036,2230
2018-03-06 22:00:00,1.24018,1.24195,1.24223,1.24018,1.24056,1.24225,1.24259,1.24056,5817
2018-03-06 23:00:00,1.24196,1.24145,1.24276,1.24115,1.24225,1.24169,1.24306,1.24139,8910
2018-03-07 00:00:00,1.24144,1.24164,1.24262,1.24116,1.24168,1.24187,1.24283,1.2414,9917
2018-03-07 01:00:00,1.24165,1.24128,1.24197,1.2409,1.24187,1.24152,1.24218,1.24114,8400
2018-03-07 02:00:00,1.24128,1.24157,1.24171,1.24095,1.24152,1.2418,1.24194,1.24118,5892
2018-03-07 03:00:00,1.24157,1.24179,1.24202,1.24099,1.24179,1.24201,1.24225,1.2412,5997
2018-03-07 04:00:00,1.2418,1.24141,1.24203,1.24139,1.24201,1.24165,1.24225,1.2416,3128
2018-03-07 05:00:00,1.2414,1.24175,1.24216,1.2414,1.24164,1.24199,1.24239,1.24164,3957
2018-03-07 06:00:00,1.24175,1.24246,1.24324,1.2417,1.24199,1.24267,1.2435,1.24192,9463
2018-03-07 07:00:00,1.24247,1.24079,1.24266,1.2406,1.24268,1.24102,1.24289,1.24083,14898
2018-03-07 08:00:00,1.24079,1.2409,1.24172,1.24029,1.24102,1.24111,1.24194,1.24051,16460
2018-03-07 09:00:00,1.2409,1.24224,1.24265,1.24044,1.24111,1.24247,1.24286,1.24068,13269
2018-03-07 10:00:00,1.24224,1.24337,1.24446,1.24202,1.24247,1.24359,1.24461,1.24225,14842
2018-03-07 11:00:00,1.24337,1.24064,1.24356,1.24064,1.24359,1.24087,1.24379,1.24087,11065
2018-03-07 12:00:00,1.24063,1.24164,1.24172,1.2397,1.24086,1.24185,1.24195,1.23991,13647
2018-03-07 13:00:00,1.24164,1.24136,1.24234,1.24017,1.24186,1.2416,1.24256,1.24039,21582
2018-03-07 14:00:00,1.24136,1.24087,1.24215,1.2405,1.2416,1.2411,1.24238,1.24073,19704
2018-03-07 15:00:00,1.24087,1.24018,1.24152,1.2387,1.2411,1.24042,1.24174,1.23891,28176
2018-03-07 16:00:00,1.24018,1.23952,1.24035,1.23838,1.24042,1.23974,1.24059,1.23859,19407
2018-03-07 17:00:00,1.23953,1.23994,1.24054,1.23895,1.23975,1.24018,1.24077,1.23917,11792
2018-03-07 18:00:00,1.23994,1.2407,1.24131,1.23957,1.24018,1.24093,1.24154,1.23978,7288
2018-03-07 19:00:00,1.24071,1.24036,1.24117,1.2401,1.24094,1.24058,1.2414,1.24032,6645
2018-03-07 20:00:00,1.24036,1.24117,1.24123,1.2401,1.24058,1.2414,1.24147,1.24033,6368
2018-03-07 21:00:00,1.24117,1.24098,1.24147,1.2409,1.2414,1.24128,1.24171,1.24113,2788
2018-03-07 22:00:00,1.24098,1.2409,1.24111,1.24085,1.24128,1.24121,1.24139,1.24112,1835
2018-03-07 23:00:00,1.24089,1.24111,1.24144,1.24083,1.2412,1.24134,1.2417,1.24109,2530
2018-03-08 00:00:00,1.24111,1.24066,1.24141,1.24056,1.24134,1.24089,1.24165,1.24079,5968
2018-03-08 01:00:00,1.24066,1.23995,1.24082,1.23951,1.2409,1.24018,1.24105,1.23974,5888
2018-03-08 02:00:00,1.23995,1.24007,1.2405,1.23982,1.24018,1.24031,1.24073,1.24005,4580
2018-03-08 03:00:00,1.24007,1.24058,1.24062,1.23949,1.24031,1.24081,1.24086,1.23974,4225
2018-03-08 04:00:00,1.24058,1.24051,1.2408,1.24026,1.24081,1.24074,1.24102,1.24049,3120
2018-03-08 05:00:00,1.24051,1.24028,1.24088,1.24024,1.24074,1.24052,1.24111,1.24047,3867
2018-03-08 06:00:00,1.24028,1.23955,1.2408,1.23927,1.24052,1.23979,1.24104,1.2395,5166
2018-03-08 07:00:00,1.23955,1.24104,1.24118,1.23927,1.23979,1.24127,1.24143,1.2395,15255
2018-03-08 08:00:00,1.24105,1.23918,1.24136,1.23895,1.24128,1.23941,1.24159,1.23918,17882
2018-03-08 09:00:00,1.23918,1.23816,1.23932,1.23768,1.23941,1.23839,1.23955,1.23792,15504
2018-03-08 10:00:00,1.23816,1.23775,1.23887,1.23765,1.23839,1.238,1.2391,1.23787,11739
2018-03-08 11:00:00,1.23775,1.23773,1.2378,1.23677,1.238,1.23796,1.23803,1.23699,11277
2018-03-08 12:00:00,1.23773,1.24091,1.24303,1.23719,1.23796,1.24116,1.24328,1.23742,31482
2018-03-08 13:00:00,1.2409,1.24016,1.24449,1.23832,1.24116,1.24039,1.24475,1.23853,68488
2018-03-08 14:00:00,1.24017,1.23497,1.24038,1.23485,1.24039,1.23521,1.24062,1.23506,46260
2018-03-08 15:00:00,1.23497,1.23267,1.23544,1.23233,1.23521,1.2329,1.23568,1.23255,33313
2018-03-08 16:00:00,1.23266,1.23123,1.23357,1.23032,1.2329,1.23147,1.23379,1.23052,27067
2018-03-08 17:00:00,1.23123,1.23175,1.23216,1.23101,1.23147,1.23199,1.23234,1.23127,11300
2018-03-08 18:00:00,1.23175,1.23131,1.23187,1.23054,1.23199,1.23155,1.23209,1.23077,8931
2018-03-08 19:00:00,1.2313,1.23039,1.23181,1.22968,1.23154,1.23062,1.23205,1.22991,15687
2018-03-08 20:00:00,1.23039,1.23121,1.23126,1.23002,1.23063,1.23143,1.2315,1.23027,11858
2018-03-08 21:00:00,1.23121,1.23102,1.23133,1.23085,1.23143,1.23131,1.23156,1.23107,4415
2018-03-08 22:00:00,1.23102,1.23118,1.23181,1.23082,1.23131,1.23145,1.23211,1.23118,3190
2018-03-08 23:00:00,1.23118,1.23057,1.2314,1.23036,1.23145,1.2308,1.23166,1.23061,8781
2018-03-09 00:00:00,1.23057,1.23086,1.23149,1.23013,1.2308,1.23109,1.23171,1.23037,8040
2018-03-09 01:00:00,1.23086,1.22975,1.23091,1.22941,1.23109,1.22999,1.23113,1.22964,11649
2018-03-09 02:00:00,1.22975,1.23097,1.23115,1.2296,1.22999,1.2312,1.23139,1.22983,4911
2018-03-09 03:00:00,1.23097,1.23093,1.23115,1.23065,1.2312,1.23115,1.23139,1.23088,3327
2018-03-09 04:00:00,1.23093,1.23126,1.23127,1.23067,1.23115,1.23149,1.23151,1.23091,3683
2018-03-09 05:00:00,1.23126,1.23142,1.23164,1.23104,1.23149,1.23164,1.23187,1.23127,2923
2018-03-09 06:00:00,1.23141,1.23205,1.23205,1.23127,1.23164,1.23228,1.23229,1.23151,5352
2018-03-09 07:00:00,1.23205,1.23169,1.23208,1.23099,1.23228,1.23193,1.23232,1.23122,13437
2018-03-09 08:00:00,1.23169,1.2305,1.23202,1.22932,1.23193,1.23074,1.23226,1.22954,16403
2018-03-09 09:00:00,1.23049,1.23008,1.23168,1.22981,1.23073,1.2303,1.23191,1.23001,12986
2018-03-09 10:00:00,1.23008,1.22928,1.23056,1.22913,1.2303,1.22951,1.23079,1.22937,13109
2018-03-09 11:00:00,1.22929,1.22973,1.23038,1.22892,1.22951,1.22995,1.2306,1.22914,10081
2018-03-09 12:00:00,1.22972,1.22941,1.23008,1.22917,1.22995,1.22964,1.2303,1.2294,11357
2018-03-09 13:00:00,1.22941,1.22921,1.23125,1.2272,1.22964,1.22947,1.23147,1.22742,55927
2018-03-09 14:00:00,1.22922,1.23116,1.23123,1.22901,1.22947,1.23135,1.23147,1.22925,32865
2018-03-09 15:00:00,1.23116,1.23176,1.23332,1.23044,1.23135,1.23199,1.23355,1.23068,32787
2018-03-09 16:00:00,1.23175,1.23235,1.2329,1.23151,1.23198,1.23259,1.23313,1.23174,16666
2018-03-09 17:00:00,1.23235,1.23164,1.23289,1.23149,1.2326,1.23189,1.23314,1.23173,8323
2018-03-09 18:00:00,1.23164,1.23114,1.23201,1.23099,1.23189,1.23139,1.23225,1.23122,6859
2018-03-09 19:00:00,1.23114,1.23134,1.23181,1.23098,1.23139,1.23157,1.23204,1.23121,4046
2018-03-09 20:00:00,1.23134,1.23056,1.23164,1.23015,1.23157,1.23079,1.23188,1.23036,6671
2018-03-09 21:00:00,1.23056,1.23023,1.23082,1.23021,1.23079,1.23097,1.23107,1.23048,2480
2018-03-11 18:00:00,1.23113,1.23127,1.23138,1.23113,1.23191,1.23193,1.23196,1.23179,9
2018-03-11 19:00:00,1.23127,1.23138,1.23148,1.23122,1.23194,1.2319,1.23201,1.23182,27
2018-03-11 20:00:00,1.23138,1.23119,1.23141,1.23102,1.2319,1.23147,1.23202,1.23147,33
2018-03-11 21:00:00,1.23119,1.23094,1.23129,1.23057,1.23147,1.23127,1.23178,1.23088,367
2018-03-11 22:00:00,1.23094,1.23094,1.2312,1.23057,1.23127,1.23119,1.2316,1.23084,1399
2018-03-11 23:00:00,1.23094,1.23074,1.23123,1.2305,1.23119,1.23098,1.23147,1.23074,2467
2018-03-12 00:00:00,1.23074,1.23096,1.23126,1.23061,1.23098,1.23118,1.23148,1.23085,4118
2018-03-12 01:00:00,1.23096,1.23155,1.23173,1.2305,1.23118,1.23179,1.23197,1.23074,4916
2018-03-12 02:00:00,1.23155,1.23203,1.2322,1.23149,1.23179,1.23226,1.23242,1.23171,3290
2018-03-12 03:00:00,1.23202,1.23218,1.23223,1.23181,1.23225,1.23242,1.23247,1.23205,2012
2018-03-12 04:00:00,1.23219,1.23238,1.23247,1.23192,1.23242,1.23262,1.23272,1.23216,2603
2018-03-12 05:00:00,1.23238,1.23187,1.2324,1.2317,1.23262,1.2321,1.23263,1.23192,3061
2018-03-12 06:00:00,1.23186,1.2322,1.23225,1.23137,1.23209,1.23243,1.23249,1.23161,3757
2018-03-12 07:00:00,1.23221,1.23367,1.23398,1.23153,1.23244,1.23388,1.23423,1.23177,13403
2018-03-12 08:00:00,1.23367,1.23332,1.23384,1.23213,1.23388,1.23353,1.23408,1.23236,12806
2018-03-12 09:00:00,1.23332,1.23108,1.23335,1.23105,1.23353,1.23132,1.23359,1.23128,9815
2018-03-12 10:00:00,1.23107,1.2311,1.23144,1.23059,1.23131,1.23132,1.23168,1.23081,9654
2018-03-12 11:00:00,1.2311,1.2291,1.2311,1.22893,1.23132,1.22934,1.23132,1.22915,14191
2018-03-12 12:00:00,1.22911,1.23003,1.23013,1.22897,1.22935,1.23024,1.23037,1.2292,13912
2018-03-12 13:00:00,1.23002,1.23066,1.23087,1.22934,1.23023,1.2309,1.2311,1.22957,13198
2018-03-12 14:00:00,1.23067,1.23203,1.23203,1.2306,1.23091,1.23224,1.23224,1.23083,18295
2018-03-12 15:00:00,1.23203,1.23168,1.23253,1.23159,1.23224,1.23191,1.23275,1.23182,15687
2018-03-12 16:00:00,1.23168,1.23182,1.23233,1.23094,1.23191,1.23205,1.23257,1.23116,11214
2018-03-12 17:00:00,1.23182,1.23282,1.23345,1.23143,1.23205,1.23306,1.23367,1.23164,6707
2018-03-12 18:00:00,1.23281,1.23355,1.23445,1.23269,1.23306,1.23379,1.23467,1.23291,8044
2018-03-12 19:00:00,1.23355,1.23389,1.23392,1.23317,1.23379,1.23405,1.23415,1.2334,5419
2018-03-12 20:00:00,1.23389,1.23321,1.23398,1.2332,1.23405,1.23354,1.23422,1.23354,2458
2018-03-12 21:00:00,1.23322,1.23332,1.23386,1.23314,1.23355,1.23362,1.2344,1.2335,6366
2018-03-12 22:00:00,1.23331,1.23323,1.23357,1.23323,1.23361,1.23345,1.23381,1.23345,1512
2018-03-12 23:00:00,1.23323,1.23371,1.23384,1.2332,1.23345,1.23395,1.23408,1.23341,2447
2018-03-13 00:00:00,1.23372,1.23391,1.23442,1.23338,1.23396,1.23415,1.23466,1.23363,7293
2018-03-13 01:00:00,1.23391,1.23381,1.23405,1.23354,1.23415,1.23403,1.23429,1.23378,3206
2018-03-13 02:00:00,1.23381,1.23332,1.23395,1.23319,1.23404,1.23354,1.23418,1.23342,4476
2018-03-13 03:00:00,1.23332,1.23309,1.23343,1.23297,1.23354,1.23332,1.23365,1.23321,5481
2018-03-13 04:00:00,1.23309,1.23266,1.23322,1.2325,1.23332,1.2329,1.23345,1.23274,5482
2018-03-13 05:00:00,1.23266,1.23271,1.23287,1.2324,1.2329,1.23294,1.23311,1.23263,4595
2018-03-13 06:00:00,1.23271,1.23273,1.23347,1.23234,1.23294,1.23297,1.23371,1.23257,7097
2018-03-13 07:00:00,1.23273,1.23184,1.23325,1.23161,1.23296,1.23208,1.2335,1.23184,11442
2018-03-13 08:00:00,1.23184,1.2333,1.23335,1.23134,1.23208,1.23351,1.23358,1.23157,11101
2018-03-13 09:00:00,1.2333,1.23282,1.23371,1.23226,1.23352,1.23305,1.23395,1.23248,13118
2018-03-13 10:00:00,1.23282,1.23286,1.23501,1.2326,1.23305,1.2331,1.23528,1.23283,12809
2018-03-13 11:00:00,1.23286,1.23357,1.23407,1.2325,1.2331,1.2338,1.23429,1.23273,10613
2018-03-13 12:00:00,1.23357,1.23646,1.23845,1.23307,1.23379,1.23669,1.23869,1.2333,48765
2018-03-13 13:00:00,1.23647,1.23676,1.23842,1.23579,1.23669,1.237,1.23866,1.23602,28905
2018-03-13 14:00:00,1.23676,1.23737,1.23804,1.23388,1.237,1.23757,1.23826,1.23412,36251
2018-03-13 15:00:00,1.23737,1.23968,1.23998,1.23693,1.23757,1.23991,1.24019,1.23716,29680
2018-03-13 16:00:00,1.23969,1.24001,1.24064,1.2387,1.23992,1.24024,1.24086,1.23891,17768
2018-03-13 17:00:00,1.24001,1.239,1.24052,1.23893,1.24023,1.23924,1.24076,1.23914,12234
2018-03-13 18:00:00,1.23901,1.2397,1.23983,1.23895,1.23925,1.23991,1.24007,1.23917,7768
2018-03-13 19:00:00,1.2397,1.23842,1.2399,1.2383,1.23991,1.23863,1.24013,1.23853,11442
2018-03-13 20:00:00,1.23842,1.23882,1.23928,1.23833,1.23863,1.23909,1.23952,1.23856,3491
2018-03-13 21:00:00,1.23882,1.23935,1.23962,1.23869,1.23909,1.23937,1.23988,1.23909,2446
2018-03-13 22:00:00,1.23936,1.23925,1.23946,1.2388,1.23938,1.23949,1.23963,1.23907,2120
2018-03-13 23:00:00,1.23924,1.23917,1.23943,1.23893,1.23948,1.23941,1.23967,1.23916,2474
2018-03-14 00:00:00,1.23918,1.23932,1.23976,1.23878,1.23942,1.23955,1.23999,1.23901,7359
2018-03-14 01:00:00,1.23932,1.2402,1.24045,1.23892,1.23955,1.24043,1.24069,1.23915,5843
2018-03-14 02:00:00,1.24019,1.24076,1.24106,1.23994,1.24042,1.241,1.2413,1.24018,7176
2018-03-14 03:00:00,1.24077,1.24033,1.2408,1.23996,1.241,1.24057,1.24101,1.24019,5085
2018-03-14 04:00:00,1.24033,1.24063,1.24069,1.24007,1.24057,1.24087,1.24091,1.24031,3330
2018-03-14 05:00:00,1.24063,1.24032,1.24116,1.24026,1.24087,1.24055,1.24139,1.2405,5179
2018-03-14 06:00:00,1.24032,1.23978,1.24046,1.23934,1.24055,1.24004,1.2407,1.23955,6769
2018-03-14 07:00:00,1.23979,1.23877,1.23979,1.23844,1.24004,1.23901,1.24004,1.23867,10726
2018-03-14 08:00:00,1.23876,1.23738,1.24002,1.23625,1.239,1.23761,1.24028,1.23646,29877
2018-03-14 09:00:00,1.23738,1.23655,1.23815,1.23601,1.23761,1.23679,1.23839,1.23623,15659
2018-03-14 10:00:00,1.23655,1.2373,1.23747,1.23611,1.23679,1.23754,1.23771,1.23632,11346
2018-03-14 11:00:00,1.2373,1.23794,1.23822,1.2366,1.23754,1.23817,1.23842,1.23684,11473
2018-03-14 12:00:00,1.23794,1.23622,1.23962,1.23617,1.23817,1.23643,1.2399,1.23639,26534
2018-03-14 13:00:00,1.23622,1.23566,1.2375,1.23514,1.23643,1.2359,1.23774,1.23534,22549
2018-03-14 14:00:00,1.23565,1.23619,1.23666,1.23473,1.23589,1.23642,1.23689,1.23493,20784
2018-03-14 15:00:00,1.2362,1.23603,1.23671,1.2346,1.23643,1.23624,1.23692,1.23484,22632
2018-03-14 16:00:00,1.23603,1.23663,1.23773,1.2357,1.23624,1.23684,1.23795,1.23592,19342
2018-03-14 17:00:00,1.23662,1.2374,1.23774,1.23652,1.23683,1.23762,1.23796,1.23674,9143
2018-03-14 18:00:00,1.2374,1.23745,1.2376,1.23687,1.23763,1.23767,1.23783,1.23709,7517
2018-03-14 19:00:00,1.23745,1.23692,1.23751,1.2368,1.23767,1.23714,1.23775,1.23704,7580
2018-03-14 20:00:00,1.23692,1.23651,1.23722,1.23644,1.23714,1.23693,1.23743,1.23666,3997
2018-03-14 21:00:00,1.23651,1.23666,1.23695,1.23637,1.23693,1.23685,1.23716,1.23664,3534
2018-03-14 22:00:00,1.23666,1.23669,1.23679,1.23635,1.23684,1.23696,1.23703,1.23659,3976
2018-03-14 23:00:00,1.2367,1.2374,1.23751,1.2366,1.23696,1.23762,1.23775,1.23685,3785
2018-03-15 00:00:00,1.2374,1.23805,1.23825,1.23703,1.23761,1.2383,1.23849,1.23727,10530
2018-03-15 01:00:00,1.23806,1.23754,1.23822,1.23735,1.23831,1.23777,1.23846,1.23759,8142
2018-03-15 02:00:00,1.23754,1.23781,1.23825,1.23747,1.23777,1.23805,1.23848,1.23768,5458
2018-03-15 03:00:00,1.23781,1.23785,1.23807,1.23741,1.23805,1.23809,1.23831,1.23764,3557
2018-03-15 04:00:00,1.23785,1.23805,1.2382,1.23766,1.23809,1.23826,1.23843,1.23789,3237
2018-03-15 05:00:00,1.23805,1.2373,1.23811,1.23703,1.23825,1.23755,1.23835,1.23727,6333
2018-03-15 06:00:00,1.2373,1.23649,1.23768,1.23635,1.23755,1.23669,1.23792,1.23656,6676
2018-03-15 07:00:00,1.23649,1.23678,1.23718,1.23607,1.23669,1.23701,1.23741,1.23631,10888
2018-03-15 08:00:00,1.23678,1.23638,1.2371,1.23596,1.23701,1.23661,1.23734,1.23619,10575
2018-03-15 09:00:00,1.23638,1.23586,1.23669,1.23507,1.23661,1.2361,1.23692,1.2353,15740
2018-03-15 10:00:00,1.23586,1.23612,1.23662,1.23541,1.2361,1.23635,1.23685,1.23565,12939
2018-03-15 11:00:00,1.23612,1.23472,1.23627,1.23448,1.23635,1.23496,1.23651,1.23471,14379
2018-03-15 12:00:00,1.23472,1.23378,1.2355,1.23337,1.23496,1.23396,1.23572,1.23361,22647
2018-03-15 13:00:00,1.23378,1.23321,1.23455,1.2321,1.23397,1.23344,1.23476,1.23233,20609
2018-03-15 14:00:00,1.23321,1.23426,1.23447,1.23236,1.23344,1.23449,1.2347,1.23259,27223
2018-03-15 15:00:00,1.23426,1.23184,1.23469,1.23176,1.23449,1.23208,1.23492,1.232,23620
2018-03-15 16:00:00,1.23184,1.2315,1.23239,1.231,1.23208,1.23171,1.23259,1.23121,16318
2018-03-15 17:00:00,1.2315,1.2334,1.23341,1.23133,1.23172,1.23364,1.23365,1.23155,12122
2018-03-15 18:00:00,1.2334,1.23018,1.2334,1.2301,1.23364,1.23041,1.23364,1.23034,12335
2018-03-15 19:00:00,1.23018,1.22998,1.23055,1.22992,1.23041,1.23017,1.23078,1.23015,6944
2018-03-15 20:00:00,1.22998,1.23031,1.23038,1.22992,1.23017,1.23058,1.23065,1.23015,4152
2018-03-15 21:00:00,1.2303,1.23033,1.23056,1.23018,1.23057,1.23059,1.23094,1.23046,2396
2018-03-15 22:00:00,1.23033,1.23049,1.2307,1.23022,1.23059,1.23073,1.23096,1.23047,4976
2018-03-15 23:00:00,1.23049,1.23056,1.23063,1.23032,1.23073,1.23073,1.23089,1.23056,2918
2018-03-16 00:00:00,1.23056,1.23028,1.23093,1.23011,1.23074,1.23053,1.23115,1.23035,6748
2018-03-16 01:00:00,1.23028,1.22999,1.23035,1.22939,1.23053,1.23022,1.23057,1.22962,12246
2018-03-16 02:00:00,1.22999,1.23046,1.23087,1.22992,1.23022,1.23069,1.23111,1.23015,5807
2018-03-16 03:00:00,1.23046,1.23067,1.23096,1.23036,1.23069,1.2309,1.23121,1.2306,4160
2018-03-16 04:00:00,1.23067,1.23092,1.2312,1.23061,1.2309,1.23117,1.23143,1.23086,4388
2018-03-16 05:00:00,1.23091,1.23103,1.23117,1.23066,1.23117,1.23127,1.2314,1.2309,3030
2018-03-16 06:00:00,1.23103,1.2317,1.2321,1.23087,1.23127,1.23193,1.23233,1.23109,6206
2018-03-16 07:00:00,1.2317,1.2317,1.23238,1.23118,1.23193,1.23193,1.23263,1.23141,9996
2018-03-16 08:00:00,1.2317,1.23171,1.23211,1.23054,1.23193,1.23193,1.23234,1.23077,12881
2018-03-16 09:00:00,1.23171,1.23218,1.23352,1.23164,1.23192,1.23239,1.23374,1.23188,12301
2018-03-16 10:00:00,1.23219,1.23245,1.23304,1.2317,1.23239,1.23268,1.23327,1.23192,10998
2018-03-16 11:00:00,1.23245,1.23269,1.23293,1.23171,1.23267,1.23291,1.23314,1.23193,10480
2018-03-16 12:00:00,1.23269,1.23073,1.23283,1.23073,1.23291,1.23094,1.23307,1.23094,16024
2018-03-16 13:00:00,1.23074,1.22827,1.23086,1.22786,1.23095,1.22857,1.23108,1.22807,26445
2018-03-16 14:00:00,1.22827,1.22605,1.22896,1.2259,1.22857,1.22628,1.2292,1.22613,23916
2018-03-16 15:00:00,1.22605,1.22787,1.2281,1.22599,1.22628,1.22811,1.22833,1.22622,24514
2018-03-16 16:00:00,1.22787,1.22901,1.22942,1.22766,1.22811,1.22925,1.22966,1.22788,15694
2018-03-16 17:00:00,1.229,1.22879,1.22903,1.22761,1.22924,1.22903,1.22927,1.22783,10392
2018-03-16 18:00:00,1.22879,1.2283,1.22925,1.22824,1.22904,1.22854,1.22948,1.22846,6817
2018-03-16 19:00:00,1.2283,1.22852,1.22889,1.22823,1.22854,1.22873,1.22912,1.22846,5385
2018-03-16 20:00:00,1.22852,1.22868,1.22896,1.22821,1.22873,1.22916,1.22927,1.22845,4858
2018-03-18 18:00:00,1.22899,1.22919,1.22919,1.22899,1.22977,1.22977,1.22977,1.22977,3
2018-03-18 19:00:00,1.22919,1.22849,1.22919,1.22803,1.22977,1.22923,1.22977,1.22871,85
2018-03-18 20:00:00,1.22849,1.22795,1.22889,1.22793,1.22923,1.22865,1.22939,1.22849,125
2018-03-18 21:00:00,1.22795,1.22871,1.2291,1.22795,1.22864,1.229,1.22951,1.22847,1174
2018-03-18 22:00:00,1.22872,1.22839,1.22909,1.22834,1.22901,1.22864,1.22934,1.22858,1739
2018-03-18 23:00:00,1.22839,1.22799,1.22863,1.22788,1.22863,1.2282,1.22887,1.2281,3320
2018-03-19 00:00:00,1.228,1.227,1.228,1.22697,1.22821,1.22723,1.22821,1.22719,8447
2018-03-19 01:00:00,1.227,1.22679,1.22702,1.2264,1.22723,1.22704,1.22724,1.22662,8600
2018-03-19 02:00:00,1.22679,1.22697,1.22717,1.22652,1.22703,1.2272,1.2274,1.22673,5504
2018-03-19 03:00:00,1.22698,1.22704,1.2272,1.22674,1.2272,1.22728,1.22744,1.22696,3607
2018-03-19 04:00:00,1.22703,1.22654,1.22703,1.22639,1.22727,1.22678,1.22727,1.22659,4609
2018-03-19 05:00:00,1.22655,1.22604,1.22671,1.2257,1.22679,1.22627,1.22693,1.22593,5600
2018-03-19 06:00:00,1.22604,1.22652,1.22657,1.22603,1.22627,1.22675,1.22681,1.22624,5465
2018-03-19 07:00:00,1.22652,1.22656,1.22732,1.22615,1.22674,1.22679,1.22757,1.22639,12053
2018-03-19 08:00:00,1.22656,1.22789,1.22795,1.22612,1.22679,1.22812,1.2282,1.22635,14903
2018-03-19 09:00:00,1.2279,1.22811,1.22879,1.22714,1.22813,1.22835,1.22901,1.22738,14135
2018-03-19 10:00:00,1.22811,1.22916,1.23006,1.22811,1.22835,1.22938,1.2303,1.22834,18765
2018-03-19 11:00:00,1.22916,1.22846,1.22922,1.22748,1.22938,1.22868,1.22945,1.22771,13389
2018-03-19 12:00:00,1.22846,1.23016,1.23246,1.22841,1.22868,1.2304,1.2327,1.22864,50786
2018-03-19 13:00:00,1.23016,1.23132,1.23176,1.23002,1.2304,1.23156,1.232,1.23025,21481
2018-03-19 14:00:00,1.23131,1.23225,1.23232,1.23069,1.23155,1.23249,1.23254,1.2309,19019
2018-03-19 15:00:00,1.23225,1.23267,1.2332,1.2311,1.23249,1.23293,1.23341,1.23132,23083
2018-03-19 16:00:00,1.23267,1.23321,1.23361,1.23191,1.23293,1.23347,1.23385,1.23215,15861
2018-03-19 17:00:00,1.23322,1.2347,1.23486,1.23321,1.23347,1.23493,1.23509,1.23344,10817
2018-03-19 18:00:00,1.23469,1.23572,1.23577,1.23415,1.23493,1.23596,1.23599,1.23439,12606
2018-03-19 19:00:00,1.23573,1.23388,1.23574,1.2338,1.23597,1.23411,1.23598,1.23403,11814
2018-03-19 20:00:00,1.23388,1.23331,1.23422,1.2333,1.23411,1.23367,1.23446,1.23357,4402
2018-03-19 21:00:00,1.23332,1.23332,1.23365,1.23321,1.23367,1.23357,1.23394,1.2335,2599
2018-03-19 22:00:00,1.23332,1.2334,1.23363,1.23312,1.23357,1.23365,1.23388,1.2334,4548
2018-03-19 23:00:00,1.2334,1.23357,1.23412,1.2334,1.23364,1.23378,1.23435,1.23364,3813
2018-03-20 00:00:00,1.23357,1.234,1.23439,1.23329,1.23378,1.23424,1.23462,1.23353,8109
2018-03-20 01:00:00,1.234,1.23452,1.23495,1.23385,1.23424,1.23474,1.23518,1.23407,8080
2018-03-20 02:00:00,1.23452,1.23445,1.2348,1.23426,1.23474,1.23469,1.23503,1.23448,4258
2018-03-20 03:00:00,1.23445,1.23444,1.23462,1.23409,1.23469,1.23467,1.23485,1.23431,3980
2018-03-20 04:00:00,1.23444,1.23375,1.23455,1.23359,1.23467,1.234,1.2348,1.23384,4503
2018-03-20 05:00:00,1.23374,1.23351,1.23384,1.23334,1.23399,1.23374,1.23408,1.23357,3962
2018-03-20 06:00:00,1.23351,1.23443,1.23467,1.23339,1.23374,1.23467,1.2349,1.23363,5467
2018-03-20 07:00:00,1.23443,1.23481,1.23536,1.23339,1.23467,1.23504,1.23558,1.23362,18073
2018-03-20 08:00:00,1.23481,1.23449,1.23483,1.23324,1.23504,1.23473,1.23506,1.23348,15918
2018-03-20 09:00:00,1.23449,1.23156,1.23456,1.23118,1.23473,1.23182,1.23479,1.2314,18397
2018-03-20 10:00:00,1.23156,1.23104,1.23156,1.23057,1.23182,1.23126,1.23182,1.23082,14119
2018-03-20 11:00:00,1.23104,1.22949,1.23116,1.22949,1.23126,1.22973,1.2314,1.22972,11944
2018-03-20 12:00:00,1.22949,1.22832,1.22954,1.22792,1.22973,1.22856,1.22978,1.22811,21730
2018-03-20 13:00:00,1.22832,1.22696,1.22845,1.2262,1.22856,1.22721,1.22869,1.22641,25028
2018-03-20 14:00:00,1.22696,1.22716,1.22763,1.22621,1.22721,1.2274,1.22786,1.22644,21661
2018-03-20 15:00:00,1.22715,1.22696,1.22856,1.22686,1.2274,1.22717,1.22879,1.22707,20947
2018-03-20 16:00:00,1.22696,1.22529,1.22764,1.22444,1.22718,1.22552,1.22787,1.22469,19825
2018-03-20 17:00:00,1.22528,1.22605,1.22635,1.2252,1.22551,1.22627,1.22657,1.22544,11658
2018-03-20 18:00:00,1.22605,1.22506,1.22617,1.22481,1.22628,1.22528,1.22641,1.22505,6956
2018-03-20 19:00:00,1.22506,1.22448,1.22541,1.22444,1.22528,1.22472,1.22564,1.22468,7555
2018-03-20 20:00:00,1.22447,1.22396,1.2247,1.22385,1.22471,1.22426,1.22493,1.22406,5356
2018-03-20 21:00:00,1.22396,1.22422,1.22442,1.22395,1.22426,1.22452,1.22474,1.22422,5275
2018-03-20 22:00:00,1.22423,1.2244,1.22452,1.22404,1.22452,1.22465,1.22476,1.22431,1971
2018-03-20 23:00:00,1.2244,1.22473,1.2248,1.22423,1.22465,1.22495,1.22505,1.22447,2527
2018-03-21 00:00:00,1.22473,1.22551,1.22555,1.22457,1.22495,1.22574,1.2258,1.22479,5058
2018-03-21 01:00:00,1.22551,1.22562,1.22592,1.22487,1.22574,1.22586,1.22615,1.2251,6608
2018-03-21 02:00:00,1.22561,1.22558,1.22583,1.2251,1.22585,1.22581,1.22608,1.22534,4776
2018-03-21 03:00:00,1.22559,1.22618,1.22656,1.22553,1.22582,1.22644,1.22679,1.22577,4125
2018-03-21 04:00:00,1.22618,1.22599,1.22641,1.22599,1.22644,1.22623,1.22664,1.22623,2224
2018-03-21 05:00:00,1.22599,1.22608,1.2265,1.22589,1.22623,1.22633,1.22673,1.22613,3131
2018-03-21 06:00:00,1.22608,1.22693,1.2272,1.22598,1.22632,1.22714,1.22745,1.2262,4841
2018-03-21 07:00:00,1.22693,1.22776,1.22807,1.22668,1.22715,1.22799,1.22829,1.22692,10152
2018-03-21 08:00:00,1.22776,1.22789,1.22896,1.22739,1.22799,1.22813,1.2292,1.22761,14384
2018-03-21 09:00:00,1.22788,1.22775,1.22825,1.22707,1.22812,1.22799,1.22849,1.2273,16471
2018-03-21 10:00:00,1.22776,1.22817,1.22855,1.22742,1.228,1.22842,1.22879,1.22764,12888
2018-03-21 11:00:00,1.22816,1.22734,1.22832,1.22632,1.22842,1.22757,1.22856,1.22654,20659
2018-03-21 12:00:00,1.22734,1.22837,1.22847,1.22684,1.22757,1.22862,1.22871,1.22705,22384
2018-03-21 13:00:00,1.22836,1.2288,1.22947,1.22795,1.22862,1.22905,1.22969,1.22818,19590
2018-03-21 14:00:00,1.2288,1.22864,1.22896,1.22785,1.22905,1.22886,1.2292,1.22808,16770
2018-03-21 15:00:00,1.22865,1.22672,1.2293,1.22653,1.22887,1.22696,1.22954,1.22675,21507
2018-03-21 16:00:00,1.22672,1.22611,1.22676,1.22559,1.22696,1.22634,1.22701,1.22583,16680
2018-03-21 17:00:00,1.2261,1.22782,1.2282,1.22581,1.22633,1.22839,1.22869,1.22605,13194
2018-03-21 18:00:00,1.22783,1.23291,1.23306,1.22501,1.2284,1.23314,1.2333,1.22524,99853
2018-03-21 19:00:00,1.23291,1.23447,1.23467,1.23226,1.23314,1.23472,1.2349,1.23247,33367
2018-03-21 20:00:00,1.23447,1.23363,1.23488,1.23362,1.23472,1.23394,1.23513,1.23388,4649
2018-03-21 21:00:00,1.23363,1.23379,1.23427,1.23363,1.23394,1.23402,1.23482,1.23389,2923
2018-03-21 22:00:00,1.23379,1.23415,1.23415,1.23369,1.23402,1.23438,1.23439,1.23397,2389
2018-03-21 23:00:00,1.23415,1.23451,1.23483,1.23404,1.23438,1.23474,1.23507,1.23428,2947
2018-03-22 00:00:00,1.23451,1.23669,1.23679,1.23433,1.23474,1.23692,1.23702,1.23457,8362
2018-03-22 01:00:00,1.23669,1.23631,1.23681,1.23607,1.23692,1.23655,1.23704,1.23631,5383
2018-03-22 02:00:00,1.2363,1.23579,1.23636,1.23567,1.23655,1.23601,1.2366,1.23591,3870
2018-03-22 03:00:00,1.2358,1.23626,1.23633,1.23539,1.23602,1.23647,1.23657,1.23563,2390
2018-03-22 04:00:00,1.23626,1.23595,1.23641,1.23587,1.23647,1.23616,1.23666,1.2361,1313
2018-03-22 05:00:00,1.23595,1.23445,1.23595,1.23438,1.23615,1.23469,1.23616,1.23462,3850
2018-03-22 06:00:00,1.23445,1.2352,1.23567,1.23406,1.2347,1.23544,1.23591,1.23431,5386
2018-03-22 07:00:00,1.2352,1.2372,1.23873,1.23506,1.23544,1.23747,1.23896,1.2353,15590
2018-03-22 08:00:00,1.23721,1.23556,1.2374,1.23501,1.23747,1.2358,1.23763,1.23526,16821
2018-03-22 09:00:00,1.23555,1.23331,1.23581,1.23283,1.23579,1.23354,1.23608,1.23307,15813
2018-03-22 10:00:00,1.23332,1.23169,1.23344,1.2307,1.23355,1.23192,1.23369,1.23091,13507
2018-03-22 11:00:00,1.23169,1.23225,1.23249,1.23094,1.23192,1.23249,1.23272,1.23117,12623
2018-03-22 12:00:00,1.23225,1.23145,1.23304,1.23055,1.23249,1.2316,1.23328,1.23078,31605
2018-03-22 13:00:00,1.23144,1.23205,1.23228,1.23029,1.23159,1.23229,1.23252,1.23052,28587
2018-03-22 14:00:00,1.23205,1.23077,1.23245,1.23001,1.23229,1.23101,1.23269,1.23022,23751
2018-03-22 15:00:00,1.23077,1.23093,1.2311,1.22951,1.23101,1.23117,1.23132,1.22972,24586
2018-03-22 16:00:00,1.23093,1.23052,1.23172,1.22842,1.23117,1.23074,1.23195,1.22863,31532
2018-03-22 17:00:00,1.23052,1.23015,1.23098,1.22913,1.23074,1.23037,1.23123,1.22932,13172
2018-03-22 18:00:00,1.23015,1.23049,1.23135,1.22991,1.23037,1.23073,1.23159,1.23013,9436
2018-03-22 19:00:00,1.2305,1.23178,1.23215,1.23044,1.23074,1.23203,1.2324,1.23067,13880
2018-03-22 20:00:00,1.23178,1.23002,1.23182,1.22985,1.23202,1.23037,1.23206,1.2301,4786
2018-03-22 21:00:00,1.23003,1.23051,1.23083,1.22986,1.23038,1.23081,1.23121,1.23025,3652
2018-03-22 22:00:00,1.23051,1.23192,1.23221,1.23051,1.23081,1.23218,1.23247,1.23081,7049
2018-03-22 23:00:00,1.23191,1.23229,1.23276,1.2315,1.23218,1.23252,1.23301,1.23175,4866
2018-03-23 00:00:00,1.23229,1.23355,1.23398,1.23184,1.23252,1.23379,1.23425,1.23208,7842
2018-03-23 01:00:00,1.23355,1.23283,1.23365,1.23245,1.23379,1.23306,1.23388,1.23269,5420
2018-03-23 02:00:00,1.23283,1.23318,1.23402,1.23258,1.23306,1.23343,1.23427,1.23282,5260
2018-03-23 03:00:00,1.23318,1.23335,1.23368,1.23297,1.23343,1.23358,1.23391,1.2332,2710
2018-03-23 04:00:00,1.23334,1.23334,1.2335,1.23303,1.23357,1.23358,1.23372,1.23327,1837
2018-03-23 05:00:00,1.23334,1.23308,1.23374,1.23302,1.23359,1.23331,1.23399,1.23325,2817
2018-03-23 06:00:00,1.23307,1.23436,1.23457,1.23307,1.2333,1.23462,1.23484,1.2333,6642
2018-03-23 07:00:00,1.23436,1.23205,1.23476,1.23157,1.23462,1.23229,1.235,1.23178,15424
2018-03-23 08:00:00,1.23205,1.23351,1.23396,1.23187,1.23229,1.23375,1.23419,1.23211,17362
2018-03-23 09:00:00,1.23351,1.23231,1.2339,1.23185,1.23375,1.23256,1.23414,1.23207,12957
2018-03-23 10:00:00,1.23231,1.23294,1.23332,1.23226,1.23256,1.23318,1.23354,1.23249,9503
2018-03-23 11:00:00,1.23294,1.2343,1.23448,1.23261,1.23318,1.23455,1.23473,1.23284,12989
2018-03-23 12:00:00,1.23429,1.23372,1.23588,1.2333,1.23455,1.23395,1.23611,1.23351,21228
2018-03-23 13:00:00,1.23372,1.23354,1.23452,1.23218,1.23395,1.23378,1.23473,1.23239,17701
2018-03-23 14:00:00,1.23355,1.23361,1.23537,1.23341,1.23378,1.23385,1.23561,1.23365,21855
2018-03-23 15:00:00,1.23361,1.23578,1.23614,1.23338,1.23385,1.23602,1.23638,1.23362,22379
2018-03-23 16:00:00,1.23578,1.23615,1.23657,1.23479,1.23601,1.23639,1.23682,1.23501,15956
2018-03-23 17:00:00,1.23616,1.23607,1.23672,1.23546,1.23639,1.2363,1.23694,1.23569,12023
2018-03-23 18:00:00,1.23607,1.23662,1.23723,1.23545,1.2363,1.23684,1.23748,1.23569,9935
2018-03-23 19:00:00,1.23662,1.23642,1.23697,1.23592,1.23684,1.23661,1.23719,1.23615,13541
2018-03-23 20:00:00,1.23642,1.23519,1.23653,1.23497,1.23661,1.23553,1.23674,1.2352,5229
2018-03-25 18:00:00,1.23484,1.23444,1.23514,1.23441,1.23557,1.23511,1.23567,1.23505,28
2018-03-25 19:00:00,1.23444,1.23409,1.23474,1.23402,1.23511,1.23456,1.23511,1.2344,159
2018-03-25 20:00:00,1.23409,1.2349,1.23505,1.23409,1.23456,1.2355,1.2356,1.23456,145
2018-03-25 21:00:00,1.2349,1.23571,1.23608,1.23483,1.2355,1.23601,1.23632,1.23548,522
2018-03-25 22:00:00,1.23571,1.23659,1.23662,1.2356,1.23601,1.23683,1.2369,1.23584,1914
2018-03-25 23:00:00,1.23659,1.23531,1.23659,1.23523,1.23683,1.23554,1.23684,1.23545,2395
2018-03-26 00:00:00,1.23531,1.23682,1.23798,1.23506,1.23554,1.23706,1.23862,1.2353,6881
2018-03-26 01:00:00,1.23682,1.23691,1.23705,1.2363,1.23706,1.23714,1.23725,1.23653,4009
2018-03-26 02:00:00,1.23691,1.23741,1.23752,1.2366,1.23714,1.23765,1.23776,1.23683,2695
2018-03-26 03:00:00,1.2374,1.23721,1.23799,1.2371,1.23764,1.23744,1.23825,1.23734,3227
2018-03-26 04:00:00,1.23722,1.23723,1.2375,1.23702,1.23745,1.23747,1.23772,1.23726,2068
2018-03-26 05:00:00,1.23723,1.23649,1.23725,1.23636,1.23747,1.23671,1.23749,1.2366,3086
2018-03-26 06:00:00,1.23649,1.23611,1.23694,1.23605,1.2367,1.23635,1.23717,1.23628,9485
2018-03-26 07:00:00,1.23611,1.23816,1.23928,1.23579,1.23635,1.23841,1.23951,1.23603,16393
2018-03-26 08:00:00,1.23816,1.23912,1.23977,1.23732,1.23841,1.23934,1.23997,1.23754,11166
2018-03-26 09:00:00,1.23911,1.24048,1.24154,1.23906,1.23934,1.2407,1.24178,1.23931,13039
2018-03-26 10:00:00,1.24048,1.24025,1.24115,1.23973,1.24071,1.24046,1.24138,1.23997,10696
2018-03-26 11:00:00,1.24025,1.24056,1.24161,1.24025,1.24045,1.24079,1.24184,1.24045,10969
2018-03-26 12:00:00,1.24057,1.23994,1.24116,1.2399,1.24079,1.24017,1.2414,1.24014,15034
2018-03-26 13:00:00,1.23994,1.24355,1.24381,1.23969,1.24017,1.24377,1.24406,1.23993,24807
2018-03-26 14:00:00,1.24355,1.24405,1.24477,1.24322,1.24377,1.24429,1.24501,1.24345,21113
2018-03-26 15:00:00,1.24405,1.2439,1.2446,1.24362,1.24429,1.24412,1.24484,1.24384,16774
2018-03-26 16:00:00,1.24389,1.24431,1.24496,1.2436,1.24411,1.24455,1.24519,1.24384,12013
2018-03-26 17:00:00,1.24431,1.24516,1.2455,1.24406,1.24455,1.24539,1.24574,1.24429,10446
2018-03-26 18:00:00,1.24516,1.24537,1.24605,1.24509,1.24538,1.24561,1.24628,1.24533,8786
2018-03-26 19:00:00,1.24537,1.24506,1.24554,1.24482,1.24561,1.2453,1.24577,1.24506,9094
2018-03-26 20:00:00,1.24506,1.24416,1.24519,1.24393,1.2453,1.24452,1.24543,1.2443,2512
2018-03-26 21:00:00,1.24416,1.24465,1.24489,1.24407,1.24452,1.24489,1.24545,1.24442,5300
2018-03-26 22:00:00,1.24465,1.24506,1.24515,1.24429,1.24489,1.24531,1.2454,1.24454,2250
2018-03-26 23:00:00,1.24506,1.2456,1.24566,1.24474,1.24531,1.24584,1.2459,1.24499,2698
2018-03-27 00:00:00,1.2456,1.24483,1.2456,1.24459,1.24584,1.24509,1.24584,1.24483,5645
2018-03-27 01:00:00,1.24483,1.24418,1.24521,1.24411,1.24509,1.24442,1.24544,1.24435,5081
2018-03-27 02:00:00,1.24419,1.24455,1.24484,1.24413,1.24442,1.24479,1.24508,1.24437,3843
2018-03-27 03:00:00,1.24455,1.24505,1.2454,1.24454,1.24479,1.24528,1.24564,1.24478,2439
2018-03-27 04:00:00,1.24504,1.24486,1.24536,1.24476,1.24527,1.24509,1.2456,1.24497,2021
2018-03-27 05:00:00,1.24486,1.24476,1.24506,1.24418,1.24509,1.245,1.2453,1.24441,2714
2018-03-27 06:00:00,1.24476,1.2464,1.24752,1.2445,1.245,1.24666,1.24777,1.24474,13029
2018-03-27 07:00:00,1.2464,1.24641,1.24731,1.24575,1.24666,1.24665,1.24754,1.246,17074
2018-03-27 08:00:00,1.24641,1.24289,1.24646,1.24251,1.24665,1.24313,1.24671,1.24273,16882
2018-03-27 09:00:00,1.24289,1.24127,1.24296,1.24089,1.24313,1.24153,1.2432,1.2411,13367
2018-03-27 10:00:00,1.24128,1.24059,1.24188,1.2404,1.24153,1.24081,1.24212,1.24062,9303
2018-03-27 11:00:00,1.24059,1.239,1.24062,1.23883,1.2408,1.23923,1.24086,1.23906,17570
2018-03-27 12:00:00,1.239,1.23859,1.23901,1.23711,1.23923,1.23884,1.23926,1.23735,22720
2018-03-27 13:00:00,1.23859,1.23893,1.23978,1.23764,1.23883,1.23918,1.24001,1.23785,19795
2018-03-27 14:00:00,1.23893,1.23923,1.24082,1.23886,1.23918,1.23947,1.24104,1.23909,26755
2018-03-27 15:00:00,1.23923,1.24072,1.24121,1.23883,1.23947,1.24096,1.24145,1.23906,16703
2018-03-27 16:00:00,1.24072,1.24124,1.24148,1.24055,1.24096,1.24147,1.24171,1.24077,11338
2018-03-27 17:00:00,1.24124,1.24082,1.24138,1.24031,1.24147,1.24104,1.24162,1.24052,11235
2018-03-27 18:00:00,1.24082,1.23993,1.24107,1.2399,1.24105,1.24016,1.2413,1.24013,10784
2018-03-27 19:00:00,1.23993,1.23954,1.24046,1.23936,1.24016,1.23975,1.2407,1.2396,14973
2018-03-27 20:00:00,1.23954,1.24011,1.24035,1.23954,1.23974,1.24042,1.24059,1.23974,2502
2018-03-27 21:00:00,1.24011,1.24049,1.24062,1.23998,1.24042,1.24072,1.24093,1.24021,6243
2018-03-27 22:00:00,1.24049,1.24051,1.24076,1.24023,1.24072,1.24075,1.24101,1.24039,2430
2018-03-27 23:00:00,1.24051,1.24076,1.24079,1.24043,1.24075,1.24099,1.24102,1.24068,2608
2018-03-28 00:00:00,1.24076,1.24116,1.24147,1.24056,1.24099,1.2414,1.24171,1.24077,4542
2018-03-28 01:00:00,1.24116,1.24147,1.24184,1.24082,1.2414,1.24171,1.24208,1.24106,4568
2018-03-28 02:00:00,1.24147,1.24165,1.24201,1.24086,1.24171,1.24191,1.24225,1.2411,3088
2018-03-28 03:00:00,1.24165,1.24201,1.24205,1.24154,1.24191,1.24225,1.24228,1.24177,1815
2018-03-28 04:00:00,1.24202,1.24071,1.24202,1.2406,1.24225,1.24094,1.24225,1.24083,2413
2018-03-28 05:00:00,1.24071,1.24055,1.24093,1.2402,1.24094,1.24081,1.24116,1.24043,3877
2018-03-28 06:00:00,1.24055,1.23926,1.24056,1.23824,1.24081,1.23949,1.24081,1.23847,13693
2018-03-28 07:00:00,1.23926,1.23977,1.24006,1.23754,1.23948,1.24001,1.24031,1.23778,20021
2018-03-28 08:00:00,1.23977,1.23964,1.24077,1.23951,1.24001,1.23988,1.241,1.23975,13848
2018-03-28 09:00:00,1.23964,1.23908,1.23974,1.23827,1.23988,1.23932,1.23997,1.2385,12854
2018-03-28 10:00:00,1.23907,1.239,1.23974,1.23856,1.23931,1.23923,1.23996,1.23879,9959
2018-03-28 11:00:00,1.239,1.24029,1.24039,1.23873,1.23923,1.24052,1.24062,1.23896,12611
2018-03-28 12:00:00,1.24029,1.23818,1.24076,1.23761,1.24052,1.23842,1.24099,1.23784,20446
2018-03-28 13:00:00,1.23818,1.23415,1.23828,1.23337,1.23842,1.2344,1.23852,1.23361,31508
2018-03-28 14:00:00,1.23415,1.23506,1.23506,1.23361,1.2344,1.23528,1.2353,1.23384,22669
2018-03-28 15:00:00,1.23507,1.23485,1.23589,1.23414,1.23529,1.23508,1.23614,1.23437,18608
2018-03-28 16:00:00,1.23485,1.23449,1.23516,1.2337,1.23508,1.23473,1.23538,1.23394,10966
2018-03-28 17:00:00,1.23449,1.23158,1.23498,1.23129,1.23473,1.23182,1.23523,1.23152,13356
2018-03-28 18:00:00,1.23157,1.23117,1.23176,1.22995,1.23181,1.2314,1.23201,1.23019,12934
2018-03-28 19:00:00,1.23117,1.22998,1.23142,1.2299,1.23141,1.23021,1.23164,1.23012,9794
2018-03-28 20:00:00,1.22998,1.23059,1.23091,1.22995,1.2302,1.2311,1.23111,1.23016,2331
2018-03-28 21:00:00,1.23059,1.2309,1.23113,1.23037,1.23111,1.23113,1.2314,1.23079,3494
2018-03-28 22:00:00,1.2309,1.23083,1.23123,1.23068,1.23113,1.23108,1.23148,1.23089,14140
2018-03-28 23:00:00,1.23083,1.23114,1.23123,1.23044,1.23108,1.23137,1.23147,1.23066,1857
2018-03-29 00:00:00,1.23114,1.23113,1.23132,1.23004,1.23137,1.23136,1.23157,1.23028,4864
2018-03-29 01:00:00,1.23113,1.23164,1.23229,1.2311,1.23135,1.23188,1.23254,1.23132,6099
2018-03-29 02:00:00,1.23164,1.2322,1.23249,1.23157,1.23188,1.23243,1.23273,1.23181,3212
2018-03-29 03:00:00,1.2322,1.23266,1.23267,1.23188,1.23243,1.2329,1.23293,1.23212,2343
2018-03-29 04:00:00,1.23266,1.2329,1.233,1.23249,1.2329,1.23313,1.23323,1.23273,2351
2018-03-29 05:00:00,1.2329,1.23325,1.23341,1.23244,1.23314,1.23349,1.23365,1.23265,2970
2018-03-29 06:00:00,1.23325,1.23074,1.23325,1.23027,1.23349,1.23099,1.23349,1.23049,13995
2018-03-29 07:00:00,1.23074,1.23076,1.23168,1.22943,1.23099,1.231,1.23191,1.22967,18519
2018-03-29 08:00:00,1.23076,1.23057,1.23167,1.22989,1.231,1.23083,1.23189,1.23012,12233
2018-03-29 09:00:00,1.23057,1.23131,1.23148,1.22993,1.23083,1.23155,1.23173,1.23016,9798
2018-03-29 10:00:00,1.23131,1.2322,1.23265,1.22963,1.23155,1.23243,1.2329,1.22987,10944
2018-03-29 11:00:00,1.2322,1.23168,1.23341,1.2316,1.23243,1.23193,1.23364,1.23183,13192
2018-03-29 12:00:00,1.23168,1.23178,1.23262,1.23056,1.23192,1.23199,1.23286,1.23079,16766
2018-03-29 13:00:00,1.23178,1.23229,1.23347,1.23165,1.232,1.23255,1.23371,1.23188,17688
2018-03-29 14:00:00,1.23229,1.22975,1.23251,1.2296,1.23255,1.22998,1.23274,1.22983,22099
2018-03-29 15:00:00,1.22975,1.22867,1.23015,1.22828,1.22998,1.2289,1.23038,1.22851,23298
2018-03-29 16:00:00,1.22866,1.22894,1.22995,1.22856,1.2289,1.2292,1.23018,1.22879,10362
2018-03-29 17:00:00,1.22894,1.22948,1.22995,1.22846,1.2292,1.22972,1.23018,1.22867,8217
2018-03-29 18:00:00,1.22949,1.23049,1.23091,1.22926,1.22973,1.23073,1.23117,1.2295,10233
2018-03-29 19:00:00,1.23049,1.23036,1.23071,1.2302,1.23073,1.23059,1.23095,1.23042,5553
2018-03-29 20:00:00,1.23035,1.22986,1.23035,1.22985,1.23059,1.23022,1.23059,1.23012,1934
2018-03-29 21:00:00,1.22987,1.23005,1.23047,1.2297,1.23022,1.23033,1.23092,1.23007,5005
2018-03-29 22:00:00,1.23005,1.23023,1.23039,1.22988,1.23032,1.23054,1.23076,1.23018,3843
2018-03-29 23:00:00,1.23024,1.2301,1.23027,1.22976,1.23055,1.23038,1.23061,1.23008,2386
2018-03-30 00:00:00,1.2301,1.22991,1.23078,1.22888,1.23038,1.23022,1.23108,1.22912,7532
2018-03-30 01:00:00,1.22991,1.23111,1.23127,1.22984,1.23022,1.23147,1.2315,1.23009,3943
2018-03-30 02:00:00,1.23112,1.23144,1.2316,1.2308,1.23148,1.23162,1.2319,1.23109,3533
2018-03-30 03:00:00,1.23144,1.23127,1.23169,1.23094,1.23162,1.23165,1.23194,1.23123,2937
2018-03-30 04:00:00,1.23127,1.23109,1.23166,1.23078,1.23165,1.23135,1.23195,1.23114,4079
2018-03-30 05:00:00,1.23108,1.23053,1.23142,1.23045,1.23134,1.23083,1.23179,1.23062,4071
2018-03-30 06:00:00,1.23054,1.23156,1.23202,1.2305,1.23083,1.23188,1.23229,1.23077,4040
2018-03-30 07:00:00,1.23155,1.23219,1.23219,1.23154,1.23188,1.23247,1.23247,1.23182,912
2018-03-30 08:00:00,1.2322,1.23273,1.23295,1.23213,1.23248,1.23296,1.23325,1.23238,1812
2018-03-30 09:00:00,1.23273,1.23256,1.23291,1.23221,1.23296,1.23284,1.23316,1.23243,1442
2018-03-30 10:00:00,1.23256,1.23252,1.23276,1.23249,1.23283,1.23277,1.23304,1.23269,909
2018-03-30 11:00:00,1.23252,1.23262,1.23266,1.23242,1.23277,1.23289,1.2329,1.23267,504
2018-03-30 12:00:00,1.23263,1.23266,1.23281,1.23241,1.23289,1.23291,1.23306,1.23265,992
2018-03-30 13:00:00,1.23266,1.23246,1.23277,1.2319,1.23291,1.23266,1.23302,1.23217,1958
2018-03-30 14:00:00,1.23246,1.23199,1.23249,1.23168,1.23266,1.23223,1.23276,1.23188,3025
2018-03-30 15:00:00,1.232,1.23166,1.23213,1.23088,1.23224,1.232,1.23271,1.23155,7496
2018-03-30 16:00:00,1.23166,1.2325,1.23264,1.23165,1.232,1.23279,1.23298,1.232,2343
2018-03-30 17:00:00,1.2325,1.23191,1.23261,1.23169,1.23279,1.23236,1.23289,1.23198,2669
2018-03-30 18:00:00,1.23191,1.23218,1.23226,1.23167,1.23235,1.2326,1.2326,1.23202,1649
2018-03-30 19:00:00,1.23218,1.2317,1.23243,1.23166,1.23261,1.23198,1.2329,1.23194,2139
2018-03-30 20:00:00,1.23169,1.23198,1.2326,1.23134,1.23198,1.23269,1.23306,1.23191,1213
2018-04-01 19:00:00,1.23228,1.2326,1.2329,1.23191,1.23306,1.2333,1.2333,1.23256,37
2018-04-01 20:00:00,1.2326,1.23191,1.2326,1.23191,1.2333,1.23252,1.2333,1.23252,39
2018-04-01 21:00:00,1.23178,1.2319,1.2322,1.23158,1.23239,1.23255,1.23284,1.23228,126
2018-04-01 22:00:00,1.2319,1.2316,1.23206,1.23121,1.23255,1.23187,1.23255,1.23149,3652
2018-04-01 23:00:00,1.2316,1.23116,1.23197,1.23115,1.23187,1.23141,1.23224,1.2314,1948
2018-04-02 00:00:00,1.23116,1.23207,1.23207,1.23097,1.23141,1.23232,1.23232,1.23121,3595
2018-04-02 01:00:00,1.23207,1.23253,1.23272,1.23204,1.23232,1.23277,1.23296,1.23228,3483
2018-04-02 02:00:00,1.23252,1.23229,1.23267,1.23198,1.23276,1.23252,1.23291,1.23222,1525
2018-04-02 03:00:00,1.23229,1.23173,1.23229,1.23152,1.23252,1.23197,1.23252,1.23177,1632
2018-04-02 04:00:00,1.23173,1.23158,1.23174,1.23138,1.23197,1.23183,1.23197,1.23162,1576
2018-04-02 05:00:00,1.23158,1.23161,1.23162,1.23122,1.23183,1.23184,1.23186,1.23147,1513
2018-04-02 06:00:00,1.23161,1.23213,1.23215,1.23106,1.23184,1.23237,1.23239,1.23128,3306
2018-04-02 07:00:00,1.23214,1.23296,1.23307,1.2319,1.23238,1.23321,1.23332,1.23215,2574
2018-04-02 08:00:00,1.23296,1.23279,1.23306,1.23268,1.23321,1.23303,1.2333,1.23293,1918
2018-04-02 09:00:00,1.23279,1.23303,1.23312,1.23271,1.23303,1.23326,1.23337,1.23295,1073
2018-04-02 10:00:00,1.23303,1.23265,1.23303,1.23255,1.23326,1.23287,1.23326,1.23278,1341
2018-04-02 11:00:00,1.23265,1.23402,1.23412,1.2326,1.23287,1.23426,1.23435,1.23284,4822
2018-04-02 12:00:00,1.23401,1.23347,1.23439,1.2333,1.23425,1.23371,1.23462,1.23352,7449
2018-04-02 13:00:00,1.23347,1.23203,1.23362,1.23166,1.23372,1.23236,1.23386,1.23191,10654
2018-04-02 14:00:00,1.23202,1.23107,1.2333,1.23089,1.23235,1.2313,1.23354,1.23114,14173
2018-04-02 15:00:00,1.23107,1.22866,1.23108,1.22805,1.2313,1.2289,1.23131,1.22825,19048
2018-04-02 16:00:00,1.22866,1.2293,1.22935,1.22842,1.2289,1.22952,1.22958,1.22866,6822
2018-04-02 17:00:00,1.22931,1.23034,1.23036,1.2287,1.22953,1.23058,1.23059,1.22894,9493
2018-04-02 18:00:00,1.23034,1.22994,1.2306,1.22975,1.23058,1.23018,1.23085,1.22999,7587
2018-04-02 19:00:00,1.22994,1.23047,1.23051,1.2297,1.23018,1.2307,1.23075,1.22993,7789
2018-04-02 20:00:00,1.23047,1.23004,1.2305,1.22996,1.2307,1.23039,1.23073,1.23022,2557
2018-04-02 21:00:00,1.23004,1.23003,1.23052,1.22953,1.23039,1.23036,1.23126,1.22995,5382
2018-04-02 22:00:00,1.23002,1.22998,1.23022,1.22971,1.23035,1.23023,1.23047,1.22996,2075
2018-04-02 23:00:00,1.22999,1.2292,1.23022,1.22911,1.23024,1.22946,1.23047,1.22935,2282
2018-04-03 00:00:00,1.2292,1.23022,1.23029,1.2291,1.22945,1.23046,1.23052,1.22934,3418
2018-04-03 01:00:00,1.23023,1.23024,1.23072,1.22958,1.23047,1.23047,1.23094,1.22982,3531
2018-04-03 02:00:00,1.23024,1.23064,1.23086,1.23009,1.23047,1.23087,1.2311,1.23032,2280
2018-04-03 03:00:00,1.23063,1.23045,1.23104,1.23039,1.23086,1.23069,1.2313,1.23063,1919
2018-04-03 04:00:00,1.23045,1.23084,1.2309,1.23034,1.23069,1.23109,1.23114,1.23058,1559
2018-04-03 05:00:00,1.23084,1.23073,1.23097,1.23023,1.23109,1.23099,1.2312,1.23047,2938
2018-04-03 06:00:00,1.23073,1.2322,1.23236,1.23034,1.23099,1.23244,1.23259,1.23058,11637
2018-04-03 07:00:00,1.23219,1.23229,1.23351,1.23191,1.23243,1.23253,1.23371,1.23215,14479
2018-04-03 08:00:00,1.23229,1.23155,1.23296,1.23127,1.23253,1.23178,1.2332,1.2315,13991
2018-04-03 09:00:00,1.23155,1.2306,1.23178,1.23028,1.23178,1.23086,1.23201,1.2305,11436
2018-04-03 10:00:00,1.23061,1.22871,1.23144,1.22848,1.23087,1.22895,1.23167,1.22873,10646
2018-04-03 11:00:00,1.22871,1.23007,1.23047,1.22853,1.22895,1.23031,1.23071,1.22876,12986
2018-04-03 12:00:00,1.23007,1.22947,1.23138,1.22908,1.23031,1.2297,1.23163,1.22932,13717
2018-04-03 13:00:00,1.22947,1.22568,1.22978,1.22547,1.22969,1.22593,1.23001,1.22571,24825
2018-04-03 14:00:00,1.22569,1.22716,1.22736,1.22526,1.22594,1.2274,1.22759,1.22547,23484
2018-04-03 15:00:00,1.22716,1.22599,1.2275,1.22577,1.2274,1.22623,1.22773,1.22601,17059
2018-04-03 16:00:00,1.22599,1.22654,1.227,1.22567,1.22623,1.22678,1.22724,1.22589,9898
2018-04-03 17:00:00,1.22653,1.22629,1.2273,1.22615,1.22677,1.22652,1.22752,1.22639,8020
2018-04-03 18:00:00,1.22629,1.22664,1.2269,1.22595,1.22652,1.22688,1.22713,1.22618,9093
2018-04-03 19:00:00,1.22665,1.22626,1.22707,1.22607,1.22689,1.22649,1.22731,1.22629,11907
2018-04-03 20:00:00,1.22625,1.22684,1.2271,1.22625,1.22649,1.22725,1.22732,1.22649,2683
2018-04-03 21:00:00,1.22684,1.22686,1.22696,1.22629,1.22725,1.2272,1.22731,1.22656,2522
2018-04-03 22:00:00,1.22686,1.22713,1.22721,1.22671,1.2272,1.22737,1.22745,1.227,938
2018-04-03 23:00:00,1.22713,1.22771,1.22771,1.22675,1.22737,1.22795,1.22795,1.227,1529
2018-04-04 00:00:00,1.22771,1.22776,1.22798,1.22716,1.22795,1.22801,1.2282,1.2274,3386
2018-04-04 01:00:00,1.22776,1.22767,1.2278,1.22731,1.22801,1.22788,1.22805,1.22755,3781
2018-04-04 02:00:00,1.22767,1.22803,1.22861,1.22766,1.22788,1.22824,1.22884,1.22787,3403
2018-04-04 03:00:00,1.22803,1.22812,1.22825,1.22741,1.22824,1.22836,1.22847,1.22765,1900
2018-04-04 04:00:00,1.22812,1.2277,1.22829,1.2277,1.22835,1.22794,1.22853,1.22794,1515
2018-04-04 05:00:00,1.2277,1.22771,1.22804,1.22715,1.22794,1.22795,1.22827,1.22739,2923
2018-04-04 06:00:00,1.22771,1.22652,1.22771,1.2262,1.22795,1.22677,1.22795,1.22645,8729
2018-04-04 07:00:00,1.22653,1.22935,1.22939,1.22558,1.22677,1.2296,1.22966,1.22582,17476
2018-04-04 08:00:00,1.22935,1.22902,1.23135,1.22868,1.2296,1.22934,1.2316,1.22893,20509
2018-04-04 09:00:00,1.22901,1.22762,1.22955,1.22751,1.22934,1.22786,1.22978,1.22774,8301
2018-04-04 10:00:00,1.22763,1.22838,1.22863,1.22748,1.22787,1.22861,1.22884,1.22771,10234
2018-04-04 11:00:00,1.22838,1.22871,1.22916,1.22806,1.22861,1.22893,1.22939,1.22829,9712
2018-04-04 12:00:00,1.2287,1.22954,1.22996,1.22696,1.22893,1.22978,1.23018,1.22725,15594
2018-04-04 13:00:00,1.22955,1.2296,1.2299,1.22867,1.22978,1.22987,1.23015,1.22892,17677
2018-04-04 14:00:00,1.2296,1.22971,1.23087,1.22881,1.22987,1.22995,1.23111,1.22906,22707
2018-04-04 15:00:00,1.22971,1.229,1.23026,1.22888,1.22995,1.22924,1.2305,1.22912,14936
2018-04-04 16:00:00,1.229,1.2293,1.22966,1.22858,1.22924,1.22952,1.22989,1.22879,7609
2018-04-04 17:00:00,1.2293,1.2282,1.22932,1.22812,1.22951,1.22844,1.22955,1.22835,8702
2018-04-04 18:00:00,1.2282,1.22786,1.22839,1.22727,1.22844,1.2281,1.22863,1.22749,8592
2018-04-04 19:00:00,1.22787,1.22816,1.22831,1.22732,1.22811,1.2284,1.22855,1.22755,7886
2018-04-04 20:00:00,1.22816,1.22766,1.22816,1.22753,1.2284,1.22798,1.2284,1.22777,1844
2018-04-04 21:00:00,1.22766,1.22811,1.22843,1.22762,1.22798,1.22834,1.22896,1.22793,1953
2018-04-04 22:00:00,1.22811,1.22835,1.22847,1.22794,1.22834,1.2286,1.22871,1.22822,1642
2018-04-04 23:00:00,1.22835,1.22862,1.22862,1.22806,1.2286,1.22886,1.22886,1.22831,1494
2018-04-05 00:00:00,1.22862,1.2285,1.22891,1.22832,1.22886,1.22873,1.22913,1.22856,4270
2018-04-05 01:00:00,1.22851,1.22788,1.22882,1.22758,1.22874,1.22812,1.22906,1.22782,2869
2018-04-05 02:00:00,1.22788,1.22786,1.22805,1.22759,1.22812,1.2281,1.22829,1.22784,2109
2018-04-05 03:00:00,1.22785,1.22835,1.22862,1.22764,1.22809,1.22859,1.22884,1.22788,2532
2018-04-05 04:00:00,1.22835,1.22756,1.22842,1.22736,1.2286,1.22779,1.22866,1.2276,2339
2018-04-05 05:00:00,1.22755,1.2274,1.22778,1.22693,1.22778,1.22765,1.22801,1.22717,2443
2018-04-05 06:00:00,1.2274,1.2262,1.22745,1.22575,1.22766,1.22644,1.22769,1.226,10211
2018-04-05 07:00:00,1.2262,1.22561,1.22699,1.22479,1.22644,1.22585,1.22722,1.22503,16359
2018-04-05 08:00:00,1.22561,1.2264,1.22679,1.22526,1.22585,1.22664,1.22702,1.2255,9192
2018-04-05 09:00:00,1.2264,1.2275,1.22826,1.22614,1.22664,1.22774,1.22849,1.22639,10331
2018-04-05 10:00:00,1.22749,1.22786,1.22791,1.22676,1.22774,1.2281,1.22813,1.22698,7821
2018-04-05 11:00:00,1.22787,1.22546,1.22805,1.22518,1.22811,1.2257,1.22829,1.2254,9646
2018-04-05 12:00:00,1.22545,1.22487,1.22616,1.22344,1.22569,1.22511,1.22642,1.22368,23018
2018-04-05 13:00:00,1.22488,1.22546,1.22676,1.22437,1.22512,1.2257,1.22701,1.22461,18571
2018-04-05 14:00:00,1.22546,1.22282,1.22561,1.22201,1.2257,1.22305,1.22584,1.22225,24078
2018-04-05 15:00:00,1.22282,1.2228,1.22318,1.22173,1.22305,1.22302,1.22341,1.22195,15428
2018-04-05 16:00:00,1.2228,1.22351,1.22427,1.22271,1.22302,1.22374,1.22451,1.22295,11752
2018-04-05 17:00:00,1.22351,1.22347,1.22368,1.22231,1.22374,1.22371,1.22391,1.22254,10432
2018-04-05 18:00:00,1.22347,1.22355,1.22384,1.22315,1.22371,1.22378,1.22407,1.22338,6961
2018-04-05 19:00:00,1.22355,1.22337,1.22373,1.22322,1.22378,1.22361,1.22397,1.22346,3123
2018-04-05 20:00:00,1.22337,1.22379,1.224,1.2233,1.22361,1.22422,1.22425,1.22353,1791
2018-04-05 21:00:00,1.22379,1.22379,1.22394,1.22359,1.22422,1.22405,1.22434,1.22388,5974
2018-04-05 22:00:00,1.22378,1.22432,1.22457,1.22368,1.22405,1.22457,1.22478,1.22391,2845
2018-04-05 23:00:00,1.22433,1.22475,1.22534,1.22392,1.22458,1.22499,1.22558,1.22415,6902
2018-04-06 00:00:00,1.22474,1.22478,1.22518,1.22456,1.22498,1.22503,1.22544,1.2248,6718
2018-04-06 01:00:00,1.22479,1.22568,1.22585,1.22468,1.22504,1.22591,1.22608,1.22491,7240
2018-04-06 02:00:00,1.22568,1.22539,1.22588,1.22535,1.22591,1.22562,1.22612,1.22559,3691
2018-04-06 03:00:00,1.22538,1.2241,1.22547,1.22405,1.22561,1.22434,1.22569,1.22427,4449
2018-04-06 04:00:00,1.22411,1.22372,1.22418,1.22329,1.22435,1.22396,1.22442,1.22353,5805
2018-04-06 05:00:00,1.22372,1.22364,1.22414,1.22345,1.22396,1.22389,1.22437,1.22368,6503
2018-04-06 06:00:00,1.22364,1.22349,1.22382,1.22265,1.22389,1.22373,1.22405,1.22288,16939
2018-04-06 07:00:00,1.22349,1.22259,1.22357,1.2214,1.22373,1.22283,1.2238,1.22161,17818
2018-04-06 08:00:00,1.22259,1.2234,1.22357,1.22207,1.22283,1.22363,1.22381,1.22231,14617
2018-04-06 09:00:00,1.2234,1.2242,1.22466,1.22335,1.22363,1.22442,1.22489,1.22357,10976
2018-04-06 10:00:00,1.2242,1.22386,1.22449,1.22377,1.22442,1.2241,1.22473,1.22401,9667
2018-04-06 11:00:00,1.22386,1.22308,1.22415,1.22301,1.2241,1.2233,1.22438,1.22323,9434
2018-04-06 12:00:00,1.22308,1.22466,1.22557,1.22184,1.2233,1.22491,1.22581,1.22206,47800
2018-04-06 13:00:00,1.22466,1.22675,1.22791,1.2243,1.22491,1.22696,1.22812,1.22452,41248
2018-04-06 14:00:00,1.22675,1.22607,1.22753,1.22558,1.22697,1.22631,1.22775,1.22582,24561
2018-04-06 15:00:00,1.22606,1.22727,1.22788,1.22595,1.2263,1.22751,1.2281,1.22616,18762
2018-04-06 16:00:00,1.22727,1.22746,1.22779,1.22651,1.22751,1.22769,1.22803,1.22675,12588
2018-04-06 17:00:00,1.22746,1.22806,1.22808,1.22668,1.22769,1.2283,1.22832,1.22691,12218
2018-04-06 18:00:00,1.22805,1.22846,1.22883,1.22768,1.22829,1.22869,1.22907,1.22791,9835
2018-04-06 19:00:00,1.22846,1.22842,1.22897,1.22802,1.2287,1.22865,1.22921,1.22825,9115
2018-04-06 20:00:00,1.22842,1.2278,1.22858,1.2278,1.22865,1.22844,1.22882,1.22806,2405
2018-04-08 19:00:00,1.22756,1.22754,1.22786,1.22742,1.22824,1.22797,1.22844,1.22797,17
2018-04-08 20:00:00,1.22754,1.22826,1.22861,1.22738,1.22797,1.22898,1.22909,1.22797,173
2018-04-08 21:00:00,1.22826,1.22762,1.22827,1.22733,1.22898,1.22797,1.22898,1.22787,1148
2018-04-08 22:00:00,1.22762,1.2273,1.22781,1.22708,1.22797,1.22753,1.22808,1.22749,2379
2018-04-08 23:00:00,1.2273,1.227,1.22759,1.22645,1.22753,1.22722,1.22783,1.22669,4262
2018-04-09 00:00:00,1.227,1.22737,1.22742,1.22646,1.22721,1.22761,1.22766,1.22669,6263
2018-04-09 01:00:00,1.22737,1.227,1.22761,1.227,1.22761,1.22725,1.22785,1.22722,6193
2018-04-09 02:00:00,1.22701,1.22726,1.22731,1.22647,1.22726,1.22749,1.22754,1.22671,3642
2018-04-09 03:00:00,1.22726,1.22713,1.22743,1.22674,1.22749,1.22737,1.22766,1.22698,4938
2018-04-09 04:00:00,1.22713,1.22762,1.22763,1.22709,1.22737,1.22786,1.22787,1.22733,2723
2018-04-09 05:00:00,1.22762,1.22809,1.22848,1.22735,1.22786,1.22832,1.22871,1.2276,4677
2018-04-09 06:00:00,1.22808,1.22772,1.22852,1.22717,1.22832,1.22798,1.22877,1.2274,17006
2018-04-09 07:00:00,1.22772,1.22809,1.22852,1.22591,1.22798,1.22833,1.22876,1.22616,25079
2018-04-09 08:00:00,1.2281,1.22789,1.22838,1.22739,1.22834,1.22814,1.22862,1.22763,12975
2018-04-09 09:00:00,1.22789,1.22664,1.22833,1.22661,1.22814,1.22688,1.22856,1.22684,10336
2018-04-09 10:00:00,1.22663,1.22717,1.2274,1.22612,1.22687,1.2274,1.22762,1.22633,12836
2018-04-09 11:00:00,1.22718,1.22827,1.22851,1.2265,1.2274,1.2285,1.22873,1.22673,10803
2018-04-09 12:00:00,1.22827,1.2312,1.23123,1.22811,1.2285,1.23145,1.23149,1.22834,17248
2018-04-09 13:00:00,1.2312,1.23225,1.23259,1.23106,1.23144,1.23249,1.23283,1.2313,13819
2018-04-09 14:00:00,1.23225,1.23101,1.23296,1.23087,1.2325,1.23125,1.2332,1.23112,17426
2018-04-09 15:00:00,1.23101,1.23177,1.23256,1.23061,1.23125,1.23201,1.23279,1.23084,12175
2018-04-09 16:00:00,1.23176,1.23171,1.23262,1.23117,1.23201,1.23195,1.23283,1.23138,9127
2018-04-09 17:00:00,1.23171,1.23163,1.23227,1.23114,1.23195,1.23187,1.23248,1.23137,8900
2018-04-09 18:00:00,1.23162,1.23205,1.23242,1.23134,1.23186,1.23228,1.23266,1.23157,8471
2018-04-09 19:00:00,1.23206,1.23214,1.23244,1.23146,1.23228,1.23238,1.23268,1.23169,8463
2018-04-09 20:00:00,1.23213,1.23181,1.23213,1.23157,1.23237,1.23232,1.23237,1.23179,2367
2018-04-09 21:00:00,1.23182,1.23217,1.23218,1.23169,1.23232,1.23262,1.23262,1.23204,5253
2018-04-09 22:00:00,1.23217,1.23211,1.23256,1.232,1.23262,1.23235,1.2328,1.23235,4653
2018-04-09 23:00:00,1.23211,1.23194,1.23235,1.23194,1.23235,1.23219,1.23259,1.23219,1972
2018-04-10 00:00:00,1.23194,1.23242,1.23278,1.23194,1.23219,1.23265,1.23302,1.23218,4320
2018-04-10 01:00:00,1.23242,1.23155,1.23257,1.2315,1.23264,1.23178,1.2328,1.23174,5790
2018-04-10 02:00:00,1.23155,1.23117,1.23161,1.23056,1.23178,1.2314,1.23185,1.23079,7344
2018-04-10 03:00:00,1.23117,1.23138,1.23172,1.23091,1.23141,1.2316,1.23196,1.23115,6029
2018-04-10 04:00:00,1.23138,1.23176,1.23176,1.23104,1.2316,1.23199,1.23199,1.23127,1623
2018-04-10 05:00:00,1.23176,1.23069,1.23176,1.23067,1.23199,1.23092,1.23199,1.2309,3995
2018-04-10 06:00:00,1.23069,1.23145,1.23181,1.23017,1.23092,1.23168,1.23205,1.2304,11658
2018-04-10 07:00:00,1.23145,1.23288,1.23342,1.23081,1.23168,1.23311,1.23366,1.23105,20840
2018-04-10 08:00:00,1.23288,1.23239,1.23295,1.23115,1.23311,1.23263,1.2332,1.23139,16821
2018-04-10 09:00:00,1.23239,1.23207,1.23296,1.23183,1.23263,1.2323,1.23319,1.23203,9802
2018-04-10 10:00:00,1.23207,1.23238,1.23268,1.23166,1.2323,1.23262,1.23291,1.23189,9631
2018-04-10 11:00:00,1.23237,1.23589,1.23764,1.23198,1.23262,1.23612,1.23789,1.2322,42648
2018-04-10 12:00:00,1.23589,1.23473,1.2364,1.23398,1.23612,1.23499,1.23663,1.2342,16492
2018-04-10 13:00:00,1.23473,1.23636,1.2367,1.23449,1.23499,1.2366,1.23693,1.23469,18349
2018-04-10 14:00:00,1.23637,1.23486,1.2366,1.23451,1.23661,1.2351,1.23683,1.23474,18557
2018-04-10 15:00:00,1.23486,1.2336,1.23593,1.23231,1.2351,1.23385,1.23616,1.23255,26593
2018-04-10 16:00:00,1.23359,1.23389,1.23467,1.2335,1.23384,1.23413,1.2349,1.23374,11855
2018-04-10 17:00:00,1.2339,1.23447,1.23575,1.23389,1.23414,1.23471,1.23599,1.23413,12946
2018-04-10 18:00:00,1.23446,1.23595,1.23601,1.23429,1.2347,1.23618,1.23625,1.23453,12077
2018-04-10 19:00:00,1.23595,1.23527,1.23601,1.23516,1.23618,1.23551,1.23625,1.23538,7270
2018-04-10 20:00:00,1.23527,1.23541,1.23555,1.23515,1.23551,1.23575,1.23583,1.23539,1499
2018-04-10 21:00:00,1.2354,1.23517,1.23561,1.23489,1.23574,1.23551,1.23608,1.23521,2739
2018-04-10 22:00:00,1.23518,1.23563,1.23573,1.23518,1.23551,1.23588,1.23598,1.23549,2514
2018-04-10 23:00:00,1.23562,1.23616,1.23636,1.23561,1.23588,1.2364,1.23662,1.23588,2844
2018-04-11 00:00:00,1.23616,1.23598,1.2364,1.23571,1.2364,1.23622,1.23666,1.23595,5990
2018-04-11 01:00:00,1.23598,1.23532,1.23619,1.23515,1.23623,1.23556,1.23644,1.23539,5184
2018-04-11 02:00:00,1.23532,1.23572,1.23619,1.23532,1.23556,1.23597,1.23642,1.23556,3965
2018-04-11 03:00:00,1.23571,1.23618,1.23629,1.23561,1.23596,1.2364,1.23652,1.23584,2225
2018-04-11 04:00:00,1.23618,1.23627,1.23632,1.23593,1.23641,1.23651,1.23656,1.23617,2026
2018-04-11 05:00:00,1.23627,1.23634,1.23688,1.23616,1.23651,1.23659,1.23711,1.2364,3874
2018-04-11 06:00:00,1.23634,1.23753,1.23804,1.23616,1.23659,1.23776,1.23827,1.2364,11194
2018-04-11 07:00:00,1.23753,1.23751,1.23862,1.23707,1.23776,1.23775,1.23886,1.23731,17235
2018-04-11 08:00:00,1.23751,1.23761,1.23761,1.2361,1.23775,1.23783,1.23784,1.23633,11989
2018-04-11 09:00:00,1.23761,1.23768,1.23778,1.23611,1.23782,1.23794,1.23801,1.23635,10497
2018-04-11 10:00:00,1.23769,1.23739,1.23834,1.2367,1.23794,1.23763,1.23859,1.23693,9797
2018-04-11 11:00:00,1.23739,1.23743,1.23877,1.23694,1.23763,1.23765,1.23901,1.23718,17888
2018-04-11 12:00:00,1.23743,1.23742,1.23953,1.23722,1.23765,1.23767,1.23995,1.23745,19927
2018-04-11 13:00:00,1.23742,1.2374,1.23794,1.2367,1.23767,1.23764,1.23818,1.23694,13986
2018-04-11 14:00:00,1.2374,1.23826,1.23918,1.2372,1.23764,1.23849,1.23943,1.23743,19971
2018-04-11 15:00:00,1.23827,1.23828,1.23896,1.23783,1.2385,1.23851,1.23918,1.23806,18720
2018-04-11 16:00:00,1.23828,1.23735,1.23839,1.23699,1.2385,1.23761,1.2386,1.2372,12739
2018-04-11 17:00:00,1.23736,1.23709,1.2377,1.23675,1.23761,1.23738,1.23793,1.23697,10186
2018-04-11 18:00:00,1.23709,1.23615,1.23721,1.23458,1.23738,1.23638,1.23746,1.23483,14633
2018-04-11 19:00:00,1.23615,1.23606,1.23657,1.23589,1.23638,1.23629,1.23681,1.23612,7858
2018-04-11 20:00:00,1.23606,1.23655,1.23697,1.23593,1.23629,1.2369,1.23721,1.23617,2520
2018-04-11 21:00:00,1.23655,1.23656,1.23706,1.23615,1.2369,1.2369,1.23745,1.23655,6972
2018-04-11 22:00:00,1.23656,1.23691,1.23701,1.23651,1.2369,1.23714,1.23726,1.2368,2552
2018-04-11 23:00:00,1.23691,1.23707,1.23712,1.23664,1.23714,1.23731,1.23737,1.2369,1416
2018-04-12 00:00:00,1.23707,1.23748,1.23786,1.23704,1.23731,1.23772,1.2381,1.23726,4730
2018-04-12 01:00:00,1.23747,1.23687,1.23771,1.23662,1.23771,1.23711,1.23795,1.23686,3321
2018-04-12 02:00:00,1.23688,1.23639,1.23692,1.23629,1.23712,1.23662,1.23716,1.23651,3795
2018-04-12 03:00:00,1.23639,1.23674,1.23685,1.23616,1.23662,1.23698,1.2371,1.23639,2730
2018-04-12 04:00:00,1.23674,1.23573,1.23678,1.23559,1.23698,1.23597,1.23702,1.23583,3430
2018-04-12 05:00:00,1.23573,1.23557,1.23596,1.23542,1.23597,1.2358,1.23619,1.23566,3835
2018-04-12 06:00:00,1.23557,1.23615,1.23728,1.23525,1.2358,1.23639,1.23751,1.23547,10743
2018-04-12 07:00:00,1.23615,1.23675,1.23707,1.23585,1.23639,1.237,1.23731,1.23611,15616
2018-04-12 08:00:00,1.23675,1.23447,1.23719,1.2344,1.237,1.23473,1.23742,1.23464,13232
2018-04-12 09:00:00,1.23447,1.23393,1.23447,1.23298,1.23473,1.23417,1.23473,1.23322,18291
2018-04-12 10:00:00,1.23393,1.23366,1.23419,1.23264,1.23417,1.2339,1.2344,1.23288,13880
2018-04-12 11:00:00,1.23366,1.23198,1.23506,1.2319,1.2339,1.23222,1.23529,1.23213,24047
2018-04-12 12:00:00,1.23198,1.23144,1.23263,1.2311,1.23222,1.23168,1.23289,1.23132,19273
2018-04-12 13:00:00,1.23145,1.23054,1.23187,1.22993,1.23169,1.23079,1.23211,1.23018,20548
2018-04-12 14:00:00,1.23054,1.23158,1.23167,1.22983,1.23079,1.2318,1.23191,1.23004,21939
2018-04-12 15:00:00,1.23158,1.23166,1.23221,1.2306,1.2318,1.2319,1.23245,1.23084,16357
2018-04-12 16:00:00,1.23165,1.2333,1.23348,1.2314,1.23189,1.23355,1.23371,1.23164,8578
2018-04-12 17:00:00,1.23331,1.2332,1.23394,1.23275,1.23356,1.23344,1.23417,1.23298,11185
2018-04-12 18:00:00,1.2332,1.23293,1.2333,1.23258,1.23344,1.23317,1.23355,1.23281,6762
2018-04-12 19:00:00,1.23293,1.23246,1.23303,1.23244,1.23317,1.23269,1.23326,1.23268,4894
2018-04-12 20:00:00,1.23246,1.23243,1.23303,1.23237,1.23269,1.23287,1.23327,1.23258,2591
2018-04-12 21:00:00,1.23242,1.23252,1.23273,1.23229,1.23286,1.23279,1.23304,1.2326,1855
2018-04-12 22:00:00,1.23252,1.23274,1.23284,1.23239,1.23279,1.23301,1.2331,1.23266,1405
2018-04-12 23:00:00,1.23275,1.23281,1.23287,1.2326,1.23302,1.23305,1.23313,1.23285,1482
2018-04-13 00:00:00,1.23281,1.23274,1.23318,1.2325,1.23305,1.23298,1.23342,1.23274,3917
2018-04-13 01:00:00,1.23274,1.23222,1.233,1.23207,1.23298,1.23245,1.23325,1.2323,3873
2018-04-13 02:00:00,1.23222,1.23283,1.23294,1.23203,1.23245,1.23306,1.23318,1.23228,3268
2018-04-13 03:00:00,1.23283,1.23288,1.23323,1.23265,1.23306,1.23312,1.23347,1.23288,2175
2018-04-13 04:00:00,1.23288,1.23278,1.23296,1.23264,1.23312,1.23302,1.23318,1.23289,1014
2018-04-13 05:00:00,1.23277,1.23262,1.23296,1.23246,1.23301,1.23287,1.2332,1.23269,2737
2018-04-13 06:00:00,1.23262,1.23222,1.23298,1.23161,1.23287,1.23246,1.23321,1.23185,15800
2018-04-13 07:00:00,1.23222,1.23398,1.23427,1.23193,1.23246,1.2342,1.2345,1.23217,19644
2018-04-13 08:00:00,1.23398,1.23339,1.23449,1.23281,1.2342,1.23363,1.23472,1.23304,14697
2018-04-13 09:00:00,1.23339,1.23336,1.23388,1.23285,1.23363,1.23359,1.23411,1.23309,10844
2018-04-13 10:00:00,1.23335,1.23215,1.23378,1.23211,1.23358,1.23239,1.23401,1.23233,9987
2018-04-13 11:00:00,1.23215,1.23113,1.23218,1.2306,1.23239,1.23137,1.23242,1.23083,15762
2018-04-13 12:00:00,1.23113,1.23151,1.23238,1.23082,1.23137,1.23174,1.23261,1.23107,8780
2018-04-13 13:00:00,1.23151,1.23235,1.23301,1.23148,1.23174,1.23261,1.23324,1.23171,11288
2018-04-13 14:00:00,1.23235,1.23272,1.23321,1.23196,1.23261,1.23295,1.23346,1.23218,16572
2018-04-13 15:00:00,1.23272,1.23196,1.23311,1.23183,1.23295,1.2322,1.23333,1.23207,13003
2018-04-13 16:00:00,1.23196,1.23407,1.2343,1.23182,1.2322,1.23431,1.23453,1.23204,9291
2018-04-13 17:00:00,1.23407,1.23349,1.23415,1.23295,1.23431,1.23373,1.23439,1.23319,7224
2018-04-13 18:00:00,1.23349,1.23304,1.23351,1.23278,1.23373,1.23325,1.23375,1.23301,6211
2018-04-13 19:00:00,1.23304,1.23362,1.23402,1.23302,1.23325,1.23385,1.23426,1.23325,9903
2018-04-13 20:00:00,1.23362,1.23281,1.23392,1.23257,1.23385,1.23345,1.23416,1.23307,2733
2018-04-15 19:00:00,1.23258,1.23301,1.23366,1.23258,1.23333,1.23349,1.23434,1.23312,17
2018-04-15 20:00:00,1.23301,1.23309,1.23351,1.23288,1.23349,1.23377,1.23429,1.23335,50
2018-04-15 21:00:00,1.23309,1.23269,1.23353,1.23207,1.23377,1.23323,1.2342,1.23274,1031
2018-04-15 22:00:00,1.23269,1.23274,1.23334,1.2324,1.23323,1.23299,1.23379,1.23267,2900
2018-04-15 23:00:00,1.23274,1.23305,1.23325,1.23271,1.23299,1.23329,1.23349,1.23296,1459
2018-04-16 00:00:00,1.23304,1.23379,1.23391,1.233,1.23328,1.23403,1.23415,1.23323,4498
2018-04-16 01:00:00,1.23379,1.23351,1.23416,1.2333,1.23403,1.23377,1.2344,1.23354,3359
2018-04-16 02:00:00,1.23352,1.23389,1.23405,1.23324,1.23377,1.23414,1.23429,1.23349,2756
2018-04-16 03:00:00,1.23389,1.23371,1.23396,1.23366,1.23414,1.23393,1.23419,1.2339,1434
2018-04-16 04:00:00,1.23371,1.23298,1.23371,1.23298,1.23393,1.23323,1.23393,1.23323,1735
2018-04-16 05:00:00,1.23298,1.23287,1.23323,1.23265,1.23323,1.23311,1.23346,1.23289,2348
2018-04-16 06:00:00,1.23287,1.2326,1.23377,1.2323,1.23311,1.23284,1.234,1.23252,10329
2018-04-16 07:00:00,1.2326,1.23557,1.23586,1.2325,1.23284,1.2358,1.23609,1.23272,17203
2018-04-16 08:00:00,1.23557,1.23634,1.23675,1.23518,1.2358,1.23658,1.23699,1.23542,14108
2018-04-16 09:00:00,1.23633,1.23629,1.23727,1.23554,1.23657,1.23653,1.23751,1.23578,11141
2018-04-16 10:00:00,1.2363,1.23631,1.23646,1.23582,1.23654,1.23654,1.23669,1.23605,8361
2018-04-16 11:00:00,1.2363,1.23684,1.23723,1.23611,1.23653,1.23706,1.23745,1.23632,6884
2018-04-16 12:00:00,1.23685,1.23802,1.23821,1.23575,1.23707,1.23826,1.23844,1.23598,13249
2018-04-16 13:00:00,1.23802,1.23881,1.23935,1.23766,1.23826,1.23904,1.23959,1.23788,16577
2018-04-16 14:00:00,1.23881,1.23659,1.23909,1.23653,1.23904,1.23682,1.23932,1.23675,17921
2018-04-16 15:00:00,1.23659,1.23717,1.23719,1.23613,1.23682,1.23741,1.23741,1.23637,11250
2018-04-16 16:00:00,1.23717,1.23816,1.23842,1.23681,1.23741,1.2384,1.23865,1.23706,9437
2018-04-16 17:00:00,1.23816,1.2376,1.23821,1.23749,1.2384,1.23783,1.23844,1.23773,6505
2018-04-16 18:00:00,1.2376,1.23798,1.23816,1.23753,1.23783,1.23822,1.23839,1.23777,5337
2018-04-16 19:00:00,1.23798,1.23747,1.23809,1.23733,1.23822,1.23771,1.23833,1.23757,3501
2018-04-16 20:00:00,1.23747,1.23771,1.23828,1.23743,1.23771,1.23816,1.23852,1.23765,2530
2018-04-16 21:00:00,1.23771,1.23788,1.23808,1.23771,1.23816,1.23818,1.23842,1.23808,2240
2018-04-16 22:00:00,1.23788,1.23805,1.23829,1.23778,1.23818,1.2383,1.23856,1.23805,1954
2018-04-16 23:00:00,1.23805,1.23828,1.23842,1.23781,1.2383,1.2385,1.23866,1.23805,1789
2018-04-17 00:00:00,1.23828,1.23824,1.23865,1.23816,1.23851,1.23848,1.23889,1.23841,2714
2018-04-17 01:00:00,1.23824,1.23795,1.23867,1.23789,1.23848,1.23818,1.23891,1.23813,2790
2018-04-17 02:00:00,1.23795,1.23802,1.23802,1.23746,1.23818,1.23826,1.23827,1.2377,2412
2018-04-17 03:00:00,1.23802,1.23802,1.2383,1.23775,1.23826,1.23826,1.23854,1.23799,2087
2018-04-17 04:00:00,1.23802,1.23812,1.23853,1.23797,1.23826,1.23836,1.23876,1.23821,1439
2018-04-17 05:00:00,1.23812,1.23875,1.23879,1.23806,1.23836,1.23898,1.23903,1.2383,2587
2018-04-17 06:00:00,1.23875,1.24004,1.24037,1.23844,1.23898,1.24028,1.24059,1.23867,11327
2018-04-17 07:00:00,1.24004,1.24013,1.24126,1.23939,1.24028,1.24036,1.2415,1.23963,14809
2018-04-17 08:00:00,1.24013,1.23843,1.24018,1.23829,1.24036,1.23872,1.24042,1.23858,11628
2018-04-17 09:00:00,1.23843,1.23711,1.23859,1.23636,1.23872,1.23734,1.23883,1.23662,11726
2018-04-17 10:00:00,1.23711,1.23704,1.23727,1.23607,1.23734,1.23727,1.2375,1.23631,8689
2018-04-17 11:00:00,1.23703,1.23662,1.23795,1.23656,1.23727,1.23686,1.23818,1.23679,8236
2018-04-17 12:00:00,1.23662,1.23466,1.23667,1.23442,1.23686,1.2349,1.23691,1.23464,15590
2018-04-17 13:00:00,1.23466,1.23502,1.23603,1.23448,1.2349,1.23526,1.23626,1.2347,14348
2018-04-17 14:00:00,1.23501,1.23449,1.23534,1.23351,1.23525,1.23473,1.23557,1.23372,19212
2018-04-17 15:00:00,1.23449,1.23436,1.23483,1.23352,1.23473,1.23459,1.23505,1.23373,13827
2018-04-17 16:00:00,1.23436,1.2354,1.23559,1.23369,1.23459,1.23565,1.23582,1.23392,10206
2018-04-17 17:00:00,1.2354,1.23621,1.23667,1.23527,1.23564,1.23645,1.23693,1.23551,9160
2018-04-17 18:00:00,1.23621,1.23666,1.23707,1.23598,1.23645,1.2369,1.2373,1.23621,6486
2018-04-17 19:00:00,1.23666,1.2371,1.23717,1.23635,1.2369,1.23734,1.2374,1.23659,6688
2018-04-17 20:00:00,1.23711,1.23673,1.23751,1.23663,1.23734,1.23723,1.23774,1.23702,2782
2018-04-17 21:00:00,1.23673,1.23726,1.23739,1.23653,1.23723,1.23754,1.23777,1.23698,4831
2018-04-17 22:00:00,1.23726,1.23707,1.2374,1.23696,1.23754,1.23733,1.23764,1.23718,1116
2018-04-17 23:00:00,1.23708,1.23714,1.23726,1.23684,1.23733,1.23739,1.23752,1.23708,1469
2018-04-18 00:00:00,1.23714,1.2369,1.23731,1.23687,1.23739,1.23715,1.23755,1.23712,3237
2018-04-18 01:00:00,1.2369,1.23703,1.23729,1.23637,1.23715,1.23728,1.23752,1.23663,4226
2018-04-18 02:00:00,1.23703,1.23788,1.23795,1.23703,1.23727,1.23812,1.23821,1.23727,2651
2018-04-18 03:00:00,1.23789,1.23806,1.23812,1.23711,1.23813,1.23829,1.23836,1.23735,1975
2018-04-18 04:00:00,1.23805,1.23761,1.23806,1.23754,1.23828,1.23784,1.23829,1.23777,1534
2018-04-18 05:00:00,1.23761,1.23754,1.23768,1.2369,1.23784,1.23778,1.23794,1.23713,2352
2018-04-18 06:00:00,1.23755,1.2362,1.23797,1.236,1.23779,1.23642,1.2382,1.23624,13504
2018-04-18 07:00:00,1.23619,1.23628,1.23666,1.23476,1.23642,1.23652,1.23689,1.23499,16568
2018-04-18 08:00:00,1.23629,1.23583,1.23713,1.23566,1.23653,1.23613,1.23735,1.2359,19427
2018-04-18 09:00:00,1.23583,1.23626,1.23738,1.23404,1.23613,1.23649,1.23763,1.23431,18108
2018-04-18 10:00:00,1.23626,1.23715,1.23717,1.23587,1.23649,1.23739,1.23742,1.23611,9206
2018-04-18 11:00:00,1.23715,1.23817,1.23916,1.23702,1.23739,1.23837,1.2394,1.23725,13583
2018-04-18 12:00:00,1.23817,1.23904,1.23942,1.23803,1.23837,1.23928,1.23965,1.23827,10530
2018-04-18 13:00:00,1.23904,1.2384,1.2396,1.23792,1.23928,1.23863,1.23983,1.23815,16426
2018-04-18 14:00:00,1.2384,1.23757,1.23961,1.23735,1.23863,1.2378,1.23985,1.23758,22110
2018-04-18 15:00:00,1.23757,1.23787,1.23821,1.23698,1.2378,1.2381,1.23845,1.23722,15064
2018-04-18 16:00:00,1.23787,1.23889,1.23917,1.2371,1.23809,1.23913,1.2394,1.23734,13350
2018-04-18 17:00:00,1.2389,1.23815,1.23919,1.23776,1.23913,1.23838,1.23942,1.238,8966
2018-04-18 18:00:00,1.23815,1.23761,1.23859,1.2374,1.23838,1.23784,1.23883,1.23761,8075
2018-04-18 19:00:00,1.23762,1.23737,1.23777,1.23711,1.23785,1.23761,1.23801,1.23735,6311
2018-04-18 20:00:00,1.23737,1.23717,1.23796,1.23717,1.23761,1.23751,1.23818,1.23751,2401
2018-04-18 21:00:00,1.23717,1.23773,1.23787,1.23709,1.23752,1.238,1.23827,1.23748,4469
2018-04-18 22:00:00,1.23773,1.23781,1.2382,1.23765,1.238,1.23806,1.23844,1.23794,1300
2018-04-18 23:00:00,1.23781,1.23776,1.23826,1.23775,1.23806,1.238,1.2385,1.23799,1575
2018-04-19 00:00:00,1.23776,1.23711,1.23781,1.23694,1.238,1.23736,1.23805,1.23717,3271
2018-04-19 01:00:00,1.23711,1.23668,1.23737,1.23636,1.23736,1.2369,1.23762,1.23658,4442
2018-04-19 02:00:00,1.23668,1.23765,1.23776,1.23661,1.2369,1.23789,1.23801,1.23684,2527
2018-04-19 03:00:00,1.23764,1.23774,1.23843,1.23761,1.23788,1.23798,1.23867,1.23784,3496
2018-04-19 04:00:00,1.23774,1.23769,1.23825,1.23757,1.23798,1.23794,1.23849,1.23781,2075
2018-04-19 05:00:00,1.2377,1.23734,1.2383,1.23729,1.23794,1.23757,1.23853,1.23752,3505
2018-04-19 06:00:00,1.23734,1.23793,1.23808,1.23661,1.23757,1.23817,1.23831,1.23685,12460
2018-04-19 07:00:00,1.23793,1.23871,1.23991,1.23792,1.23817,1.23896,1.24014,1.23816,20181
2018-04-19 08:00:00,1.23871,1.23652,1.23879,1.23589,1.23896,1.23674,1.23903,1.23614,19030
2018-04-19 09:00:00,1.23652,1.23686,1.23689,1.23533,1.23673,1.2371,1.2371,1.23554,12538
2018-04-19 10:00:00,1.23687,1.23656,1.23721,1.23545,1.2371,1.23679,1.23746,1.23569,13655
2018-04-19 11:00:00,1.23656,1.23796,1.23798,1.23621,1.23679,1.23821,1.23822,1.23643,10808
2018-04-19 12:00:00,1.23797,1.23782,1.23845,1.23709,1.23821,1.23805,1.23868,1.23732,16074
2018-04-19 13:00:00,1.23781,1.23686,1.23835,1.23686,1.23805,1.23711,1.23859,1.2371,18247
2018-04-19 14:00:00,1.23686,1.23635,1.23812,1.23626,1.23712,1.23657,1.23835,1.23651,15540
2018-04-19 15:00:00,1.23635,1.23352,1.23645,1.2328,1.23657,1.23375,1.2367,1.23305,19629
2018-04-19 16:00:00,1.23352,1.23435,1.23471,1.23318,1.23375,1.2346,1.23495,1.23341,13115
2018-04-19 17:00:00,1.23435,1.23449,1.23573,1.23346,1.2346,1.23473,1.23598,1.23369,20994
2018-04-19 18:00:00,1.23449,1.23368,1.23492,1.23358,1.23473,1.23391,1.23516,1.23381,8483
2018-04-19 19:00:00,1.23368,1.23475,1.23511,1.23356,1.23391,1.23498,1.23535,1.2338,9216
2018-04-19 20:00:00,1.23474,1.23432,1.23513,1.23422,1.23497,1.23481,1.23537,1.23447,2236
2018-04-19 21:00:00,1.23432,1.23445,1.23467,1.2343,1.23482,1.23476,1.23512,1.2346,3275
2018-04-19 22:00:00,1.23445,1.23416,1.23453,1.23415,1.23476,1.23439,1.23479,1.23439,1208
2018-04-19 23:00:00,1.23417,1.23422,1.23456,1.23417,1.2344,1.23445,1.2348,1.2344,1294
2018-04-20 00:00:00,1.23422,1.23461,1.23477,1.23376,1.23445,1.23485,1.235,1.23402,4596
2018-04-20 01:00:00,1.2346,1.23415,1.23472,1.23354,1.23484,1.23439,1.23494,1.23378,4059
2018-04-20 02:00:00,1.23415,1.23365,1.23457,1.23357,1.23439,1.23391,1.2348,1.23381,2654
2018-04-20 03:00:00,1.23365,1.23402,1.23411,1.23351,1.23391,1.23425,1.23433,1.23374,2117
2018-04-20 04:00:00,1.23403,1.23399,1.23416,1.23382,1.23426,1.23422,1.2344,1.23405,1645
2018-04-20 05:00:00,1.23399,1.23406,1.23447,1.23373,1.23422,1.23432,1.2347,1.23396,3505
2018-04-20 06:00:00,1.23405,1.23411,1.2349,1.23323,1.23432,1.23435,1.23513,1.23345,14078
2018-04-20 07:00:00,1.23411,1.23239,1.23518,1.23234,1.23436,1.23261,1.23542,1.23258,18529
2018-04-20 08:00:00,1.23239,1.23135,1.23326,1.23109,1.23261,1.23159,1.2335,1.23132,13293
2018-04-20 09:00:00,1.23135,1.23005,1.23147,1.22939,1.23159,1.23029,1.23171,1.2296,13808
2018-04-20 10:00:00,1.23005,1.23014,1.23018,1.22919,1.23029,1.23038,1.23044,1.22942,10924
2018-04-20 11:00:00,1.23013,1.23032,1.231,1.22944,1.23037,1.23056,1.23124,1.22968,10969
2018-04-20 12:00:00,1.23032,1.22893,1.23109,1.22889,1.23056,1.22917,1.23131,1.22911,12947
2018-04-20 13:00:00,1.22893,1.22654,1.2295,1.22648,1.22917,1.22678,1.22974,1.22673,19098
2018-04-20 14:00:00,1.22653,1.22775,1.22782,1.22483,1.22677,1.22801,1.22808,1.2251,30420
2018-04-20 15:00:00,1.22776,1.22805,1.22877,1.22695,1.22801,1.22829,1.22901,1.22718,18611
2018-04-20 16:00:00,1.22805,1.22957,1.22992,1.22792,1.22829,1.22979,1.23011,1.22814,10502
2018-04-20 17:00:00,1.22957,1.22856,1.22957,1.22852,1.22978,1.22879,1.22978,1.22876,6207
2018-04-20 18:00:00,1.22856,1.22816,1.22889,1.22807,1.22879,1.22839,1.22912,1.2283,4532
2018-04-20 19:00:00,1.22816,1.22801,1.22834,1.2279,1.22839,1.22827,1.22858,1.22813,5225
2018-04-20 20:00:00,1.22801,1.22843,1.22914,1.22788,1.22826,1.22907,1.22941,1.22812,3137
2018-04-22 19:00:00,1.22689,1.22641,1.22722,1.22638,1.22761,1.22691,1.22782,1.22664,151
2018-04-22 20:00:00,1.22641,1.22723,1.22747,1.22641,1.22691,1.22801,1.22803,1.22691,285
2018-04-22 21:00:00,1.22723,1.22808,1.22826,1.22723,1.22801,1.22852,1.22888,1.22793,591
2018-04-22 22:00:00,1.22808,1.22788,1.22873,1.22754,1.22852,1.22812,1.229,1.22798,4367
2018-04-22 23:00:00,1.22788,1.22727,1.22816,1.22717,1.22812,1.22751,1.22842,1.2274,2434
2018-04-23 00:00:00,1.22728,1.22696,1.2278,1.22672,1.22752,1.2272,1.22804,1.22695,4861
2018-04-23 01:00:00,1.22696,1.22774,1.22785,1.22639,1.2272,1.22796,1.22808,1.22661,4603
2018-04-23 02:00:00,1.22774,1.22743,1.22774,1.22725,1.22797,1.22766,1.22797,1.22749,2695
2018-04-23 03:00:00,1.22743,1.22707,1.22744,1.22701,1.22766,1.2273,1.22768,1.22725,1518
2018-04-23 04:00:00,1.22707,1.22707,1.22717,1.22687,1.2273,1.22731,1.2274,1.2271,1380
2018-04-23 05:00:00,1.22707,1.22697,1.2274,1.22646,1.2273,1.2272,1.22762,1.2267,2273
2018-04-23 06:00:00,1.22698,1.22727,1.22794,1.22672,1.22721,1.22754,1.22817,1.22695,9188
2018-04-23 07:00:00,1.22727,1.22634,1.22883,1.22618,1.22754,1.22659,1.22907,1.22643,21320
2018-04-23 08:00:00,1.22634,1.22372,1.22674,1.22363,1.22659,1.22398,1.22698,1.22389,17848
2018-04-23 09:00:00,1.22372,1.22312,1.22399,1.22252,1.22398,1.22336,1.22422,1.22275,13324
2018-04-23 10:00:00,1.22312,1.22278,1.22351,1.22245,1.22336,1.22302,1.22374,1.22269,12539
2018-04-23 11:00:00,1.22278,1.22351,1.22357,1.2224,1.22302,1.22374,1.2238,1.22263,9051
2018-04-23 12:00:00,1.22351,1.22395,1.22433,1.22314,1.22375,1.2242,1.22456,1.22337,13985
2018-04-23 13:00:00,1.22395,1.22213,1.22447,1.22176,1.2242,1.22239,1.22469,1.222,14371
2018-04-23 14:00:00,1.22213,1.22196,1.22356,1.2214,1.22239,1.22219,1.22379,1.22163,14208
2018-04-23 15:00:00,1.22195,1.22137,1.22246,1.22093,1.22219,1.22162,1.22269,1.22117,16265
2018-04-23 16:00:00,1.22137,1.22168,1.22216,1.22107,1.22162,1.22192,1.2224,1.2213,9594
2018-04-23 17:00:00,1.22168,1.22019,1.22169,1.22015,1.22192,1.22043,1.22193,1.22036,5472
2018-04-23 18:00:00,1.2202,1.2202,1.22151,1.22016,1.22044,1.22045,1.22175,1.22041,7103
2018-04-23 19:00:00,1.2202,1.22066,1.22092,1.21964,1.22045,1.22089,1.22115,1.21986,7676
2018-04-23 20:00:00,1.22066,1.22068,1.22079,1.22036,1.22089,1.22107,1.22107,1.2206,1765
2018-04-23 21:00:00,1.22068,1.22073,1.22081,1.22038,1.22107,1.22099,1.22112,1.22078,2387
2018-04-23 22:00:00,1.22073,1.22089,1.221,1.22055,1.22099,1.22113,1.22124,1.2208,1625
2018-04-23 23:00:00,1.22088,1.22081,1.22098,1.22066,1.22112,1.22105,1.22122,1.2209,1371
2018-04-24 00:00:00,1.22081,1.22056,1.22103,1.22005,1.22105,1.2208,1.22127,1.2203,4311
2018-04-24 01:00:00,1.22056,1.22034,1.22074,1.21834,1.2208,1.22059,1.22098,1.21859,10378
2018-04-24 02:00:00,1.22033,1.2207,1.22107,1.22012,1.22059,1.22093,1.2213,1.22035,4212
2018-04-24 03:00:00,1.22071,1.22121,1.22135,1.2206,1.22094,1.22144,1.22159,1.22083,2526
2018-04-24 04:00:00,1.2212,1.22123,1.22123,1.22071,1.22144,1.22146,1.22146,1.22094,1239
2018-04-24 05:00:00,1.22123,1.22152,1.22186,1.22119,1.22146,1.22177,1.22208,1.22142,2587
2018-04-24 06:00:00,1.22152,1.22013,1.22228,1.22007,1.22177,1.22035,1.2225,1.22032,12769
2018-04-24 07:00:00,1.22013,1.21951,1.22102,1.21879,1.22035,1.21979,1.22125,1.21903,16374
2018-04-24 08:00:00,1.21951,1.22019,1.22025,1.21806,1.21979,1.22042,1.22048,1.2183,16382
2018-04-24 09:00:00,1.22019,1.22069,1.22088,1.21959,1.22042,1.22094,1.22112,1.21981,10425
2018-04-24 10:00:00,1.2207,1.22098,1.22217,1.2207,1.22094,1.22121,1.2224,1.22092,12661
2018-04-24 11:00:00,1.22097,1.22202,1.22219,1.22073,1.2212,1.22225,1.22242,1.22094,10556
2018-04-24 12:00:00,1.22202,1.22056,1.22208,1.21953,1.22225,1.2208,1.22231,1.21976,16332
2018-04-24 13:00:00,1.22056,1.22304,1.22337,1.22002,1.2208,1.22338,1.22361,1.22024,25386
2018-04-24 14:00:00,1.22305,1.22137,1.22336,1.22122,1.22339,1.2216,1.2236,1.22145,20676
2018-04-24 15:00:00,1.22137,1.22267,1.2228,1.22083,1.22159,1.22288,1.22303,1.22107,14104
2018-04-24 16:00:00,1.22267,1.22393,1.22425,1.22215,1.22288,1.22417,1.22446,1.22236,12190
2018-04-24 17:00:00,1.22393,1.22409,1.22418,1.22307,1.22417,1.22434,1.22442,1.2233,10523
2018-04-24 18:00:00,1.2241,1.22359,1.22437,1.22338,1.22435,1.22383,1.2246,1.22361,9758
2018-04-24 19:00:00,1.22359,1.22318,1.22399,1.22309,1.22383,1.22341,1.22424,1.22332,5385
2018-04-24 20:00:00,1.22318,1.22305,1.22343,1.22296,1.22341,1.22349,1.22368,1.22327,1892
2018-04-24 21:00:00,1.22305,1.22325,1.22338,1.22296,1.22349,1.22351,1.22367,1.2233,2578
2018-04-24 22:00:00,1.22324,1.22317,1.22327,1.223,1.22351,1.22341,1.22351,1.22322,1366
2018-04-24 23:00:00,1.22318,1.22363,1.22377,1.22313,1.22342,1.22387,1.22401,1.22337,1689
2018-04-25 00:00:00,1.22363,1.22284,1.22363,1.22235,1.22387,1.22307,1.22387,1.22258,3969
2018-04-25 01:00:00,1.22284,1.22205,1.22296,1.22194,1.22307,1.22229,1.22319,1.22218,4486
2018-04-25 02:00:00,1.22205,1.22246,1.22272,1.222,1.22229,1.22269,1.22296,1.22224,2231
2018-04-25 03:00:00,1.22246,1.22224,1.22298,1.22217,1.22269,1.22247,1.2232,1.22241,1497
2018-04-25 04:00:00,1.22224,1.22161,1.22225,1.22143,1.22247,1.22185,1.22248,1.22166,2150
2018-04-25 05:00:00,1.22161,1.2213,1.22174,1.22091,1.22185,1.22154,1.22197,1.22115,4212
2018-04-25 06:00:00,1.2213,1.22125,1.22167,1.22041,1.22154,1.22147,1.2219,1.22065,14045
2018-04-25 07:00:00,1.22125,1.21869,1.22126,1.21868,1.22147,1.21893,1.2215,1.21892,14858
2018-04-25 08:00:00,1.21869,1.22017,1.22027,1.21855,1.21893,1.2204,1.2205,1.21879,13027
2018-04-25 09:00:00,1.22017,1.22046,1.22144,1.21992,1.2204,1.22069,1.22166,1.22016,8285
2018-04-25 10:00:00,1.22046,1.22012,1.22108,1.2197,1.22069,1.22034,1.2213,1.21994,10020
2018-04-25 11:00:00,1.22012,1.21763,1.2204,1.21738,1.22034,1.21786,1.22063,1.21762,17800
2018-04-25 12:00:00,1.21763,1.21823,1.21884,1.21693,1.21786,1.21848,1.21908,1.21716,19749
2018-04-25 13:00:00,1.21823,1.21869,1.21988,1.21796,1.21848,1.21892,1.22013,1.2182,18459
2018-04-25 14:00:00,1.21869,1.21709,1.21907,1.21668,1.21892,1.21733,1.21932,1.21691,19706
2018-04-25 15:00:00,1.21709,1.21755,1.21883,1.21704,1.21733,1.21779,1.21908,1.21729,15294
2018-04-25 16:00:00,1.21754,1.21839,1.21861,1.2169,1.21778,1.21863,1.21885,1.21714,10403
2018-04-25 17:00:00,1.21839,1.21753,1.21876,1.21747,1.21863,1.21777,1.21899,1.2177,7701
2018-04-25 18:00:00,1.21753,1.21743,1.21794,1.21716,1.21777,1.21768,1.21817,1.21737,5806
2018-04-25 19:00:00,1.21743,1.21699,1.21771,1.21696,1.21768,1.2172,1.21794,1.21719,6452
2018-04-25 20:00:00,1.21699,1.21587,1.2172,1.21586,1.2172,1.2163,1.21744,1.21617,3127
2018-04-25 21:00:00,1.21586,1.21609,1.21631,1.21585,1.21629,1.21636,1.21683,1.21614,2085
2018-04-25 22:00:00,1.2161,1.21676,1.2168,1.2159,1.21636,1.21701,1.21703,1.21612,3473
2018-04-25 23:00:00,1.21676,1.21695,1.21706,1.21664,1.21701,1.21718,1.21729,1.21688,1759
2018-04-26 00:00:00,1.21694,1.21714,1.21762,1.21622,1.21717,1.21736,1.21786,1.21646,5955
2018-04-26 01:00:00,1.21714,1.21742,1.21774,1.21668,1.21737,1.21766,1.21797,1.21692,4855
2018-04-26 02:00:00,1.21741,1.21704,1.21762,1.217,1.21765,1.21727,1.21785,1.21724,2083
2018-04-26 03:00:00,1.21705,1.21764,1.21806,1.21699,1.21727,1.21788,1.21829,1.21723,2150
2018-04-26 04:00:00,1.21763,1.21744,1.21792,1.21734,1.21788,1.21768,1.21815,1.21755,1866
2018-04-26 05:00:00,1.21745,1.2177,1.21801,1.21725,1.21769,1.21793,1.21824,1.21749,2682
2018-04-26 06:00:00,1.2177,1.21778,1.21873,1.21718,1.21793,1.21802,1.21896,1.21741,14523
2018-04-26 07:00:00,1.21778,1.21641,1.21863,1.21575,1.21802,1.21666,1.21887,1.21598,21055
2018-04-26 08:00:00,1.21642,1.21703,1.21788,1.21547,1.21666,1.21727,1.2181,1.2157,14513
2018-04-26 09:00:00,1.21703,1.21771,1.21856,1.21677,1.21727,1.21793,1.2188,1.217,12487
2018-04-26 10:00:00,1.21771,1.21821,1.21868,1.21706,1.21793,1.21846,1.21891,1.21729,9988
2018-04-26 11:00:00,1.21821,1.2156,1.21867,1.21522,1.21846,1.21585,1.2189,1.21547,17809
2018-04-26 12:00:00,1.21559,1.21982,1.22088,1.21439,1.21585,1.22009,1.22112,1.21463,65262
2018-04-26 13:00:00,1.21982,1.2172,1.22029,1.217,1.22009,1.21744,1.22053,1.21724,27471
2018-04-26 14:00:00,1.2172,1.21136,1.21727,1.21056,1.21744,1.2116,1.21754,1.21077,43382
2018-04-26 15:00:00,1.21137,1.2112,1.21193,1.20969,1.21161,1.21143,1.21216,1.20993,20761
2018-04-26 16:00:00,1.2112,1.21248,1.21282,1.21079,1.21143,1.21273,1.21305,1.21102,13170
2018-04-26 17:00:00,1.21248,1.2113,1.21293,1.21093,1.21273,1.21153,1.21315,1.21116,7853
2018-04-26 18:00:00,1.2113,1.21044,1.21146,1.20989,1.21153,1.21068,1.21169,1.21011,8414
2018-04-26 19:00:00,1.21044,1.21033,1.21056,1.20952,1.21068,1.21056,1.2108,1.20975,6513
2018-04-26 20:00:00,1.21032,1.21017,1.21063,1.21009,1.21056,1.21051,1.21086,1.2103,2295
2018-04-26 21:00:00,1.21018,1.21034,1.21066,1.21016,1.21052,1.21065,1.21115,1.21049,2350
2018-04-26 22:00:00,1.21034,1.21035,1.21084,1.21023,1.21065,1.21058,1.21108,1.21052,1676
2018-04-26 23:00:00,1.21035,1.21071,1.21082,1.2103,1.21058,1.21093,1.21105,1.21053,1235
2018-04-27 00:00:00,1.2107,1.21065,1.21083,1.21002,1.21092,1.21088,1.21107,1.21024,4689
2018-04-27 01:00:00,1.21066,1.21079,1.21088,1.20956,1.21089,1.21102,1.2111,1.20978,5031
2018-04-27 02:00:00,1.21079,1.21107,1.21122,1.21026,1.21102,1.2113,1.21146,1.2105,3201
2018-04-27 03:00:00,1.21107,1.2114,1.21153,1.21077,1.2113,1.21163,1.21177,1.21101,2427
2018-04-27 04:00:00,1.2114,1.21106,1.2114,1.21089,1.21163,1.21127,1.21163,1.21112,1898
2018-04-27 05:00:00,1.21106,1.21053,1.21112,1.21035,1.21127,1.21076,1.21134,1.21056,3379
2018-04-27 06:00:00,1.21053,1.20869,1.21097,1.2083,1.21077,1.20892,1.2112,1.20853,18355
2018-04-27 07:00:00,1.20869,1.20746,1.20889,1.20639,1.20892,1.20771,1.20912,1.20661,21266
2018-04-27 08:00:00,1.20746,1.20703,1.20838,1.20635,1.20771,1.20727,1.20862,1.20658,21262
2018-04-27 09:00:00,1.20704,1.20813,1.20862,1.20704,1.20728,1.20836,1.20885,1.20727,16761
2018-04-27 10:00:00,1.20813,1.20867,1.20941,1.20704,1.20836,1.2089,1.20965,1.20727,16906
2018-04-27 11:00:00,1.20867,1.2065,1.2088,1.2064,1.2089,1.20672,1.20903,1.20662,16444
2018-04-27 12:00:00,1.20649,1.20834,1.2087,1.20544,1.20672,1.20858,1.20893,1.20566,30640
2018-04-27 13:00:00,1.20834,1.20815,1.20936,1.20764,1.20858,1.20842,1.20958,1.20787,24041
2018-04-27 14:00:00,1.20815,1.20998,1.21167,1.20723,1.20842,1.21021,1.2119,1.20746,27654
2018-04-27 15:00:00,1.20998,1.21068,1.21117,1.20953,1.21021,1.21092,1.2114,1.20975,16403
2018-04-27 16:00:00,1.21068,1.21103,1.21144,1.21005,1.21092,1.21127,1.21168,1.21028,9102
2018-04-27 17:00:00,1.21103,1.21042,1.21109,1.20993,1.21127,1.21065,1.21131,1.21015,7140
2018-04-27 18:00:00,1.21042,1.21209,1.21221,1.21026,1.21065,1.21232,1.21244,1.21047,8660
2018-04-27 19:00:00,1.21209,1.21296,1.21319,1.21189,1.21232,1.21319,1.21342,1.21213,9674
2018-04-27 20:00:00,1.21296,1.21252,1.21303,1.21252,1.21319,1.2133,1.21351,1.21276,2396
2018-04-29 19:00:00,1.21214,1.21243,1.21276,1.21199,1.21291,1.21286,1.21321,1.21252,147
2018-04-29 20:00:00,1.21242,1.21215,1.21242,1.21188,1.21286,1.21259,1.21295,1.21214,233
2018-04-29 21:00:00,1.21215,1.21271,1.21288,1.21215,1.21259,1.21298,1.21322,1.21259,1238
2018-04-29 22:00:00,1.21271,1.21204,1.21276,1.21191,1.21298,1.21228,1.21302,1.21214,1879
2018-04-29 23:00:00,1.21204,1.21216,1.21217,1.21179,1.21228,1.21239,1.21241,1.21201,1892
2018-04-30 00:00:00,1.21216,1.21275,1.21308,1.21206,1.21239,1.21299,1.21332,1.21229,3208
2018-04-30 01:00:00,1.21275,1.21326,1.2133,1.21203,1.21299,1.21349,1.21354,1.21227,3890
2018-04-30 02:00:00,1.21326,1.21263,1.21327,1.21237,1.21349,1.21286,1.21351,1.21258,3789
2018-04-30 03:00:00,1.21263,1.21238,1.21297,1.2123,1.21286,1.21262,1.21319,1.21253,2682
2018-04-30 04:00:00,1.21237,1.21278,1.21284,1.21229,1.21261,1.21303,1.21307,1.21253,2703
2018-04-30 05:00:00,1.21278,1.21352,1.21371,1.21256,1.21303,1.21376,1.21395,1.21278,3754
2018-04-30 06:00:00,1.21353,1.2134,1.21377,1.21228,1.21377,1.21364,1.214,1.21251,18640
2018-04-30 07:00:00,1.2134,1.21173,1.21364,1.21075,1.21364,1.21197,1.21391,1.21097,20807
2018-04-30 08:00:00,1.21172,1.21029,1.2122,1.21009,1.21196,1.21051,1.21243,1.21031,12049
2018-04-30 09:00:00,1.2103,1.21171,1.21203,1.20972,1.21052,1.21194,1.21226,1.20995,13884
2018-04-30 10:00:00,1.21171,1.20949,1.21171,1.20878,1.21194,1.20971,1.21195,1.209,14013
2018-04-30 11:00:00,1.20949,1.20763,1.20951,1.20721,1.20972,1.20787,1.20974,1.20742,13807
2018-04-30 12:00:00,1.20763,1.20861,1.20886,1.20712,1.20787,1.20885,1.20909,1.20733,17150
2018-04-30 13:00:00,1.2086,1.20702,1.20891,1.20663,1.20884,1.20726,1.20915,1.20684,16782
2018-04-30 14:00:00,1.20703,1.20805,1.20871,1.20673,1.20727,1.20828,1.20893,1.20696,27212
2018-04-30 15:00:00,1.20805,1.20726,1.20861,1.20632,1.20828,1.20749,1.20883,1.20655,21105
2018-04-30 16:00:00,1.20726,1.20994,1.21052,1.20703,1.20749,1.21017,1.21075,1.20724,20293
2018-04-30 17:00:00,1.20994,1.20849,1.21006,1.20813,1.21017,1.20873,1.21029,1.20837,14186
2018-04-30 18:00:00,1.20849,1.20795,1.20943,1.20787,1.20873,1.20819,1.20964,1.2081,8885
2018-04-30 19:00:00,1.20795,1.20754,1.20829,1.20714,1.20819,1.20775,1.20851,1.20735,8068
2018-04-30 20:00:00,1.20754,1.20758,1.20812,1.20744,1.20776,1.20794,1.20835,1.20768,2449
2018-04-30 21:00:00,1.20758,1.20766,1.20809,1.20661,1.20794,1.20802,1.20848,1.20715,5366
2018-04-30 22:00:00,1.20766,1.20794,1.20795,1.20734,1.20802,1.20818,1.20821,1.20773,2109
2018-04-30 23:00:00,1.20794,1.20805,1.20831,1.2076,1.20818,1.20829,1.20855,1.20785,2540
2018-05-01 00:00:00,1.20805,1.20783,1.20819,1.20755,1.20829,1.20807,1.20843,1.20779,3787
